0.000000000000000000e+00
0.000000000000000000e+00
0.000000000000000000e+00
0.000000000000000000e+00
0.000000000000000000e+00
0.000000000000000000e+00
8.312889188528060913e-02
3.429026603698730469e-01
1.581423759460449219e+00
2.573863029479980469e+00
3.762751579284667969e+00
1.034105396270751953e+01
1.128977108001708984e+01
2.244466400146484375e+01
4.882115173339843750e+01
4.770908737182617188e+01
6.298055648803710938e+01
1.023939895629882812e+02
1.337584686279296875e+02
1.768957214355468750e+02
2.599982604980468750e+02
1.869365539550781250e+02
2.469397277832031250e+02
2.358944396972656250e+02
2.606334533691406250e+02
1.969923706054687500e+02
2.015772857666015625e+02
2.928601379394531250e+02
2.311037445068359375e+02
2.789870605468750000e+02
3.005746765136718750e+02
3.221687011718750000e+02
3.439291687011718750e+02
3.274143676757812500e+02
3.282781372070312500e+02
3.931135864257812500e+02
4.214302978515625000e+02
4.494956359863281250e+02
4.924306945800781250e+02
5.185668945312500000e+02
5.177856445312500000e+02
5.396492919921875000e+02
5.332400512695312500e+02
5.255907592773437500e+02
7.907510986328125000e+02
7.933095092773437500e+02
6.919987792968750000e+02
6.076527099609375000e+02
5.956932373046875000e+02
5.879165649414062500e+02
5.881506958007812500e+02
5.937835083007812500e+02
6.231423950195312500e+02
5.772019042968750000e+02
6.108804931640625000e+02
6.038569946289062500e+02
7.575543823242187500e+02
7.318374633789062500e+02
7.083500976562500000e+02
6.733093872070312500e+02
6.692366333007812500e+02
6.329583740234375000e+02
6.127656860351562500e+02
5.667891845703125000e+02
5.251049804687500000e+02
5.351825561523437500e+02
5.230284423828125000e+02
5.005807495117187500e+02
4.966728820800781250e+02
4.765425109863281250e+02
4.534935607910156250e+02
4.306908569335937500e+02
4.021167602539062500e+02
3.850477600097656250e+02
3.716206665039062500e+02
3.750010986328125000e+02
3.560699768066406250e+02
3.414132385253906250e+02
3.295221862792968750e+02
3.327115478515625000e+02
3.141443176269531250e+02
3.032715759277343750e+02
3.011437377929687500e+02
2.867069702148437500e+02
2.918178100585937500e+02
2.765161743164062500e+02
2.752790527343750000e+02
2.607276000976562500e+02
2.524466552734375000e+02
2.677810058593750000e+02
2.507184448242187500e+02
2.417793121337890625e+02
2.323547821044921875e+02
2.249066009521484375e+02
2.163258819580078125e+02
2.103056945800781250e+02
1.995030670166015625e+02
1.920613708496093750e+02
1.850812835693359375e+02
1.780362396240234375e+02
1.734356231689453125e+02
1.670069427490234375e+02
1.651011810302734375e+02
1.598123931884765625e+02
1.700792236328125000e+02
1.587685241699218750e+02
1.534271850585937500e+02
1.454901885986328125e+02
1.401282806396484375e+02
1.370890655517578125e+02
1.378760681152343750e+02
1.448432006835937500e+02
1.382375946044921875e+02
1.385839385986328125e+02
1.361118774414062500e+02
1.282636260986328125e+02
1.228163604736328125e+02
1.149224777221679688e+02
1.116767578125000000e+02
1.110354843139648438e+02
1.034306869506835938e+02
9.922111511230468750e+01
1.025382003784179688e+02
9.625045013427734375e+01
8.880963134765625000e+01
8.514806365966796875e+01
8.197325134277343750e+01
8.083732604980468750e+01
7.546239471435546875e+01
7.250398254394531250e+01
7.315687561035156250e+01
7.178196716308593750e+01
6.508705139160156250e+01
6.276306533813476562e+01
5.996295928955078125e+01
5.701007843017578125e+01
5.539646148681640625e+01
5.517920684814453125e+01
4.968716812133789062e+01
4.855135345458984375e+01
4.607097625732421875e+01
4.831692123413085938e+01
4.594169235229492188e+01
4.332346725463867188e+01
4.142751693725585938e+01
3.959849929809570312e+01
3.901677703857421875e+01
4.127660751342773438e+01
3.980942153930664062e+01
3.905020141601562500e+01
3.767098617553710938e+01
3.597105407714843750e+01
3.548177337646484375e+01
3.426136779785156250e+01
3.428557205200195312e+01
3.453068923950195312e+01
3.546392822265625000e+01
3.393476486206054688e+01
3.532974243164062500e+01
3.494482040405273438e+01
3.412803268432617188e+01
4.037745285034179688e+01
3.565359497070312500e+01
3.675924682617187500e+01
3.219246673583984375e+01
3.181623840332031250e+01
3.181472969055175781e+01
3.127826118469238281e+01
3.072492599487304688e+01
3.092373657226562500e+01
3.022465705871582031e+01
2.968700027465820312e+01
3.110849571228027344e+01
3.576789093017578125e+01
3.179801368713378906e+01
3.085922622680664062e+01
3.318071365356445312e+01
3.002199554443359375e+01
2.956681823730468750e+01
3.278339004516601562e+01
2.985141372680664062e+01
3.026648902893066406e+01
3.317596435546875000e+01
2.911524200439453125e+01
2.934942817687988281e+01
2.848932075500488281e+01
2.730535507202148438e+01
2.786796188354492188e+01
2.877364540100097656e+01
2.859733390808105469e+01
2.701714515686035156e+01
2.935579681396484375e+01
2.886256217956542969e+01
2.988826942443847656e+01
2.846537971496582031e+01
2.806607818603515625e+01
2.899290084838867188e+01
2.703477096557617188e+01
2.510508918762207031e+01
2.668579864501953125e+01
2.715529060363769531e+01
2.783894157409667969e+01
2.716814804077148438e+01
2.686645317077636719e+01
2.900061416625976562e+01
3.225455093383789062e+01
3.285908508300781250e+01
3.236335372924804688e+01
3.152361679077148438e+01
3.361044311523437500e+01
3.195919227600097656e+01
3.423269653320312500e+01
3.986730957031250000e+01
3.882519531250000000e+01
4.408863067626953125e+01
3.917038345336914062e+01
3.896199798583984375e+01
3.895337295532226562e+01
4.069903945922851562e+01
4.175887680053710938e+01
4.398453521728515625e+01
4.156813430786132812e+01
5.142333221435546875e+01
4.865695953369140625e+01
4.826033020019531250e+01
4.735074234008789062e+01
4.415898513793945312e+01
4.580583953857421875e+01
5.469280624389648438e+01
5.506953048706054688e+01
4.911779785156250000e+01
5.111270904541015625e+01
5.004827499389648438e+01
5.190644836425781250e+01
5.113906860351562500e+01
5.453715515136718750e+01
5.183737182617187500e+01
5.254103469848632812e+01
5.441644287109375000e+01
5.478924942016601562e+01
5.436830520629882812e+01
5.561268997192382812e+01
5.550155258178710938e+01
5.633900070190429688e+01
5.506012344360351562e+01
5.143149948120117188e+01
5.115301513671875000e+01
5.174243545532226562e+01
5.276932907104492188e+01
5.199968719482421875e+01
5.113914108276367188e+01
5.259246444702148438e+01
5.698218536376953125e+01
5.841903305053710938e+01
5.735572814941406250e+01
5.736038589477539062e+01
5.810061264038085938e+01
5.597393035888671875e+01
5.782170486450195312e+01
5.869436645507812500e+01
5.838980484008789062e+01
5.562641525268554688e+01
6.164397048950195312e+01
5.897478485107421875e+01
6.010226440429687500e+01
6.281125259399414062e+01
6.053169631958007812e+01
6.058059310913085938e+01
6.169487380981445312e+01
6.147797012329101562e+01
5.891116333007812500e+01
5.996973037719726562e+01
5.729649734497070312e+01
6.039620590209960938e+01
5.919741439819335938e+01
6.111560821533203125e+01
6.029797363281250000e+01
6.381524276733398438e+01
6.036792373657226562e+01
6.053681564331054688e+01
5.902933120727539062e+01
5.979845428466796875e+01
6.404978179931640625e+01
6.702616882324218750e+01
6.626472473144531250e+01
6.557323455810546875e+01
6.329351043701171875e+01
6.296614837646484375e+01
6.723371887207031250e+01
6.402487945556640625e+01
6.846800231933593750e+01
6.695794677734375000e+01
6.635265350341796875e+01
6.481985473632812500e+01
6.680757141113281250e+01
8.921154785156250000e+01
7.917964172363281250e+01
7.983058166503906250e+01
8.459124755859375000e+01
8.887120056152343750e+01
7.519287872314453125e+01
7.570445251464843750e+01
8.013676452636718750e+01
7.753300476074218750e+01
7.489148712158203125e+01
7.443331146240234375e+01
7.816928100585937500e+01
7.984285736083984375e+01
7.987851715087890625e+01
7.800768280029296875e+01
7.787687683105468750e+01
7.903005981445312500e+01
7.981800079345703125e+01
8.062506103515625000e+01
8.301359558105468750e+01
7.656026458740234375e+01
1.034880294799804688e+02
9.250496673583984375e+01
8.965076446533203125e+01
8.972503662109375000e+01
8.684088897705078125e+01
8.684987640380859375e+01
9.165551757812500000e+01
8.606218719482421875e+01
9.100756072998046875e+01
9.060813903808593750e+01
8.779763031005859375e+01
8.179292297363281250e+01
8.368881988525390625e+01
8.233193969726562500e+01
8.518334197998046875e+01
8.559262847900390625e+01
8.239801025390625000e+01
7.881193542480468750e+01
8.331420135498046875e+01
8.506076049804687500e+01
8.415998840332031250e+01
8.370167541503906250e+01
8.415439605712890625e+01
8.329154968261718750e+01
8.453227233886718750e+01
8.390164184570312500e+01
8.244031524658203125e+01
7.783103942871093750e+01
8.108706665039062500e+01
7.859676361083984375e+01
8.009853363037109375e+01
7.936931610107421875e+01
8.353732299804687500e+01
8.214399719238281250e+01
8.252057647705078125e+01
8.434820556640625000e+01
8.203415679931640625e+01
1.092612762451171875e+02
1.089438247680664062e+02
1.063734207153320312e+02
1.080074996948242188e+02
9.930574798583984375e+01
9.538198089599609375e+01
1.003942565917968750e+02
9.620334625244140625e+01
9.485951232910156250e+01
9.486801910400390625e+01
9.440422821044921875e+01
9.124304962158203125e+01
9.281781005859375000e+01
9.060229492187500000e+01
9.269049072265625000e+01
8.943186187744140625e+01
8.666947174072265625e+01
9.039848327636718750e+01
9.435014343261718750e+01
9.064251708984375000e+01
8.760340118408203125e+01
8.506828308105468750e+01
9.299951934814453125e+01
9.315228271484375000e+01
8.906211090087890625e+01
9.425305938720703125e+01
9.407276916503906250e+01
1.003078689575195312e+02
9.289012145996093750e+01
8.719705963134765625e+01
9.414839172363281250e+01
9.434753417968750000e+01
1.085367050170898438e+02
1.049413757324218750e+02
1.082155914306640625e+02
1.123127822875976562e+02
1.166124038696289062e+02
1.074724884033203125e+02
1.223076400756835938e+02
1.157706909179687500e+02
1.146590118408203125e+02
1.092120666503906250e+02
1.140486526489257812e+02
1.107020874023437500e+02
1.105481872558593750e+02
1.169048004150390625e+02
1.085329971313476562e+02
1.134817657470703125e+02
1.032610778808593750e+02
1.047391586303710938e+02
1.062471847534179688e+02
1.003815612792968750e+02
1.041042556762695312e+02
1.026347885131835938e+02
1.046006469726562500e+02
1.044698791503906250e+02
9.617345428466796875e+01
1.007546386718750000e+02
1.010996856689453125e+02
9.831098937988281250e+01
1.019646987915039062e+02
1.070377960205078125e+02
1.151958541870117188e+02
1.113326110839843750e+02
1.135842132568359375e+02
1.223119201660156250e+02
1.181899871826171875e+02
1.225489196777343750e+02
1.211199417114257812e+02
1.244736709594726562e+02
1.169802932739257812e+02
1.144869461059570312e+02
1.109169921875000000e+02
1.106480026245117188e+02
1.078786697387695312e+02
1.120071716308593750e+02
1.051573486328125000e+02
1.080676422119140625e+02
1.071079406738281250e+02
1.054537277221679688e+02
1.105354995727539062e+02
1.055025863647460938e+02
1.078373489379882812e+02
1.139564208984375000e+02
1.126647796630859375e+02
1.066452255249023438e+02
1.049181137084960938e+02
1.080319137573242188e+02
1.085055007934570312e+02
1.014917068481445312e+02
9.907836151123046875e+01
9.945723724365234375e+01
1.147682495117187500e+02
1.065282287597656250e+02
1.114569549560546875e+02
1.145778274536132812e+02
1.074455642700195312e+02
1.079255523681640625e+02
1.047021331787109375e+02
1.041692810058593750e+02
1.016560058593750000e+02
9.917538452148437500e+01
1.168972778320312500e+02
1.113628158569335938e+02
1.084310760498046875e+02
1.014542160034179688e+02
1.024499282836914062e+02
1.021675491333007812e+02
1.096179580688476562e+02
1.077940139770507812e+02
1.112794876098632812e+02
1.031321258544921875e+02
1.042989501953125000e+02
9.804785919189453125e+01
1.029994659423828125e+02
1.016497650146484375e+02
1.013396911621093750e+02
9.903352355957031250e+01
9.967048645019531250e+01
9.527407836914062500e+01
9.234750366210937500e+01
9.459132385253906250e+01
9.653246307373046875e+01
9.332590484619140625e+01
9.145420074462890625e+01
9.240407562255859375e+01
9.031439208984375000e+01
9.110507202148437500e+01
9.194279479980468750e+01
9.379824829101562500e+01
9.593823242187500000e+01
9.212873077392578125e+01
9.273178863525390625e+01
8.825222778320312500e+01
9.568251800537109375e+01
9.185717010498046875e+01
9.132804107666015625e+01
9.068365478515625000e+01
9.045698547363281250e+01
9.121501922607421875e+01
9.008160400390625000e+01
9.261643981933593750e+01
9.202257537841796875e+01
8.722461700439453125e+01
8.610184478759765625e+01
8.899210357666015625e+01
8.966094970703125000e+01
8.832428741455078125e+01
9.077215576171875000e+01
8.975072479248046875e+01
8.843852996826171875e+01
8.823452758789062500e+01
1.081204757690429688e+02
1.049851379394531250e+02
1.095911865234375000e+02
1.032051773071289062e+02
1.065833282470703125e+02
9.965787506103515625e+01
1.002328796386718750e+02
1.003988876342773438e+02
9.625730895996093750e+01
1.008467102050781250e+02
1.055344848632812500e+02
1.028135757446289062e+02
9.117576599121093750e+01
9.832064056396484375e+01
9.701929473876953125e+01
9.230920410156250000e+01
8.998515319824218750e+01
9.271779632568359375e+01
9.284045410156250000e+01
9.847070312500000000e+01
9.391512298583984375e+01
8.900505065917968750e+01
9.648586273193359375e+01
8.703931427001953125e+01
8.939238739013671875e+01
9.117666625976562500e+01
9.057926940917968750e+01
9.208454895019531250e+01
8.868876647949218750e+01
9.103118896484375000e+01
8.620522308349609375e+01
1.006701889038085938e+02
1.018405303955078125e+02
1.013415222167968750e+02
1.022429733276367188e+02
1.030488433837890625e+02
1.098554992675781250e+02
1.114916763305664062e+02
1.125142364501953125e+02
1.104879302978515625e+02
1.085248641967773438e+02
1.098926467895507812e+02
1.090876388549804688e+02
1.004023590087890625e+02
1.024404678344726562e+02
1.051121826171875000e+02
1.033478393554687500e+02
1.030268402099609375e+02
1.004194030761718750e+02
1.018715286254882812e+02
9.873294067382812500e+01
1.012293624877929688e+02
1.016104354858398438e+02
1.141257019042968750e+02
1.056331863403320312e+02
1.110758895874023438e+02
1.050481414794921875e+02
1.061143722534179688e+02
1.040529251098632812e+02
1.066110076904296875e+02
1.062514572143554688e+02
1.020548934936523438e+02
1.033047409057617188e+02
1.064993362426757812e+02
1.038624191284179688e+02
1.013301391601562500e+02
1.057470245361328125e+02
9.916287994384765625e+01
1.013485336303710938e+02
1.048688583374023438e+02
1.087601394653320312e+02
1.019191436767578125e+02
1.049631423950195312e+02
1.130364837646484375e+02
1.209656829833984375e+02
1.156364212036132812e+02
1.080943832397460938e+02
1.091994018554687500e+02
1.056067352294921875e+02
1.111055679321289062e+02
1.094552307128906250e+02
1.068777236938476562e+02
1.080700759887695312e+02
1.044759521484375000e+02
1.104120483398437500e+02
1.199082794189453125e+02
1.260622024536132812e+02
1.184115142822265625e+02
1.188983154296875000e+02
1.255342178344726562e+02
1.234367828369140625e+02
1.143823623657226562e+02
1.208626556396484375e+02
1.168003997802734375e+02
1.172488937377929688e+02
1.146169891357421875e+02
1.146772308349609375e+02
1.110733261108398438e+02
1.117701568603515625e+02
1.087060623168945312e+02
1.102010498046875000e+02
1.170307388305664062e+02
1.117496643066406250e+02
1.164959640502929688e+02
1.166112976074218750e+02
1.143267669677734375e+02
1.177722854614257812e+02
1.124343719482421875e+02
1.149170761108398438e+02
1.113074340820312500e+02
1.126174240112304688e+02
1.104949188232421875e+02
1.171046218872070312e+02
1.147411270141601562e+02
1.151100311279296875e+02
1.171116409301757812e+02
1.195929260253906250e+02
1.101819381713867188e+02
1.274917831420898438e+02
1.145055160522460938e+02
1.059071731567382812e+02
1.108334884643554688e+02
1.138339843750000000e+02
1.094289855957031250e+02
1.063538284301757812e+02
1.103105621337890625e+02
1.104354400634765625e+02
1.208573760986328125e+02
1.145724868774414062e+02
1.077728118896484375e+02
1.165162582397460938e+02
1.130081481933593750e+02
1.150212326049804688e+02
1.100825576782226562e+02
1.170434494018554688e+02
1.053949203491210938e+02
1.083107376098632812e+02
1.070490493774414062e+02
1.153718414306640625e+02
1.099270172119140625e+02
1.104856567382812500e+02
1.087563629150390625e+02
1.047036895751953125e+02
1.092878570556640625e+02
1.088286743164062500e+02
1.068020782470703125e+02
9.991207122802734375e+01
1.043461532592773438e+02
1.073382339477539062e+02
1.056722946166992188e+02
1.133435592651367188e+02
1.007134933471679688e+02
1.017788391113281250e+02
1.092583618164062500e+02
9.975033569335937500e+01
1.008800735473632812e+02
1.010294418334960938e+02
1.069816894531250000e+02
1.005397949218750000e+02
1.058500289916992188e+02
1.049527206420898438e+02
1.052063903808593750e+02
1.083339309692382812e+02
1.069575347900390625e+02
9.971453094482421875e+01
1.001488037109375000e+02
1.048442687988281250e+02
1.016518325805664062e+02
9.990240478515625000e+01
1.044493713378906250e+02
1.043812179565429688e+02
9.935550689697265625e+01
9.953268432617187500e+01
9.138629150390625000e+01
9.817493438720703125e+01
1.004333190917968750e+02
1.058094940185546875e+02
1.073306121826171875e+02
1.015465621948242188e+02
9.469204711914062500e+01
1.018271942138671875e+02
9.752239227294921875e+01
9.840447235107421875e+01
9.924266815185546875e+01
9.991354370117187500e+01
9.433824157714843750e+01
9.717446899414062500e+01
9.453765869140625000e+01
9.506668090820312500e+01
9.211672210693359375e+01
9.005809020996093750e+01
8.995547485351562500e+01
9.344477844238281250e+01
9.473876190185546875e+01
9.418795013427734375e+01
1.001750411987304688e+02
8.832330322265625000e+01
9.260190582275390625e+01
9.740827941894531250e+01
1.010707168579101562e+02
9.975279998779296875e+01
1.003215942382812500e+02
9.921807861328125000e+01
9.281578063964843750e+01
1.003409652709960938e+02
9.592772674560546875e+01
1.029792861938476562e+02
9.662890625000000000e+01
1.018151702880859375e+02
9.727928161621093750e+01
9.975478363037109375e+01
1.030719451904296875e+02
9.969496154785156250e+01
9.634037017822265625e+01
9.713626861572265625e+01
9.555226898193359375e+01
9.643164062500000000e+01
9.927364349365234375e+01
9.561708068847656250e+01
9.557104492187500000e+01
9.698612213134765625e+01
9.911502075195312500e+01
9.968260955810546875e+01
9.696554565429687500e+01
9.284664154052734375e+01
9.664127349853515625e+01
9.155640411376953125e+01
9.576529693603515625e+01
8.869919586181640625e+01
9.438020324707031250e+01
8.954389953613281250e+01
9.404559326171875000e+01
9.440628051757812500e+01
9.240362548828125000e+01
9.252245330810546875e+01
9.456810760498046875e+01
9.304351806640625000e+01
9.338704681396484375e+01
9.583315277099609375e+01
8.720712280273437500e+01
9.047679138183593750e+01
9.003380584716796875e+01
8.555635833740234375e+01
9.622489166259765625e+01
9.185156250000000000e+01
9.385761260986328125e+01
9.268999481201171875e+01
9.119608306884765625e+01
9.165940093994140625e+01
9.182491302490234375e+01
9.601789093017578125e+01
8.960415649414062500e+01
1.010271682739257812e+02
9.903310394287109375e+01
9.416333007812500000e+01
9.563929748535156250e+01
9.632962799072265625e+01
9.368777465820312500e+01
9.282517242431640625e+01
9.319886779785156250e+01
1.012291183471679688e+02
1.066791915893554688e+02
1.033627243041992188e+02
1.029955444335937500e+02
9.721151733398437500e+01
1.004972991943359375e+02
1.117649536132812500e+02
1.220725555419921875e+02
1.267348098754882812e+02
1.352624969482421875e+02
1.246156845092773438e+02
1.203800506591796875e+02
1.177710266113281250e+02
1.276041717529296875e+02
1.171306533813476562e+02
1.267730789184570312e+02
1.137920150756835938e+02
1.229866561889648438e+02
1.156549072265625000e+02
1.193756713867187500e+02
1.087647476196289062e+02
1.142649765014648438e+02
1.162693099975585938e+02
1.088166427612304688e+02
1.238550186157226562e+02
1.149945373535156250e+02
1.202360305786132812e+02
1.132085342407226562e+02
1.150357818603515625e+02
1.228560485839843750e+02
1.188131866455078125e+02
1.125543594360351562e+02
1.201532211303710938e+02
1.178720169067382812e+02
1.124003295898437500e+02
1.278179397583007812e+02
1.104509124755859375e+02
1.150195465087890625e+02
1.188250122070312500e+02
1.120305023193359375e+02
1.142825775146484375e+02
1.209251556396484375e+02
1.134967269897460938e+02
1.152933502197265625e+02
1.163746948242187500e+02
1.146490631103515625e+02
1.145089035034179688e+02
1.080055007934570312e+02
1.156675643920898438e+02
1.090818634033203125e+02
1.149432144165039062e+02
1.083387374877929688e+02
1.175908279418945312e+02
1.149954528808593750e+02
1.254587020874023438e+02
1.193913345336914062e+02
1.167383499145507812e+02
1.165672836303710938e+02
1.132468566894531250e+02
1.112736587524414062e+02
1.112014083862304688e+02
1.094241790771484375e+02
1.164856567382812500e+02
1.101724395751953125e+02
1.097589340209960938e+02
1.148818206787109375e+02
1.150316543579101562e+02
1.104353713989257812e+02
1.128776397705078125e+02
1.107488327026367188e+02
1.118619842529296875e+02
1.107879943847656250e+02
1.091948394775390625e+02
1.173038787841796875e+02
1.117908401489257812e+02
1.094884262084960938e+02
1.053947067260742188e+02
1.140643463134765625e+02
1.123246917724609375e+02
1.102841110229492188e+02
1.081477203369140625e+02
1.092857818603515625e+02
1.029940261840820312e+02
1.145505752563476562e+02
1.083398132324218750e+02
1.084646453857421875e+02
1.079380798339843750e+02
1.077562179565429688e+02
1.072621994018554688e+02
1.028813781738281250e+02
1.077850036621093750e+02
1.101466293334960938e+02
1.064330291748046875e+02
1.086993103027343750e+02
1.114592208862304688e+02
1.110017700195312500e+02
1.078508453369140625e+02
1.124307174682617188e+02
1.114767150878906250e+02
1.081404266357421875e+02
1.054368286132812500e+02
1.116679382324218750e+02
1.116721572875976562e+02
1.131439056396484375e+02
1.146597518920898438e+02
1.128690185546875000e+02
1.168714065551757812e+02
1.133385162353515625e+02
1.162280502319335938e+02
1.115421905517578125e+02
1.154757919311523438e+02
1.125886764526367188e+02
1.151596374511718750e+02
1.136384963989257812e+02
1.067503051757812500e+02
1.110147781372070312e+02
1.159070129394531250e+02
1.142577362060546875e+02
1.095522308349609375e+02
1.053246841430664062e+02
1.074888305664062500e+02
1.107259979248046875e+02
1.196438446044921875e+02
1.141153793334960938e+02
1.109155426025390625e+02
9.991298675537109375e+01
1.060645599365234375e+02
1.045606842041015625e+02
1.113225173950195312e+02
1.031660461425781250e+02
1.077710647583007812e+02
1.048193283081054688e+02
1.043417053222656250e+02
1.044840393066406250e+02
1.025604019165039062e+02
1.018443756103515625e+02
1.016586685180664062e+02
1.005934829711914062e+02
9.806964111328125000e+01
9.917798614501953125e+01
1.030522308349609375e+02
1.079231948852539062e+02
1.052005767822265625e+02
1.057952651977539062e+02
1.025258941650390625e+02
1.034778823852539062e+02
1.021626892089843750e+02
1.014710464477539062e+02
9.581672668457031250e+01
9.793518829345703125e+01
9.967697143554687500e+01
1.003767166137695312e+02
1.011898193359375000e+02
1.076337280273437500e+02
9.893454742431640625e+01
9.963866424560546875e+01
9.504945373535156250e+01
1.039242630004882812e+02
1.035599212646484375e+02
9.948094940185546875e+01
1.013230133056640625e+02
9.411720275878906250e+01
9.415229797363281250e+01
9.327558898925781250e+01
9.816844177246093750e+01
9.900445556640625000e+01
9.825229644775390625e+01
1.020526580810546875e+02
1.025668716430664062e+02
9.606945037841796875e+01
9.623125457763671875e+01
9.078633117675781250e+01
9.281573486328125000e+01
9.416339874267578125e+01
9.439779663085937500e+01
9.307414245605468750e+01
1.014908752441406250e+02
9.501405334472656250e+01
9.504833221435546875e+01
9.712705993652343750e+01
1.066071395874023438e+02
1.008309707641601562e+02
9.697732543945312500e+01
9.251158142089843750e+01
8.814967346191406250e+01
1.062236557006835938e+02
1.033740615844726562e+02
9.815039062500000000e+01
1.020790023803710938e+02
9.550845336914062500e+01
9.151356506347656250e+01
1.019762954711914062e+02
9.618048095703125000e+01
1.045731582641601562e+02
9.269694519042968750e+01
9.593754577636718750e+01
1.051888427734375000e+02
1.064233093261718750e+02
1.011165771484375000e+02
1.023370895385742188e+02
1.020936050415039062e+02
9.400757598876953125e+01
1.025699844360351562e+02
9.610398864746093750e+01
9.854920196533203125e+01
9.851762390136718750e+01
9.552765655517578125e+01
9.439575958251953125e+01
9.925083160400390625e+01
9.235137176513671875e+01
9.988039398193359375e+01
9.470457458496093750e+01
9.221444702148437500e+01
9.250505065917968750e+01
9.025936889648437500e+01
9.347687530517578125e+01
8.878653717041015625e+01
9.429047393798828125e+01
8.982223510742187500e+01
8.753617858886718750e+01
8.560916137695312500e+01
9.565634155273437500e+01
9.197735595703125000e+01
9.066439056396484375e+01
8.595108032226562500e+01
8.960081481933593750e+01
8.995832061767578125e+01
8.736145782470703125e+01
8.289070129394531250e+01
8.743405151367187500e+01
9.263245391845703125e+01
8.689042663574218750e+01
8.421840667724609375e+01
7.998023223876953125e+01
8.511225891113281250e+01
