0.000000000000000000e+00
0.000000000000000000e+00
0.000000000000000000e+00
0.000000000000000000e+00
0.000000000000000000e+00
0.000000000000000000e+00
0.000000000000000000e+00
6.538340449333190918e-02
4.048930108547210693e-01
1.049196600914001465e+00
1.687426567077636719e+00
2.536756753921508789e+00
5.498795032501220703e+00
5.273024559020996094e+00
1.053126144409179688e+01
1.054150009155273438e+01
1.649613571166992188e+01
1.968616485595703125e+01
2.412709045410156250e+01
2.799161338806152344e+01
1.020273590087890625e+02
1.306585845947265625e+02
9.076623535156250000e+01
8.020850372314453125e+01
7.254795074462890625e+01
9.298673248291015625e+01
7.178434753417968750e+01
6.213729858398437500e+01
6.007389068603515625e+01
6.307556533813476562e+01
7.850125122070312500e+01
7.728070068359375000e+01
1.514076538085937500e+02
1.466106109619140625e+02
1.236315078735351562e+02
9.670149993896484375e+01
9.809177398681640625e+01
9.382563781738281250e+01
9.050791931152343750e+01
8.829350280761718750e+01
8.863692474365234375e+01
8.305490875244140625e+01
8.259918975830078125e+01
1.002525939941406250e+02
1.087358474731445312e+02
1.432161865234375000e+02
1.679665985107421875e+02
1.372382507324218750e+02
1.280447540283203125e+02
1.308475036621093750e+02
1.341460266113281250e+02
1.340476379394531250e+02
1.270907363891601562e+02
1.209432144165039062e+02
1.246315841674804688e+02
1.405891571044921875e+02
1.392070617675781250e+02
1.538509368896484375e+02
2.219396209716796875e+02
1.783794555664062500e+02
1.633328704833984375e+02
1.574575653076171875e+02
1.687979431152343750e+02
2.124782257080078125e+02
1.676954345703125000e+02
1.639895324707031250e+02
1.580036621093750000e+02
1.506513824462890625e+02
1.719172515869140625e+02
1.704062500000000000e+02
1.490797271728515625e+02
1.435569305419921875e+02
1.399636230468750000e+02
1.363708190917968750e+02
1.370971832275390625e+02
1.376549682617187500e+02
1.475951080322265625e+02
1.424277343750000000e+02
1.480015563964843750e+02
1.453502502441406250e+02
1.375521545410156250e+02
1.384531707763671875e+02
1.313460388183593750e+02
1.283399200439453125e+02
1.247525329589843750e+02
1.261971130371093750e+02
1.195149841308593750e+02
1.187055969238281250e+02
1.183562164306640625e+02
1.133449859619140625e+02
1.150394134521484375e+02
1.135939865112304688e+02
1.099808807373046875e+02
1.094668426513671875e+02
1.096800765991210938e+02
1.104987792968750000e+02
1.100164031982421875e+02
1.101537628173828125e+02
1.074042358398437500e+02
1.050801010131835938e+02
1.009243087768554688e+02
1.027823257446289062e+02
1.007509384155273438e+02
9.843456268310546875e+01
9.714614105224609375e+01
9.607762908935546875e+01
9.418003082275390625e+01
9.504873657226562500e+01
9.402719879150390625e+01
9.372073364257812500e+01
9.372898101806640625e+01
1.102408752441406250e+02
1.080689239501953125e+02
1.045929718017578125e+02
1.026276016235351562e+02
1.083232955932617188e+02
1.161085128784179688e+02
1.058446578979492188e+02
1.040658721923828125e+02
1.008670730590820312e+02
1.013427200317382812e+02
1.017474746704101562e+02
1.013933868408203125e+02
9.964873504638671875e+01
9.959819030761718750e+01
1.010376358032226562e+02
9.766519165039062500e+01
9.807714080810546875e+01
9.794841003417968750e+01
9.831682586669921875e+01
9.955577850341796875e+01
1.047555847167968750e+02
1.015377044677734375e+02
9.778973388671875000e+01
9.663339996337890625e+01
9.745629882812500000e+01
9.347539520263671875e+01
9.487685394287109375e+01
9.372251129150390625e+01
1.125935745239257812e+02
1.059813919067382812e+02
1.045078353881835938e+02
1.045523147583007812e+02
1.037050018310546875e+02
1.014070587158203125e+02
9.852597045898437500e+01
9.778617095947265625e+01
9.567876434326171875e+01
9.472219085693359375e+01
1.116305618286132812e+02
1.657719726562500000e+02
1.311624450683593750e+02
1.219813766479492188e+02
1.195331573486328125e+02
1.170054244995117188e+02
1.156018905639648438e+02
1.117304687500000000e+02
1.092954025268554688e+02
1.093981704711914062e+02
1.124285888671875000e+02
1.074705810546875000e+02
1.086647949218750000e+02
1.114369049072265625e+02
1.100813522338867188e+02
1.121495590209960938e+02
1.218363113403320312e+02
1.280338134765625000e+02
1.319477081298828125e+02
1.245616760253906250e+02
1.187321777343750000e+02
1.132532196044921875e+02
1.096872329711914062e+02
1.075500717163085938e+02
1.034068984985351562e+02
1.029093704223632812e+02
1.008493881225585938e+02
1.011009826660156250e+02
9.967673492431640625e+01
9.905632019042968750e+01
9.871048736572265625e+01
9.688731384277343750e+01
9.869717407226562500e+01
1.002159957885742188e+02
9.574446105957031250e+01
9.786161041259765625e+01
9.712446594238281250e+01
9.559475708007812500e+01
9.432962799072265625e+01
9.214021301269531250e+01
9.588976287841796875e+01
9.070104217529296875e+01
8.900328063964843750e+01
9.064553833007812500e+01
9.326681518554687500e+01
8.897100067138671875e+01
8.602465820312500000e+01
8.858796691894531250e+01
8.788092041015625000e+01
8.817311859130859375e+01
8.803785705566406250e+01
8.577584075927734375e+01
8.591462707519531250e+01
8.471609497070312500e+01
9.348217010498046875e+01
8.652156066894531250e+01
1.377515106201171875e+02
1.158736343383789062e+02
1.116400451660156250e+02
1.106450347900390625e+02
1.061788253784179688e+02
1.027387084960937500e+02
1.003001861572265625e+02
1.587370758056640625e+02
1.404131011962890625e+02
1.434788055419921875e+02
1.349806976318359375e+02
1.225869827270507812e+02
1.213245620727539062e+02
1.132985534667968750e+02
1.157249984741210938e+02
1.092493286132812500e+02
1.034578018188476562e+02
1.044764251708984375e+02
1.063013839721679688e+02
1.021685791015625000e+02
1.038800506591796875e+02
1.041340026855468750e+02
1.034299392700195312e+02
1.022249069213867188e+02
1.041761474609375000e+02
1.011592178344726562e+02
9.759459686279296875e+01
1.005464401245117188e+02
9.833547210693359375e+01
1.296272125244140625e+02
1.138273315429687500e+02
1.118531112670898438e+02
1.080950775146484375e+02
1.039127655029296875e+02
1.051760177612304688e+02
1.035943145751953125e+02
1.039057998657226562e+02
1.047206268310546875e+02
1.014479370117187500e+02
1.021683502197265625e+02
9.842636108398437500e+01
1.004066390991210938e+02
1.005141983032226562e+02
9.855187225341796875e+01
9.346660614013671875e+01
9.390666198730468750e+01
9.955548858642578125e+01
9.872457885742187500e+01
9.432814025878906250e+01
9.138389587402343750e+01
9.114936065673828125e+01
8.875292968750000000e+01
8.873363494873046875e+01
8.577883148193359375e+01
8.590249633789062500e+01
8.453560638427734375e+01
8.632729339599609375e+01
8.553616333007812500e+01
8.711774444580078125e+01
8.302406311035156250e+01
8.394236755371093750e+01
8.265890502929687500e+01
9.167173767089843750e+01
8.504412841796875000e+01
8.503189086914062500e+01
8.562140655517578125e+01
8.412045288085937500e+01
8.432765960693359375e+01
8.680596923828125000e+01
9.249005889892578125e+01
9.156013488769531250e+01
8.974842071533203125e+01
8.976930236816406250e+01
9.113777923583984375e+01
8.556534576416015625e+01
8.611395263671875000e+01
8.673637390136718750e+01
8.277115631103515625e+01
8.927807617187500000e+01
8.237528228759765625e+01
8.893248748779296875e+01
8.531161499023437500e+01
8.509439086914062500e+01
8.471415710449218750e+01
8.706839752197265625e+01
8.368208312988281250e+01
8.322711181640625000e+01
8.559495544433593750e+01
8.546016693115234375e+01
8.511748504638671875e+01
8.139614105224609375e+01
8.226918792724609375e+01
8.221154022216796875e+01
8.211093902587890625e+01
8.174494934082031250e+01
8.234005737304687500e+01
8.338444519042968750e+01
9.035187530517578125e+01
8.702786254882812500e+01
8.491919708251953125e+01
8.898928070068359375e+01
8.643006896972656250e+01
8.926872253417968750e+01
8.638829803466796875e+01
8.176777648925781250e+01
8.086900329589843750e+01
8.202111053466796875e+01
8.434732818603515625e+01
8.197078704833984375e+01
8.349858093261718750e+01
8.430507659912109375e+01
8.613214874267578125e+01
8.276718139648437500e+01
8.376754760742187500e+01
8.104982757568359375e+01
8.116893768310546875e+01
8.093815612792968750e+01
8.075890350341796875e+01
7.929158020019531250e+01
8.121217346191406250e+01
8.098040771484375000e+01
7.751062011718750000e+01
7.717864227294921875e+01
7.868815612792968750e+01
7.810089874267578125e+01
8.008880615234375000e+01
7.841503143310546875e+01
7.716445922851562500e+01
7.730088806152343750e+01
8.189493560791015625e+01
7.959083557128906250e+01
7.917591857910156250e+01
7.982740020751953125e+01
7.722360992431640625e+01
7.757885742187500000e+01
7.522890472412109375e+01
8.022364044189453125e+01
7.696632385253906250e+01
8.126473999023437500e+01
7.491004943847656250e+01
7.652675628662109375e+01
7.670478057861328125e+01
8.333940887451171875e+01
1.193513259887695312e+02
1.093069534301757812e+02
1.033941726684570312e+02
9.532091522216796875e+01
1.028754959106445312e+02
1.057977142333984375e+02
9.942435455322265625e+01
8.966948699951171875e+01
8.356777954101562500e+01
8.554771423339843750e+01
7.939473724365234375e+01
8.205429840087890625e+01
8.572059631347656250e+01
7.915505981445312500e+01
7.694320678710937500e+01
8.286067199707031250e+01
7.692367553710937500e+01
8.338302612304687500e+01
7.768494415283203125e+01
7.883029937744140625e+01
7.776888275146484375e+01
7.513771820068359375e+01
7.802143096923828125e+01
7.376981353759765625e+01
7.441979980468750000e+01
7.477185821533203125e+01
8.143150329589843750e+01
8.736226654052734375e+01
8.724959564208984375e+01
7.946800231933593750e+01
9.995582580566406250e+01
7.873683166503906250e+01
7.731250000000000000e+01
8.211262512207031250e+01
8.459943389892578125e+01
7.493763732910156250e+01
7.792925262451171875e+01
7.606557464599609375e+01
7.443910980224609375e+01
7.339691925048828125e+01
7.315775299072265625e+01
7.313129425048828125e+01
7.210926818847656250e+01
7.623895263671875000e+01
7.093401336669921875e+01
7.320269012451171875e+01
6.571369171142578125e+01
6.981838989257812500e+01
7.014823150634765625e+01
6.865943908691406250e+01
8.096762847900390625e+01
7.537245941162109375e+01
7.544992828369140625e+01
7.545915985107421875e+01
7.543992614746093750e+01
9.980220031738281250e+01
9.467187500000000000e+01
8.388449859619140625e+01
7.720400238037109375e+01
7.720146942138671875e+01
8.134540557861328125e+01
8.254517364501953125e+01
8.084259033203125000e+01
7.710684204101562500e+01
8.103681945800781250e+01
8.576068115234375000e+01
8.646860504150390625e+01
7.127305603027343750e+01
7.405385589599609375e+01
7.603997039794921875e+01
7.953833007812500000e+01
7.566697692871093750e+01
7.660464477539062500e+01
8.001210784912109375e+01
7.667368316650390625e+01
7.457791137695312500e+01
7.173043823242187500e+01
7.306293487548828125e+01
7.760573577880859375e+01
7.717285156250000000e+01
7.290483856201171875e+01
7.508855438232421875e+01
7.458662414550781250e+01
1.006546707153320312e+02
9.025337219238281250e+01
8.555804443359375000e+01
8.520459747314453125e+01
8.268520355224609375e+01
8.296797180175781250e+01
8.117109680175781250e+01
8.010232543945312500e+01
7.625956726074218750e+01
7.822760772705078125e+01
7.558782958984375000e+01
8.045709991455078125e+01
7.939979553222656250e+01
7.930067443847656250e+01
7.955052947998046875e+01
7.444763183593750000e+01
7.943281555175781250e+01
7.404393005371093750e+01
6.922722625732421875e+01
7.671170043945312500e+01
7.056460571289062500e+01
7.592722320556640625e+01
7.343625640869140625e+01
7.141612243652343750e+01
7.781032562255859375e+01
7.517846679687500000e+01
7.606302642822265625e+01
7.277905273437500000e+01
7.665188598632812500e+01
7.617731475830078125e+01
7.102890014648437500e+01
7.469779205322265625e+01
7.193152618408203125e+01
7.388457489013671875e+01
7.021310424804687500e+01
7.307353210449218750e+01
7.109655761718750000e+01
7.114508056640625000e+01
7.555377960205078125e+01
7.274562835693359375e+01
7.002497863769531250e+01
7.267292785644531250e+01
7.225019836425781250e+01
7.079460906982421875e+01
7.233717346191406250e+01
6.818334197998046875e+01
7.051425170898437500e+01
7.102737426757812500e+01
7.102980041503906250e+01
7.068035125732421875e+01
7.413002777099609375e+01
7.114721679687500000e+01
7.060556793212890625e+01
6.812070465087890625e+01
7.436587524414062500e+01
7.017318725585937500e+01
6.561505889892578125e+01
6.951954650878906250e+01
6.987197875976562500e+01
6.617591857910156250e+01
7.060012054443359375e+01
6.703628540039062500e+01
6.996275329589843750e+01
8.224619293212890625e+01
7.175354003906250000e+01
7.798040771484375000e+01
7.361256408691406250e+01
8.544268035888671875e+01
9.194896697998046875e+01
8.156347656250000000e+01
7.733462524414062500e+01
8.332852172851562500e+01
7.988631439208984375e+01
7.811685943603515625e+01
7.521304321289062500e+01
8.299396514892578125e+01
8.916344451904296875e+01
8.185579681396484375e+01
8.013190460205078125e+01
9.051118469238281250e+01
7.887024688720703125e+01
7.891674804687500000e+01
8.317254638671875000e+01
8.379892730712890625e+01
8.601146697998046875e+01
7.878326416015625000e+01
7.571600341796875000e+01
7.763270568847656250e+01
7.823754882812500000e+01
7.426692962646484375e+01
7.713562774658203125e+01
7.243597412109375000e+01
7.577065277099609375e+01
7.553679656982421875e+01
7.452390289306640625e+01
7.938390350341796875e+01
7.615993499755859375e+01
7.300816345214843750e+01
7.406837463378906250e+01
8.098045349121093750e+01
8.293672180175781250e+01
7.811203002929687500e+01
8.082564544677734375e+01
7.904325103759765625e+01
8.222235870361328125e+01
8.015370941162109375e+01
7.793483734130859375e+01
7.697824096679687500e+01
8.043779754638671875e+01
8.201062011718750000e+01
8.234507751464843750e+01
8.306008148193359375e+01
7.908195495605468750e+01
8.130195617675781250e+01
8.191383361816406250e+01
9.116030120849609375e+01
8.900578308105468750e+01
8.279690551757812500e+01
7.642282867431640625e+01
7.799354553222656250e+01
8.051024627685546875e+01
7.941509246826171875e+01
7.815203094482421875e+01
7.609295654296875000e+01
7.470429229736328125e+01
8.296597290039062500e+01
8.070051574707031250e+01
7.872851562500000000e+01
8.406684112548828125e+01
7.794467926025390625e+01
7.636138916015625000e+01
7.944438171386718750e+01
7.667812347412109375e+01
8.033748626708984375e+01
7.880934143066406250e+01
7.770648193359375000e+01
7.832171630859375000e+01
7.732407379150390625e+01
7.459404754638671875e+01
7.703212738037109375e+01
7.359626770019531250e+01
7.725671386718750000e+01
7.486495971679687500e+01
7.528707122802734375e+01
7.220431518554687500e+01
8.273224639892578125e+01
7.916596984863281250e+01
7.620478057861328125e+01
7.728108215332031250e+01
7.760421752929687500e+01
7.503435516357421875e+01
7.384722137451171875e+01
8.036031341552734375e+01
7.391625213623046875e+01
8.336252593994140625e+01
7.733386230468750000e+01
8.986606597900390625e+01
9.104354858398437500e+01
8.985815429687500000e+01
8.786973571777343750e+01
8.500147247314453125e+01
8.930494689941406250e+01
8.622134399414062500e+01
8.976581573486328125e+01
8.173437500000000000e+01
7.424800109863281250e+01
7.417523193359375000e+01
8.357582092285156250e+01
6.973695373535156250e+01
7.757769775390625000e+01
7.643601226806640625e+01
8.446339416503906250e+01
7.796067047119140625e+01
8.302967071533203125e+01
7.918218994140625000e+01
7.697969818115234375e+01
7.759004211425781250e+01
7.504474639892578125e+01
7.326686859130859375e+01
7.964222717285156250e+01
7.270632171630859375e+01
7.225744628906250000e+01
7.166370391845703125e+01
7.333944702148437500e+01
7.871318054199218750e+01
9.312717437744140625e+01
9.112213134765625000e+01
9.585356140136718750e+01
9.230009460449218750e+01
8.724822235107421875e+01
8.534580993652343750e+01
8.484615325927734375e+01
9.634361267089843750e+01
8.687082672119140625e+01
8.958815765380859375e+01
8.602604675292968750e+01
8.650978088378906250e+01
9.247003173828125000e+01
8.734623718261718750e+01
9.374398803710937500e+01
9.430007934570312500e+01
8.845469665527343750e+01
8.735017395019531250e+01
9.287765502929687500e+01
8.753309631347656250e+01
8.359753417968750000e+01
9.045824432373046875e+01
8.543486022949218750e+01
9.205760955810546875e+01
9.198837280273437500e+01
9.267256164550781250e+01
8.689031219482421875e+01
8.258245086669921875e+01
8.471414947509765625e+01
8.555523681640625000e+01
9.078701782226562500e+01
9.147204589843750000e+01
8.827209472656250000e+01
8.636712646484375000e+01
9.218380737304687500e+01
8.741629028320312500e+01
8.769004058837890625e+01
8.567850494384765625e+01
8.690963745117187500e+01
9.189045715332031250e+01
8.426934814453125000e+01
8.728445434570312500e+01
8.841462707519531250e+01
9.228098297119140625e+01
8.403243255615234375e+01
8.423392486572265625e+01
8.823009490966796875e+01
9.169609069824218750e+01
9.135372924804687500e+01
9.650000000000000000e+01
8.801271057128906250e+01
9.387467193603515625e+01
9.214245605468750000e+01
1.078229064941406250e+02
9.099582672119140625e+01
9.958142089843750000e+01
9.704371643066406250e+01
1.008383941650390625e+02
1.154657745361328125e+02
9.057573699951171875e+01
9.620326995849609375e+01
9.195678710937500000e+01
7.937923431396484375e+01
9.620820617675781250e+01
8.276696014404296875e+01
8.780022430419921875e+01
9.436593627929687500e+01
1.178155746459960938e+02
1.098780670166015625e+02
1.156435165405273438e+02
1.109628295898437500e+02
1.143352584838867188e+02
1.052459564208984375e+02
1.182117691040039062e+02
1.247975463867187500e+02
1.198730926513671875e+02
1.172974929809570312e+02
1.206115798950195312e+02
1.280510711669921875e+02
1.193775253295898438e+02
1.163572006225585938e+02
1.038233871459960938e+02
1.101054534912109375e+02
1.124378433227539062e+02
1.111056747436523438e+02
1.028817443847656250e+02
1.043064651489257812e+02
1.103118743896484375e+02
1.149413757324218750e+02
1.095197982788085938e+02
1.029514389038085938e+02
1.085774993896484375e+02
1.160242767333984375e+02
1.125501556396484375e+02
1.139534988403320312e+02
1.118588562011718750e+02
1.111609497070312500e+02
1.025458602905273438e+02
1.087518005371093750e+02
1.117828140258789062e+02
1.062336502075195312e+02
1.087155303955078125e+02
1.085289535522460938e+02
1.098879241943359375e+02
1.155575942993164062e+02
1.041280288696289062e+02
1.047254867553710938e+02
1.093295364379882812e+02
9.751087951660156250e+01
1.067754364013671875e+02
1.009631958007812500e+02
1.040167999267578125e+02
1.026500320434570312e+02
1.039205093383789062e+02
1.019858779907226562e+02
9.975872802734375000e+01
1.091848297119140625e+02
1.000190811157226562e+02
1.091642150878906250e+02
1.173279876708984375e+02
1.025941390991210938e+02
1.132260055541992188e+02
1.061062622070312500e+02
1.081972885131835938e+02
1.037894210815429688e+02
9.587882995605468750e+01
9.519776916503906250e+01
1.044929275512695312e+02
9.353493499755859375e+01
9.552060699462890625e+01
1.002020339965820312e+02
1.087462387084960938e+02
1.061176986694335938e+02
1.082832641601562500e+02
1.074038925170898438e+02
1.086171264648437500e+02
1.020462341308593750e+02
1.033977661132812500e+02
1.049279785156250000e+02
1.051626205444335938e+02
9.784545135498046875e+01
9.837098693847656250e+01
1.010246963500976562e+02
1.028189697265625000e+02
1.162294769287109375e+02
1.048514785766601562e+02
1.120195999145507812e+02
1.030116195678710938e+02
1.061669006347656250e+02
1.060233764648437500e+02
1.075218582153320312e+02
1.162722167968750000e+02
1.138500747680664062e+02
1.014031753540039062e+02
1.106630172729492188e+02
1.063205642700195312e+02
1.053268966674804688e+02
1.010991973876953125e+02
1.012788314819335938e+02
1.004290924072265625e+02
1.059117431640625000e+02
1.211533737182617188e+02
1.154049148559570312e+02
1.191227569580078125e+02
1.154885330200195312e+02
1.122579421997070312e+02
1.178707656860351562e+02
1.134574813842773438e+02
1.158112182617187500e+02
1.213973922729492188e+02
1.049263916015625000e+02
1.144351425170898438e+02
1.155266571044921875e+02
1.150634841918945312e+02
1.074588623046875000e+02
1.098773117065429688e+02
1.179275817871093750e+02
1.159381713867187500e+02
1.101040954589843750e+02
1.013791732788085938e+02
1.025325164794921875e+02
1.037417068481445312e+02
1.017477798461914062e+02
1.078135986328125000e+02
1.003119506835937500e+02
1.116161270141601562e+02
1.026846389770507812e+02
1.065901107788085938e+02
9.966842651367187500e+01
1.018020172119140625e+02
9.796153259277343750e+01
9.896083831787109375e+01
1.065842971801757812e+02
1.127247848510742188e+02
9.765605926513671875e+01
1.108617172241210938e+02
1.031035537719726562e+02
1.029656906127929688e+02
9.268717193603515625e+01
1.002895126342773438e+02
9.971342468261718750e+01
1.248034515380859375e+02
9.671432495117187500e+01
9.280615997314453125e+01
1.022470932006835938e+02
9.632102203369140625e+01
9.734981536865234375e+01
9.992400360107421875e+01
1.010861587524414062e+02
1.010067672729492188e+02
9.555769348144531250e+01
1.009462890625000000e+02
1.051289672851562500e+02
1.023809509277343750e+02
1.087055282592773438e+02
9.836380767822265625e+01
1.042893295288085938e+02
9.946675109863281250e+01
1.062947845458984375e+02
1.079497909545898438e+02
9.576139831542968750e+01
1.002019653320312500e+02
9.876229858398437500e+01
1.019877624511718750e+02
9.848036193847656250e+01
1.014070816040039062e+02
9.376973724365234375e+01
9.751902770996093750e+01
9.842758178710937500e+01
9.929953765869140625e+01
9.800234222412109375e+01
1.046619720458984375e+02
9.279972839355468750e+01
9.444529724121093750e+01
9.452522277832031250e+01
9.754860687255859375e+01
9.897189331054687500e+01
8.893617248535156250e+01
9.769496917724609375e+01
1.034792175292968750e+02
9.655133819580078125e+01
8.853893280029296875e+01
9.238430023193359375e+01
8.587928009033203125e+01
8.051592254638671875e+01
8.601145935058593750e+01
8.956986236572265625e+01
8.424281311035156250e+01
9.157931518554687500e+01
8.846809387207031250e+01
8.322570037841796875e+01
8.551262664794921875e+01
8.212318420410156250e+01
8.544546508789062500e+01
8.642485809326171875e+01
8.625193023681640625e+01
8.793315887451171875e+01
8.637612152099609375e+01
8.925077819824218750e+01
8.817184448242187500e+01
9.257173156738281250e+01
9.473171997070312500e+01
8.203337097167968750e+01
8.998558044433593750e+01
8.627795410156250000e+01
9.056184387207031250e+01
8.892102050781250000e+01
9.284284210205078125e+01
1.073470916748046875e+02
1.080121994018554688e+02
9.407706451416015625e+01
9.631753540039062500e+01
9.537037658691406250e+01
9.764009094238281250e+01
9.718012237548828125e+01
8.730719757080078125e+01
9.068040466308593750e+01
9.069195556640625000e+01
8.600695037841796875e+01
8.483990478515625000e+01
8.122034454345703125e+01
9.029188537597656250e+01
9.487124633789062500e+01
8.459112548828125000e+01
9.369356536865234375e+01
9.216231536865234375e+01
9.022904968261718750e+01
9.774829864501953125e+01
7.826866149902343750e+01
9.498140716552734375e+01
9.530812835693359375e+01
8.073687744140625000e+01
9.154901885986328125e+01
8.611705780029296875e+01
9.106742095947265625e+01
8.570206451416015625e+01
8.676374053955078125e+01
9.167922210693359375e+01
9.939017486572265625e+01
9.720774841308593750e+01
9.545725250244140625e+01
9.906423950195312500e+01
9.274749755859375000e+01
9.783961486816406250e+01
8.568582153320312500e+01
8.454896545410156250e+01
9.616063690185546875e+01
9.117421722412109375e+01
8.485865020751953125e+01
9.054120635986328125e+01
9.351689147949218750e+01
8.554440307617187500e+01
9.004168701171875000e+01
8.057132720947265625e+01
8.982937622070312500e+01
8.484646606445312500e+01
8.342602539062500000e+01
9.230479431152343750e+01
8.050131225585937500e+01
8.702423095703125000e+01
8.692195129394531250e+01
8.847763061523437500e+01
8.820554351806640625e+01
8.817673492431640625e+01
8.965298461914062500e+01
8.818670654296875000e+01
8.714629364013671875e+01
8.570032501220703125e+01
8.824365997314453125e+01
1.026894912719726562e+02
9.152964782714843750e+01
9.437300109863281250e+01
9.001815795898437500e+01
8.767905426025390625e+01
9.243659210205078125e+01
8.962323760986328125e+01
8.954254913330078125e+01
9.794600677490234375e+01
8.177200317382812500e+01
8.931154632568359375e+01
8.160869598388671875e+01
8.623544311523437500e+01
8.050507354736328125e+01
8.691242218017578125e+01
8.933335876464843750e+01
8.389775085449218750e+01
8.185338592529296875e+01
7.804425048828125000e+01
8.970504760742187500e+01
8.271127319335937500e+01
8.534474945068359375e+01
8.779701995849609375e+01
8.286904907226562500e+01
8.218001556396484375e+01
8.501534271240234375e+01
7.725698089599609375e+01
8.525135040283203125e+01
9.537440490722656250e+01
9.135520172119140625e+01
9.045823669433593750e+01
8.927124023437500000e+01
8.254000091552734375e+01
8.455850219726562500e+01
8.326699829101562500e+01
8.033300018310546875e+01
7.795200347900390625e+01
8.812319946289062500e+01
8.527020263671875000e+01
8.249665832519531250e+01
8.584582519531250000e+01
8.228553009033203125e+01
7.864047241210937500e+01
8.248512268066406250e+01
8.086560058593750000e+01
8.190052795410156250e+01
8.727773284912109375e+01
7.891834259033203125e+01
7.803891754150390625e+01
8.927758026123046875e+01
9.657417297363281250e+01
8.083100128173828125e+01
9.229429626464843750e+01
9.170043945312500000e+01
8.909571838378906250e+01
