0.000000000000000000e+00
0.000000000000000000e+00
0.000000000000000000e+00
0.000000000000000000e+00
0.000000000000000000e+00
0.000000000000000000e+00
0.000000000000000000e+00
0.000000000000000000e+00
0.000000000000000000e+00
0.000000000000000000e+00
0.000000000000000000e+00
0.000000000000000000e+00
1.485182195901870728e-01
6.458094120025634766e-01
2.029260158538818359e+00
4.368024349212646484e+00
5.332352638244628906e+00
4.600397586822509766e+00
4.527255058288574219e+00
4.445488452911376953e+00
7.142502784729003906e+00
6.840051174163818359e+00
1.430975627899169922e+01
2.077449989318847656e+01
2.350897216796875000e+01
2.859092712402343750e+01
3.557163238525390625e+01
5.744461822509765625e+01
8.005996704101562500e+01
8.600865173339843750e+01
1.449702911376953125e+02
1.920987243652343750e+02
1.319249114990234375e+02
1.211270751953125000e+02
1.413868408203125000e+02
1.586113891601562500e+02
1.467287139892578125e+02
1.490480804443359375e+02
1.444499664306640625e+02
1.442005310058593750e+02
1.602535552978515625e+02
1.436787261962890625e+02
1.371805267333984375e+02
1.745264892578125000e+02
1.578835906982421875e+02
1.544214324951171875e+02
1.694526214599609375e+02
1.525394134521484375e+02
1.407266693115234375e+02
1.360258331298828125e+02
1.541413726806640625e+02
1.547637939453125000e+02
3.007115173339843750e+02
2.978299865722656250e+02
2.923179931640625000e+02
3.649070434570312500e+02
3.408947448730468750e+02
3.123191528320312500e+02
2.847282409667968750e+02
2.679802246093750000e+02
2.600614318847656250e+02
2.668166809082031250e+02
2.579877319335937500e+02
2.529557495117187500e+02
2.526162261962890625e+02
2.515344085693359375e+02
2.434887542724609375e+02
2.487021942138671875e+02
2.489750976562500000e+02
2.687072448730468750e+02
4.538634643554687500e+02
3.619545593261718750e+02
2.931737060546875000e+02
2.635444335937500000e+02
2.468499450683593750e+02
2.142435760498046875e+02
1.973003997802734375e+02
1.985472106933593750e+02
1.950279388427734375e+02
2.000335998535156250e+02
2.376138458251953125e+02
2.056539459228515625e+02
2.063368988037109375e+02
2.211227569580078125e+02
2.061521606445312500e+02
1.841891937255859375e+02
1.864644927978515625e+02
1.906749725341796875e+02
2.031644439697265625e+02
2.561040344238281250e+02
2.049285736083984375e+02
2.059988708496093750e+02
2.155808715820312500e+02
2.417515869140625000e+02
2.372906646728515625e+02
2.624224853515625000e+02
2.390063171386718750e+02
2.480271606445312500e+02
2.240909423828125000e+02
2.528139038085937500e+02
2.288048553466796875e+02
2.296278381347656250e+02
2.214872436523437500e+02
2.132785186767578125e+02
2.117923431396484375e+02
2.099445648193359375e+02
2.461488494873046875e+02
2.127928771972656250e+02
2.289920043945312500e+02
2.044040832519531250e+02
2.042825012207031250e+02
1.877133941650390625e+02
1.799225311279296875e+02
1.746618804931640625e+02
1.710800018310546875e+02
1.660875244140625000e+02
2.138970794677734375e+02
1.856319274902343750e+02
1.802370605468750000e+02
1.775444946289062500e+02
1.752260284423828125e+02
1.700963745117187500e+02
1.803087463378906250e+02
1.619962768554687500e+02
1.591119995117187500e+02
1.609904174804687500e+02
1.596983489990234375e+02
1.566304016113281250e+02
1.537786560058593750e+02
1.541438446044921875e+02
1.498603363037109375e+02
1.494772491455078125e+02
1.500417480468750000e+02
1.478868865966796875e+02
1.440533142089843750e+02
1.448452453613281250e+02
1.407567749023437500e+02
1.393909759521484375e+02
1.366482391357421875e+02
1.398480377197265625e+02
1.393894348144531250e+02
1.418628082275390625e+02
1.437874603271484375e+02
1.409686737060546875e+02
1.371722869873046875e+02
1.363943176269531250e+02
1.347432250976562500e+02
1.314216918945312500e+02
1.315530700683593750e+02
1.369775695800781250e+02
1.317509002685546875e+02
1.304617614746093750e+02
1.282960968017578125e+02
1.262840652465820312e+02
1.234138565063476562e+02
1.240832214355468750e+02
1.231449737548828125e+02
1.383569488525390625e+02
1.346785888671875000e+02
1.312072296142578125e+02
1.287731781005859375e+02
1.342591400146484375e+02
1.330219421386718750e+02
1.306757507324218750e+02
1.302098693847656250e+02
1.269490661621093750e+02
1.253047637939453125e+02
1.240073623657226562e+02
1.223474349975585938e+02
1.185617370605468750e+02
1.178417129516601562e+02
1.169182968139648438e+02
1.185129547119140625e+02
1.136210327148437500e+02
1.101066589355468750e+02
1.085970535278320312e+02
1.063585815429687500e+02
1.053359222412109375e+02
1.043966369628906250e+02
1.016293716430664062e+02
9.971965026855468750e+01
9.988215637207031250e+01
9.821124267578125000e+01
9.829128265380859375e+01
9.654643249511718750e+01
9.504994201660156250e+01
9.310524749755859375e+01
9.209708404541015625e+01
9.217551422119140625e+01
9.046226501464843750e+01
8.965264129638671875e+01
8.598326873779296875e+01
8.604764556884765625e+01
8.458689117431640625e+01
8.805072021484375000e+01
8.617212677001953125e+01
8.439648437500000000e+01
8.394753265380859375e+01
8.235605621337890625e+01
8.313416290283203125e+01
8.319420623779296875e+01
8.228173065185546875e+01
8.101737213134765625e+01
7.913909149169921875e+01
7.772451019287109375e+01
7.733370208740234375e+01
7.648670196533203125e+01
7.647775268554687500e+01
7.484828186035156250e+01
7.577494812011718750e+01
7.296089172363281250e+01
7.319206237792968750e+01
7.309459686279296875e+01
7.295293426513671875e+01
7.137783050537109375e+01
7.016519165039062500e+01
7.685840606689453125e+01
7.858097076416015625e+01
7.644768524169921875e+01
7.465721893310546875e+01
7.520233154296875000e+01
7.585931396484375000e+01
7.481002807617187500e+01
7.495034027099609375e+01
7.461525726318359375e+01
7.526112365722656250e+01
7.501146697998046875e+01
7.368207550048828125e+01
7.165712738037109375e+01
7.109812927246093750e+01
7.030506896972656250e+01
7.811709594726562500e+01
7.574658966064453125e+01
7.163777923583984375e+01
7.009712982177734375e+01
6.859947967529296875e+01
7.008596038818359375e+01
6.905750274658203125e+01
6.854123687744140625e+01
6.681130981445312500e+01
6.793532562255859375e+01
6.533795928955078125e+01
7.860001373291015625e+01
7.207714843750000000e+01
7.084693908691406250e+01
7.026556396484375000e+01
7.112821197509765625e+01
9.802803802490234375e+01
8.384522247314453125e+01
7.644674682617187500e+01
7.480468750000000000e+01
7.618963623046875000e+01
7.511663055419921875e+01
7.422723388671875000e+01
7.654647064208984375e+01
7.190789031982421875e+01
6.953285217285156250e+01
6.780323028564453125e+01
6.709707641601562500e+01
7.326808166503906250e+01
7.507059478759765625e+01
7.243848419189453125e+01
7.414209747314453125e+01
7.511535644531250000e+01
7.468965911865234375e+01
7.164218139648437500e+01
7.340459442138671875e+01
7.248680877685546875e+01
6.823696899414062500e+01
6.960507965087890625e+01
7.204268646240234375e+01
7.014398193359375000e+01
7.238919067382812500e+01
7.175583648681640625e+01
7.018882751464843750e+01
6.969550323486328125e+01
6.825625610351562500e+01
7.463774871826171875e+01
7.842961883544921875e+01
7.581591033935546875e+01
7.153413391113281250e+01
7.104705810546875000e+01
7.098595428466796875e+01
7.288029479980468750e+01
7.419202423095703125e+01
7.621451568603515625e+01
7.232520294189453125e+01
7.191034698486328125e+01
7.108471679687500000e+01
6.958351898193359375e+01
6.834973907470703125e+01
7.079499816894531250e+01
6.968962097167968750e+01
6.703057861328125000e+01
7.139196777343750000e+01
6.847752380371093750e+01
6.857054138183593750e+01
6.754180145263671875e+01
6.804745483398437500e+01
6.825202941894531250e+01
6.818496704101562500e+01
6.544872283935546875e+01
6.586912536621093750e+01
6.492086791992187500e+01
7.160413360595703125e+01
6.315906143188476562e+01
6.443155670166015625e+01
6.223877334594726562e+01
7.003651428222656250e+01
6.707585144042968750e+01
6.516012573242187500e+01
6.602941894531250000e+01
6.336555862426757812e+01
6.572147369384765625e+01
6.326911544799804688e+01
6.192522048950195312e+01
7.257250213623046875e+01
6.692530059814453125e+01
6.602420043945312500e+01
6.221691131591796875e+01
6.520581054687500000e+01
6.438831329345703125e+01
6.713404846191406250e+01
6.252049636840820312e+01
6.180438995361328125e+01
6.074728012084960938e+01
7.440394592285156250e+01
6.674266052246093750e+01
6.492953491210937500e+01
6.711298370361328125e+01
6.303005981445312500e+01
6.399775695800781250e+01
6.059430313110351562e+01
6.526986694335937500e+01
6.768637084960937500e+01
6.250402450561523438e+01
6.322753906250000000e+01
6.502924346923828125e+01
6.539305114746093750e+01
8.038439178466796875e+01
7.718541717529296875e+01
7.319625091552734375e+01
6.655813598632812500e+01
6.812007904052734375e+01
7.144403839111328125e+01
7.331279754638671875e+01
6.755966949462890625e+01
7.058216094970703125e+01
6.953668975830078125e+01
6.776412200927734375e+01
7.432442474365234375e+01
7.155750274658203125e+01
6.949803161621093750e+01
6.466002655029296875e+01
6.731319427490234375e+01
8.889807891845703125e+01
7.682804870605468750e+01
7.077993774414062500e+01
7.054586029052734375e+01
7.017114257812500000e+01
7.060334777832031250e+01
7.336656188964843750e+01
6.986721038818359375e+01
7.295201873779296875e+01
7.162409210205078125e+01
7.249872589111328125e+01
7.517872619628906250e+01
7.274835205078125000e+01
7.209040832519531250e+01
7.007485961914062500e+01
6.897569274902343750e+01
6.971358489990234375e+01
6.811783599853515625e+01
6.752989196777343750e+01
7.246688842773437500e+01
6.949942779541015625e+01
7.012009429931640625e+01
6.560584259033203125e+01
7.065140533447265625e+01
7.754476928710937500e+01
7.379070281982421875e+01
6.492793273925781250e+01
6.981397247314453125e+01
7.265358734130859375e+01
7.254168701171875000e+01
7.194384002685546875e+01
6.566169738769531250e+01
7.369911193847656250e+01
7.089145660400390625e+01
6.712740325927734375e+01
7.123069000244140625e+01
7.028912353515625000e+01
6.387703704833984375e+01
6.413890075683593750e+01
6.438019561767578125e+01
8.331667327880859375e+01
7.390469360351562500e+01
7.388315582275390625e+01
6.772621154785156250e+01
6.720226287841796875e+01
6.881470489501953125e+01
7.463643646240234375e+01
6.773207092285156250e+01
7.327563476562500000e+01
6.509368896484375000e+01
6.674440765380859375e+01
6.316824722290039062e+01
6.751902008056640625e+01
7.461028289794921875e+01
6.761288452148437500e+01
6.680703735351562500e+01
7.090280151367187500e+01
7.463509368896484375e+01
6.561331939697265625e+01
6.788843536376953125e+01
6.791796875000000000e+01
7.528053283691406250e+01
7.371331024169921875e+01
8.625083160400390625e+01
7.305282592773437500e+01
8.045342254638671875e+01
7.776815795898437500e+01
8.439990997314453125e+01
7.722206115722656250e+01
8.500484466552734375e+01
8.120737457275390625e+01
8.124804687500000000e+01
8.203062438964843750e+01
7.989154052734375000e+01
7.727581024169921875e+01
7.820993804931640625e+01
7.982418823242187500e+01
7.615607452392578125e+01
8.268045043945312500e+01
8.675363922119140625e+01
7.776919555664062500e+01
1.047771148681640625e+02
9.532592010498046875e+01
1.059323577880859375e+02
1.224200973510742188e+02
1.108712387084960938e+02
1.046525955200195312e+02
1.084697799682617188e+02
1.129908065795898438e+02
1.016635131835937500e+02
1.024174041748046875e+02
1.047693786621093750e+02
1.078412475585937500e+02
1.003717041015625000e+02
1.007890777587890625e+02
1.063536071777343750e+02
1.121800689697265625e+02
1.259883117675781250e+02
1.095724563598632812e+02
1.074703063964843750e+02
1.147794494628906250e+02
1.064519195556640625e+02
9.928540802001953125e+01
9.548497772216796875e+01
9.376182556152343750e+01
1.018268356323242188e+02
1.097312164306640625e+02
1.055205612182617188e+02
1.030450286865234375e+02
1.008622512817382812e+02
1.095981903076171875e+02
9.462217712402343750e+01
9.777046966552734375e+01
9.522696685791015625e+01
9.453162384033203125e+01
9.586204528808593750e+01
9.693524932861328125e+01
9.672850799560546875e+01
9.555799865722656250e+01
8.734266662597656250e+01
8.625254058837890625e+01
9.450926208496093750e+01
9.724117279052734375e+01
9.245456695556640625e+01
9.023211669921875000e+01
9.221524047851562500e+01
9.579332733154296875e+01
8.712068939208984375e+01
9.023870086669921875e+01
9.116863250732421875e+01
9.290335083007812500e+01
9.270362854003906250e+01
9.483328247070312500e+01
9.961951446533203125e+01
9.314788818359375000e+01
1.149994049072265625e+02
1.023958282470703125e+02
1.067387466430664062e+02
1.014631881713867188e+02
9.927127838134765625e+01
1.078310165405273438e+02
9.849246978759765625e+01
9.924931335449218750e+01
9.887107849121093750e+01
9.106001281738281250e+01
9.530759429931640625e+01
9.560350036621093750e+01
9.913020324707031250e+01
9.372691345214843750e+01
1.050818634033203125e+02
9.304537963867187500e+01
9.356309509277343750e+01
9.121168518066406250e+01
9.255549621582031250e+01
9.107417297363281250e+01
1.032249298095703125e+02
9.533665466308593750e+01
1.003937454223632812e+02
9.237084960937500000e+01
9.835372161865234375e+01
9.313156127929687500e+01
8.807937622070312500e+01
9.900933074951171875e+01
9.809889221191406250e+01
1.113306350708007812e+02
9.571003723144531250e+01
9.125008392333984375e+01
1.121370620727539062e+02
8.610151672363281250e+01
1.067050628662109375e+02
1.008743743896484375e+02
1.028931274414062500e+02
9.407904815673828125e+01
1.010734176635742188e+02
9.858403015136718750e+01
8.915597534179687500e+01
9.506391143798828125e+01
9.820870208740234375e+01
9.475250244140625000e+01
9.345600128173828125e+01
9.520954895019531250e+01
8.791522216796875000e+01
8.912713623046875000e+01
8.878514862060546875e+01
9.408200836181640625e+01
8.535828399658203125e+01
8.386759185791015625e+01
9.555281066894531250e+01
9.036884307861328125e+01
9.294561004638671875e+01
8.503787231445312500e+01
9.094805908203125000e+01
8.760565185546875000e+01
8.973165893554687500e+01
9.832551574707031250e+01
9.154110717773437500e+01
9.475542449951171875e+01
8.620272064208984375e+01
8.733029937744140625e+01
8.970222473144531250e+01
8.650875091552734375e+01
8.712489318847656250e+01
8.645582580566406250e+01
8.342510986328125000e+01
8.349618530273437500e+01
9.229404449462890625e+01
1.003084869384765625e+02
8.542818450927734375e+01
8.519415283203125000e+01
9.013777923583984375e+01
9.228306579589843750e+01
8.318907928466796875e+01
9.383798217773437500e+01
8.774645996093750000e+01
8.920709228515625000e+01
9.624668884277343750e+01
8.563087463378906250e+01
8.266322326660156250e+01
9.169568634033203125e+01
9.321078491210937500e+01
9.623195648193359375e+01
8.819018554687500000e+01
9.688430023193359375e+01
9.592595672607421875e+01
8.688014984130859375e+01
8.910385894775390625e+01
9.024900817871093750e+01
1.004356689453125000e+02
1.059770278930664062e+02
9.740007781982421875e+01
9.843690490722656250e+01
9.991548156738281250e+01
1.091035919189453125e+02
1.154342346191406250e+02
1.003408355712890625e+02
9.224216461181640625e+01
9.540535736083984375e+01
8.975708007812500000e+01
9.939056396484375000e+01
1.054865798950195312e+02
1.034921722412109375e+02
1.042238464355468750e+02
1.003132781982421875e+02
1.026408004760742188e+02
9.137553405761718750e+01
9.634136199951171875e+01
9.371396636962890625e+01
1.005314025878906250e+02
9.956417083740234375e+01
1.042114334106445312e+02
9.660176849365234375e+01
1.007090225219726562e+02
9.889696502685546875e+01
1.000184173583984375e+02
9.544802856445312500e+01
1.016681594848632812e+02
1.048124618530273438e+02
9.499494171142578125e+01
9.847779083251953125e+01
1.003312225341796875e+02
9.849882507324218750e+01
1.033463592529296875e+02
1.057256240844726562e+02
1.021536712646484375e+02
9.766300201416015625e+01
1.082908630371093750e+02
1.243813705444335938e+02
9.945204162597656250e+01
1.039454040527343750e+02
9.316054534912109375e+01
9.202218627929687500e+01
9.539479827880859375e+01
1.209976577758789062e+02
1.104358901977539062e+02
1.218265914916992188e+02
1.086203994750976562e+02
1.046175994873046875e+02
1.102071762084960938e+02
1.089844207763671875e+02
1.038712692260742188e+02
1.063718109130859375e+02
1.283507232666015625e+02
1.279518051147460938e+02
1.234036026000976562e+02
1.304851074218750000e+02
1.160962600708007812e+02
1.112146911621093750e+02
1.048320159912109375e+02
1.137251434326171875e+02
9.621043395996093750e+01
9.920066833496093750e+01
9.770836639404296875e+01
1.016705169677734375e+02
9.913057708740234375e+01
1.017838516235351562e+02
1.118107147216796875e+02
1.049723281860351562e+02
1.021617889404296875e+02
9.585649871826171875e+01
1.130778884887695312e+02
1.012717819213867188e+02
1.007532348632812500e+02
9.622279357910156250e+01
1.105468139648437500e+02
1.083069992065429688e+02
1.015607528686523438e+02
1.108167800903320312e+02
1.007890243530273438e+02
1.032727050781250000e+02
1.018418731689453125e+02
9.580027008056640625e+01
8.659067535400390625e+01
1.003119506835937500e+02
9.285507965087890625e+01
9.809386444091796875e+01
9.497277832031250000e+01
9.963616943359375000e+01
9.653151702880859375e+01
9.722122955322265625e+01
9.552957916259765625e+01
9.214160919189453125e+01
1.038241424560546875e+02
1.070159301757812500e+02
9.914736175537109375e+01
9.712588500976562500e+01
1.028385314941406250e+02
1.046270751953125000e+02
9.564147186279296875e+01
1.116383590698242188e+02
1.006683959960937500e+02
1.023358306884765625e+02
1.038283309936523438e+02
1.009195785522460938e+02
1.011585617065429688e+02
1.007297439575195312e+02
1.022502975463867188e+02
9.773810577392578125e+01
1.015705490112304688e+02
1.014331130981445312e+02
9.954515838623046875e+01
1.025557403564453125e+02
9.523358917236328125e+01
1.012122497558593750e+02
9.918106842041015625e+01
1.213656616210937500e+02
1.245177001953125000e+02
1.252296295166015625e+02
1.199037475585937500e+02
1.184744796752929688e+02
1.206252212524414062e+02
1.100297317504882812e+02
1.232317733764648438e+02
1.180337982177734375e+02
1.163046951293945312e+02
1.222562561035156250e+02
1.223388595581054688e+02
1.336811828613281250e+02
1.161194534301757812e+02
1.153679046630859375e+02
1.172757339477539062e+02
1.104337234497070312e+02
1.106163253784179688e+02
1.157106704711914062e+02
1.137638854980468750e+02
1.076619415283203125e+02
1.117621231079101562e+02
1.127820510864257812e+02
1.070814590454101562e+02
1.066042633056640625e+02
1.004049530029296875e+02
1.089602966308593750e+02
1.025590438842773438e+02
1.073015441894531250e+02
1.077761840820312500e+02
1.054987945556640625e+02
9.793950653076171875e+01
9.647158050537109375e+01
1.043535995483398438e+02
1.053377914428710938e+02
9.608368682861328125e+01
9.571339416503906250e+01
9.703779602050781250e+01
9.304407501220703125e+01
9.468478393554687500e+01
9.893527984619140625e+01
9.753536987304687500e+01
9.753429412841796875e+01
9.770114135742187500e+01
1.079010925292968750e+02
1.077181396484375000e+02
1.053748245239257812e+02
1.076658248901367188e+02
1.081258621215820312e+02
1.021735687255859375e+02
9.833139038085937500e+01
1.127982711791992188e+02
1.064882965087890625e+02
1.145175476074218750e+02
9.576072692871093750e+01
1.156717376708984375e+02
9.895941925048828125e+01
1.072597503662109375e+02
1.046807785034179688e+02
1.204189529418945312e+02
1.081012039184570312e+02
1.088997116088867188e+02
1.096128616333007812e+02
1.096447677612304688e+02
1.051161727905273438e+02
1.099816894531250000e+02
1.145094223022460938e+02
1.045466232299804688e+02
1.042368698120117188e+02
1.046828460693359375e+02
1.120431900024414062e+02
9.815870666503906250e+01
1.127639389038085938e+02
1.064922180175781250e+02
1.238535766601562500e+02
1.105487976074218750e+02
1.103069458007812500e+02
1.169564666748046875e+02
1.069467697143554688e+02
1.062136077880859375e+02
1.013322677612304688e+02
9.937618255615234375e+01
1.105425949096679688e+02
1.006165771484375000e+02
9.861881256103515625e+01
1.090810928344726562e+02
9.873557281494140625e+01
1.051289443969726562e+02
1.039801788330078125e+02
9.433001708984375000e+01
9.214938354492187500e+01
9.478727722167968750e+01
9.908397674560546875e+01
9.295790863037109375e+01
8.949964141845703125e+01
9.611888885498046875e+01
1.005619277954101562e+02
9.478856658935546875e+01
9.745720672607421875e+01
9.472778320312500000e+01
9.637770843505859375e+01
9.931020355224609375e+01
9.620061492919921875e+01
8.927348327636718750e+01
1.035489730834960938e+02
1.353026428222656250e+02
1.242265853881835938e+02
1.227076721191406250e+02
1.289418182373046875e+02
1.351176147460937500e+02
1.276966552734375000e+02
1.310439300537109375e+02
1.354682769775390625e+02
1.371864166259765625e+02
1.277627487182617188e+02
1.297091522216796875e+02
1.326903076171875000e+02
1.275032043457031250e+02
1.285649414062500000e+02
1.295194091796875000e+02
1.377222595214843750e+02
1.311138458251953125e+02
1.346003723144531250e+02
1.276040725708007812e+02
1.275657653808593750e+02
1.180263595581054688e+02
1.186216583251953125e+02
1.210125656127929688e+02
1.242107009887695312e+02
1.108801574707031250e+02
1.097652359008789062e+02
1.139247055053710938e+02
1.185726547241210938e+02
1.058882141113281250e+02
1.157627487182617188e+02
1.090205688476562500e+02
1.065237350463867188e+02
1.102672042846679688e+02
1.039602508544921875e+02
1.082340621948242188e+02
1.009321441650390625e+02
1.085761795043945312e+02
1.030658569335937500e+02
1.098726043701171875e+02
1.027011489868164062e+02
1.070068893432617188e+02
9.805382537841796875e+01
9.487583160400390625e+01
9.525231170654296875e+01
1.027074127197265625e+02
1.004151229858398438e+02
1.143954544067382812e+02
9.573087310791015625e+01
1.027224655151367188e+02
9.643789672851562500e+01
1.007874374389648438e+02
9.882934570312500000e+01
1.074905624389648438e+02
9.794703674316406250e+01
9.417774200439453125e+01
9.500266265869140625e+01
9.015917205810546875e+01
9.430065917968750000e+01
1.029615173339843750e+02
1.057899856567382812e+02
1.088970489501953125e+02
9.737299346923828125e+01
1.000900726318359375e+02
1.024896697998046875e+02
9.847352600097656250e+01
1.064436111450195312e+02
1.024503250122070312e+02
1.008458938598632812e+02
1.039843139648437500e+02
1.000378112792968750e+02
9.624411773681640625e+01
1.024142379760742188e+02
9.593753051757812500e+01
1.009276733398437500e+02
1.010408096313476562e+02
1.051496582031250000e+02
1.022328186035156250e+02
1.042802505493164062e+02
1.040703506469726562e+02
1.052983093261718750e+02
9.779967498779296875e+01
9.564575958251953125e+01
9.250370025634765625e+01
1.005223312377929688e+02
9.493440246582031250e+01
1.084957504272460938e+02
9.951950073242187500e+01
9.935319519042968750e+01
9.284307098388671875e+01
9.788628387451171875e+01
1.003275222778320312e+02
1.008521575927734375e+02
1.105374145507812500e+02
1.048080978393554688e+02
9.590547180175781250e+01
1.033429412841796875e+02
9.352766418457031250e+01
1.071780014038085938e+02
1.151937942504882812e+02
1.294595642089843750e+02
1.142265625000000000e+02
1.255322570800781250e+02
1.153566970825195312e+02
1.155305786132812500e+02
1.130311050415039062e+02
1.193124694824218750e+02
1.222285232543945312e+02
1.141069564819335938e+02
1.125521697998046875e+02
1.175922470092773438e+02
1.068489990234375000e+02
1.227041549682617188e+02
1.153173980712890625e+02
1.121930007934570312e+02
1.158432769775390625e+02
1.218653411865234375e+02
1.202423248291015625e+02
1.178731079101562500e+02
1.191380157470703125e+02
1.139016418457031250e+02
1.186923446655273438e+02
1.062792968750000000e+02
1.289561614990234375e+02
1.210297698974609375e+02
1.204520339965820312e+02
1.289459533691406250e+02
1.082472000122070312e+02
1.097273406982421875e+02
1.077975082397460938e+02
1.151363906860351562e+02
1.116384963989257812e+02
1.119639968872070312e+02
1.227162399291992188e+02
1.301881713867187500e+02
1.051492004394531250e+02
1.126442794799804688e+02
1.173045501708984375e+02
1.108931274414062500e+02
1.120163269042968750e+02
1.116527862548828125e+02
1.059047393798828125e+02
1.076635208129882812e+02
1.173308410644531250e+02
1.172790603637695312e+02
1.263060150146484375e+02
1.217636413574218750e+02
1.168690490722656250e+02
1.189067306518554688e+02
1.171738052368164062e+02
1.039797821044921875e+02
1.116079406738281250e+02
1.164053649902343750e+02
1.229095153808593750e+02
1.192326278686523438e+02
1.107319564819335938e+02
1.247611923217773438e+02
1.097471466064453125e+02
1.094220275878906250e+02
1.165447463989257812e+02
1.169593582153320312e+02
1.144794998168945312e+02
1.247326583862304688e+02
1.226853332519531250e+02
1.149790878295898438e+02
1.135685348510742188e+02
1.226186065673828125e+02
1.235536651611328125e+02
1.100597991943359375e+02
1.067529373168945312e+02
1.115202255249023438e+02
1.106460800170898438e+02
1.114020690917968750e+02
1.254300308227539062e+02
1.157939376831054688e+02
1.336165161132812500e+02
1.370160675048828125e+02
1.198767623901367188e+02
1.161157302856445312e+02
1.395379638671875000e+02
1.381209716796875000e+02
1.459789428710937500e+02
1.281029205322265625e+02
1.398908996582031250e+02
1.366281738281250000e+02
1.349205627441406250e+02
1.514669647216796875e+02
1.412765197753906250e+02
1.392950286865234375e+02
1.337487640380859375e+02
1.319012451171875000e+02
1.303596954345703125e+02
1.381629791259765625e+02
1.332552337646484375e+02
1.336133117675781250e+02
1.280614929199218750e+02
1.357414550781250000e+02
