0.000000000000000000e+00
0.000000000000000000e+00
0.000000000000000000e+00
0.000000000000000000e+00
0.000000000000000000e+00
0.000000000000000000e+00
0.000000000000000000e+00
0.000000000000000000e+00
0.000000000000000000e+00
0.000000000000000000e+00
0.000000000000000000e+00
0.000000000000000000e+00
0.000000000000000000e+00
0.000000000000000000e+00
8.112234622240066528e-02
2.119387835264205933e-01
1.192730188369750977e+00
3.614402294158935547e+00
5.608862400054931641e+00
6.113829612731933594e+00
1.375420188903808594e+01
9.374846458435058594e+00
9.650981903076171875e+00
1.353810214996337891e+01
2.002422523498535156e+01
1.466584587097167969e+01
1.720485115051269531e+01
1.421800613403320312e+01
1.444353103637695312e+01
6.817931365966796875e+01
6.140316772460937500e+01
4.081971740722656250e+01
3.430312347412109375e+01
3.037093353271484375e+01
2.852678489685058594e+01
3.140680122375488281e+01
2.869641685485839844e+01
3.204774856567382812e+01
3.226035308837890625e+01
3.302584457397460938e+01
4.191488265991210938e+01
4.943206405639648438e+01
4.826804733276367188e+01
5.667334365844726562e+01
5.244231796264648438e+01
5.631423950195312500e+01
5.332485580444335938e+01
5.435768127441406250e+01
5.715639495849609375e+01
6.259793090820312500e+01
6.629761505126953125e+01
5.424875640869140625e+01
9.484053802490234375e+01
8.221780395507812500e+01
7.613582611083984375e+01
9.040782165527343750e+01
1.064949035644531250e+02
9.498281097412109375e+01
8.971101379394531250e+01
8.209918212890625000e+01
7.455924987792968750e+01
7.045042419433593750e+01
8.040343475341796875e+01
7.832601928710937500e+01
8.000255584716796875e+01
7.146868133544921875e+01
7.533112335205078125e+01
7.401454925537109375e+01
7.195436859130859375e+01
6.766365814208984375e+01
6.547103118896484375e+01
6.813488769531250000e+01
6.654644775390625000e+01
8.244895172119140625e+01
7.244440460205078125e+01
7.192351531982421875e+01
6.714048767089843750e+01
6.594213867187500000e+01
7.658193969726562500e+01
7.685136413574218750e+01
7.771183013916015625e+01
7.746848297119140625e+01
1.029021224975585938e+02
1.238540725708007812e+02
1.090783004760742188e+02
1.077559738159179688e+02
9.088722991943359375e+01
8.722286224365234375e+01
8.375171661376953125e+01
8.550712585449218750e+01
8.903624725341796875e+01
1.075149078369140625e+02
9.090306091308593750e+01
9.322586059570312500e+01
9.326625061035156250e+01
8.280844879150390625e+01
8.023065948486328125e+01
1.831821594238281250e+02
9.999729156494140625e+01
8.812156677246093750e+01
8.164438629150390625e+01
7.531124877929687500e+01
6.991242218017578125e+01
6.745600128173828125e+01
6.756080627441406250e+01
6.566957855224609375e+01
6.850937652587890625e+01
6.518776702880859375e+01
6.604084777832031250e+01
6.409237670898437500e+01
6.344379806518554688e+01
6.215643692016601562e+01
6.136293029785156250e+01
6.038821792602539062e+01
7.656983184814453125e+01
6.634317779541015625e+01
1.146986007690429688e+02
8.025013732910156250e+01
8.453777313232421875e+01
7.535964965820312500e+01
8.102779388427734375e+01
7.823305511474609375e+01
8.535215759277343750e+01
9.719450378417968750e+01
8.498538970947265625e+01
1.324323577880859375e+02
9.032543945312500000e+01
8.603234100341796875e+01
8.301509094238281250e+01
7.981349945068359375e+01
8.507978820800781250e+01
7.779555511474609375e+01
7.854078674316406250e+01
7.398564147949218750e+01
7.309355926513671875e+01
7.274987792968750000e+01
7.058215332031250000e+01
6.829744720458984375e+01
7.185359954833984375e+01
6.882140350341796875e+01
6.950059509277343750e+01
6.814848327636718750e+01
6.570278167724609375e+01
6.351386260986328125e+01
7.057338714599609375e+01
7.008926391601562500e+01
7.186264038085937500e+01
7.217227935791015625e+01
7.020664978027343750e+01
6.894898223876953125e+01
7.470410156250000000e+01
7.119756317138671875e+01
6.824403381347656250e+01
6.815968322753906250e+01
7.313409423828125000e+01
7.028285980224609375e+01
6.989459991455078125e+01
6.730023193359375000e+01
6.716149902343750000e+01
6.179355621337890625e+01
6.620921325683593750e+01
6.317733001708984375e+01
6.721368408203125000e+01
6.353031921386718750e+01
6.708843994140625000e+01
6.140448379516601562e+01
5.939568710327148438e+01
6.072478866577148438e+01
6.471385192871093750e+01
7.295661163330078125e+01
6.586869812011718750e+01
6.313042831420898438e+01
7.703178405761718750e+01
7.555290985107421875e+01
7.377253723144531250e+01
7.393648529052734375e+01
6.968238830566406250e+01
7.208617401123046875e+01
7.162003326416015625e+01
6.853653717041015625e+01
6.821670532226562500e+01
6.927609252929687500e+01
7.117088317871093750e+01
7.459395599365234375e+01
6.619422912597656250e+01
6.289710998535156250e+01
6.382291030883789062e+01
6.745329284667968750e+01
6.447578430175781250e+01
7.091587829589843750e+01
7.830502319335937500e+01
6.886118316650390625e+01
6.530963897705078125e+01
6.579319000244140625e+01
1.074720916748046875e+02
9.204518890380859375e+01
7.973385620117187500e+01
6.859920501708984375e+01
7.032870483398437500e+01
8.841223144531250000e+01
6.657068634033203125e+01
8.618971252441406250e+01
7.912284851074218750e+01
6.519642639160156250e+01
6.375282669067382812e+01
6.187151718139648438e+01
6.109225082397460938e+01
6.762522125244140625e+01
6.650214385986328125e+01
6.745093536376953125e+01
6.690502929687500000e+01
8.484452819824218750e+01
9.022836303710937500e+01
8.319740295410156250e+01
7.848323059082031250e+01
8.169314575195312500e+01
8.133634948730468750e+01
8.784828186035156250e+01
7.593101501464843750e+01
7.119181823730468750e+01
7.049594116210937500e+01
6.814960479736328125e+01
6.919610595703125000e+01
6.908260345458984375e+01
7.847829437255859375e+01
8.544624328613281250e+01
9.112426757812500000e+01
8.366931915283203125e+01
8.064545440673828125e+01
1.065745239257812500e+02
9.595260620117187500e+01
1.181115951538085938e+02
1.099077682495117188e+02
1.227677993774414062e+02
1.399698181152343750e+02
1.403072204589843750e+02
1.431592407226562500e+02
1.485374450683593750e+02
3.044721374511718750e+02
1.522848205566406250e+02
1.270712738037109375e+02
1.207601928710937500e+02
1.174424057006835938e+02
1.097094039916992188e+02
1.176976852416992188e+02
1.151894149780273438e+02
1.106778869628906250e+02
1.043823776245117188e+02
1.103548278808593750e+02
1.201972656250000000e+02
1.161624603271484375e+02
1.316082000732421875e+02
1.287066192626953125e+02
1.277189331054687500e+02
1.283574523925781250e+02
1.267022323608398438e+02
1.264489822387695312e+02
1.303181610107421875e+02
1.312387695312500000e+02
1.388446197509765625e+02
1.430801086425781250e+02
1.385982208251953125e+02
1.390755004882812500e+02
1.416774902343750000e+02
1.521495666503906250e+02
1.369262542724609375e+02
1.395613403320312500e+02
1.561132812500000000e+02
1.508346862792968750e+02
1.641432952880859375e+02
1.564579010009765625e+02
1.515032806396484375e+02
1.560558776855468750e+02
1.459172515869140625e+02
1.541630706787109375e+02
1.461246185302734375e+02
1.540861511230468750e+02
1.893970489501953125e+02
1.961573791503906250e+02
1.793512878417968750e+02
1.650265960693359375e+02
1.724447326660156250e+02
1.756619415283203125e+02
1.680703735351562500e+02
1.663042144775390625e+02
1.619687957763671875e+02
1.728765869140625000e+02
1.715264129638671875e+02
1.777179260253906250e+02
1.690610961914062500e+02
1.762928924560546875e+02
1.780620880126953125e+02
1.737898101806640625e+02
1.790275573730468750e+02
1.841392822265625000e+02
1.929213714599609375e+02
2.095176544189453125e+02
2.020033416748046875e+02
1.994694671630859375e+02
1.963015136718750000e+02
1.952160339355468750e+02
2.015343780517578125e+02
2.046920471191406250e+02
1.979992218017578125e+02
1.986206207275390625e+02
1.926742248535156250e+02
1.970324707031250000e+02
1.923073883056640625e+02
2.011893463134765625e+02
1.980070953369140625e+02
1.939532318115234375e+02
1.906697540283203125e+02
2.019186706542968750e+02
1.857853698730468750e+02
1.942404022216796875e+02
1.874831542968750000e+02
1.952121582031250000e+02
1.923855743408203125e+02
1.910395355224609375e+02
2.049953002929687500e+02
2.021685333251953125e+02
1.957611541748046875e+02
1.930857238769531250e+02
1.948486633300781250e+02
1.947375183105468750e+02
1.899416198730468750e+02
1.838167877197265625e+02
1.864524993896484375e+02
1.786079864501953125e+02
1.901685333251953125e+02
1.884503021240234375e+02
1.754923248291015625e+02
1.875103759765625000e+02
1.787901153564453125e+02
1.768966827392578125e+02
1.768945922851562500e+02
1.823083496093750000e+02
1.863454284667968750e+02
1.826978454589843750e+02
1.727594146728515625e+02
1.869365997314453125e+02
1.781529998779296875e+02
1.721952362060546875e+02
1.773346557617187500e+02
1.851195068359375000e+02
1.959129486083984375e+02
1.926355895996093750e+02
1.869078216552734375e+02
1.907140655517578125e+02
1.903034362792968750e+02
1.801798553466796875e+02
1.859367675781250000e+02
1.991037445068359375e+02
1.893241119384765625e+02
1.925298919677734375e+02
1.943981628417968750e+02
1.842610931396484375e+02
1.921216888427734375e+02
2.054769134521484375e+02
1.903200073242187500e+02
1.972419891357421875e+02
1.946243133544921875e+02
1.823750610351562500e+02
1.823594970703125000e+02
1.861648254394531250e+02
1.818488464355468750e+02
1.792891540527343750e+02
1.825980682373046875e+02
1.811974639892578125e+02
1.775104980468750000e+02
1.833507843017578125e+02
1.808204498291015625e+02
1.794409027099609375e+02
1.740623168945312500e+02
1.797519073486328125e+02
1.797213439941406250e+02
1.719897155761718750e+02
1.686902770996093750e+02
1.668762512207031250e+02
1.779317169189453125e+02
1.729139099121093750e+02
1.808673095703125000e+02
1.668049011230468750e+02
1.641986236572265625e+02
1.867004547119140625e+02
1.833544006347656250e+02
1.744800262451171875e+02
1.706043090820312500e+02
1.821248321533203125e+02
1.781113739013671875e+02
1.763455963134765625e+02
2.044408111572265625e+02
1.957268676757812500e+02
1.964047546386718750e+02
1.895711517333984375e+02
1.879727783203125000e+02
1.869501342773437500e+02
1.926382293701171875e+02
1.817250671386718750e+02
1.762697143554687500e+02
1.856506805419921875e+02
1.721590881347656250e+02
1.886992492675781250e+02
1.831192016601562500e+02
1.816752471923828125e+02
1.808858184814453125e+02
1.863667297363281250e+02
1.646091003417968750e+02
1.717981109619140625e+02
1.938442840576171875e+02
1.743518066406250000e+02
1.704314117431640625e+02
1.833372039794921875e+02
1.961545104980468750e+02
1.796949310302734375e+02
1.863416290283203125e+02
1.788293762207031250e+02
1.751577606201171875e+02
1.656458435058593750e+02
1.758599700927734375e+02
1.674928741455078125e+02
1.672135925292968750e+02
1.658394317626953125e+02
1.553387756347656250e+02
1.670332183837890625e+02
1.593597564697265625e+02
1.693290100097656250e+02
1.622507476806640625e+02
1.668760681152343750e+02
1.592391510009765625e+02
1.663500366210937500e+02
1.608247375488281250e+02
1.649281616210937500e+02
1.778296203613281250e+02
1.674441223144531250e+02
1.674242553710937500e+02
1.707093963623046875e+02
1.710205688476562500e+02
1.684119720458984375e+02
1.721152191162109375e+02
1.707389526367187500e+02
1.653267822265625000e+02
1.597594757080078125e+02
1.589037628173828125e+02
1.604999389648437500e+02
1.587753448486328125e+02
1.648809661865234375e+02
1.620728607177734375e+02
1.629138641357421875e+02
1.604364624023437500e+02
1.640421600341796875e+02
1.573825073242187500e+02
1.614592132568359375e+02
1.632681274414062500e+02
1.618658294677734375e+02
1.668755950927734375e+02
1.609146118164062500e+02
1.825416107177734375e+02
1.561124725341796875e+02
1.706967773437500000e+02
1.575467529296875000e+02
1.570086822509765625e+02
1.515796356201171875e+02
1.568353729248046875e+02
1.445634002685546875e+02
1.563557739257812500e+02
1.770498962402343750e+02
1.761114654541015625e+02
1.748873596191406250e+02
1.728614044189453125e+02
1.654014739990234375e+02
1.641498870849609375e+02
1.639903411865234375e+02
1.865079803466796875e+02
1.618247222900390625e+02
1.813341827392578125e+02
1.554255523681640625e+02
1.711504058837890625e+02
1.619289855957031250e+02
1.596604156494140625e+02
1.737614135742187500e+02
1.659629364013671875e+02
1.519438018798828125e+02
1.694353485107421875e+02
1.565691528320312500e+02
1.621115875244140625e+02
1.480245971679687500e+02
1.479342498779296875e+02
1.448507843017578125e+02
1.526249847412109375e+02
1.435408782958984375e+02
1.488982086181640625e+02
1.387385559082031250e+02
1.511574096679687500e+02
1.528978729248046875e+02
1.754461517333984375e+02
1.845493774414062500e+02
1.861677856445312500e+02
2.012424316406250000e+02
2.001318206787109375e+02
2.087606201171875000e+02
1.931764526367187500e+02
1.845400238037109375e+02
1.924089660644531250e+02
2.135033111572265625e+02
2.121585388183593750e+02
1.980696563720703125e+02
2.023925018310546875e+02
1.999618988037109375e+02
2.239563751220703125e+02
2.420317230224609375e+02
2.170636138916015625e+02
2.075672149658203125e+02
2.167930450439453125e+02
2.080585021972656250e+02
2.117857513427734375e+02
2.022365417480468750e+02
1.968353729248046875e+02
2.004058532714843750e+02
2.059769439697265625e+02
1.901790313720703125e+02
1.923785705566406250e+02
1.902063751220703125e+02
1.919149169921875000e+02
1.972907562255859375e+02
1.930279998779296875e+02
1.843655242919921875e+02
1.894438323974609375e+02
1.981039123535156250e+02
1.895354156494140625e+02
1.869120635986328125e+02
2.099608154296875000e+02
1.942254180908203125e+02
2.014566955566406250e+02
2.032935028076171875e+02
1.918802642822265625e+02
1.929440307617187500e+02
2.026717071533203125e+02
2.055466918945312500e+02
1.949111633300781250e+02
1.948583831787109375e+02
1.836470336914062500e+02
1.922693481445312500e+02
1.985474700927734375e+02
2.070747985839843750e+02
1.875108184814453125e+02
1.854924011230468750e+02
1.924129638671875000e+02
1.919373931884765625e+02
1.856867523193359375e+02
1.936968994140625000e+02
1.917709655761718750e+02
1.901319732666015625e+02
1.912225036621093750e+02
1.947422332763671875e+02
1.813873901367187500e+02
1.863768157958984375e+02
1.896713714599609375e+02
1.939953613281250000e+02
1.784752807617187500e+02
1.779758300781250000e+02
1.750199127197265625e+02
1.846698455810546875e+02
1.780691223144531250e+02
1.810641174316406250e+02
1.843496856689453125e+02
1.807770385742187500e+02
1.841794128417968750e+02
1.821691131591796875e+02
1.842090911865234375e+02
1.880789184570312500e+02
1.863377227783203125e+02
1.783637390136718750e+02
1.921200866699218750e+02
2.000422821044921875e+02
1.966866760253906250e+02
2.030502471923828125e+02
1.973001556396484375e+02
2.091762237548828125e+02
2.165930328369140625e+02
2.699647521972656250e+02
2.347909088134765625e+02
2.649818115234375000e+02
2.430406188964843750e+02
2.366266632080078125e+02
2.436355590820312500e+02
2.544004364013671875e+02
2.392245941162109375e+02
2.420847167968750000e+02
2.306783752441406250e+02
2.190622558593750000e+02
2.252609405517578125e+02
2.137564086914062500e+02
2.127575683593750000e+02
2.269954528808593750e+02
2.115417480468750000e+02
2.015607299804687500e+02
2.294331970214843750e+02
2.091297912597656250e+02
2.480821685791015625e+02
2.276388397216796875e+02
2.301595916748046875e+02
2.148542785644531250e+02
2.195461730957031250e+02
2.137008819580078125e+02
2.068622283935546875e+02
2.361031494140625000e+02
2.272554931640625000e+02
2.296558380126953125e+02
2.198683776855468750e+02
2.216881103515625000e+02
2.160328674316406250e+02
2.161273345947265625e+02
2.002915191650390625e+02
2.023546752929687500e+02
2.154583129882812500e+02
2.062139434814453125e+02
2.014089202880859375e+02
2.119532165527343750e+02
2.135684051513671875e+02
1.950255584716796875e+02
1.935520019531250000e+02
2.054242095947265625e+02
2.014387512207031250e+02
1.998325958251953125e+02
2.002035369873046875e+02
1.937826843261718750e+02
2.065905914306640625e+02
2.005989837646484375e+02
2.012239227294921875e+02
1.927058105468750000e+02
2.093858795166015625e+02
2.035671844482421875e+02
2.016161499023437500e+02
2.212369689941406250e+02
2.046651916503906250e+02
2.108432617187500000e+02
2.054445190429687500e+02
2.093479309082031250e+02
2.031481933593750000e+02
2.054136505126953125e+02
2.044031524658203125e+02
2.024550781250000000e+02
1.869661254882812500e+02
1.922339630126953125e+02
1.882850341796875000e+02
1.875862121582031250e+02
2.035326995849609375e+02
2.050396118164062500e+02
1.999311065673828125e+02
1.962703247070312500e+02
2.052288818359375000e+02
1.995750579833984375e+02
2.027254486083984375e+02
2.034737243652343750e+02
2.178977355957031250e+02
1.823817596435546875e+02
1.975388793945312500e+02
2.013556213378906250e+02
1.988133697509765625e+02
1.891751098632812500e+02
1.872814941406250000e+02
1.965390930175781250e+02
1.959739379882812500e+02
1.956578674316406250e+02
1.955303497314453125e+02
1.854962463378906250e+02
1.909620971679687500e+02
1.842341766357421875e+02
1.818725585937500000e+02
1.880930786132812500e+02
1.810985565185546875e+02
2.231329193115234375e+02
2.155745697021484375e+02
2.000072937011718750e+02
2.118580017089843750e+02
2.094004058837890625e+02
2.186188659667968750e+02
1.980384979248046875e+02
2.197755737304687500e+02
1.991014709472656250e+02
2.049281921386718750e+02
2.024302825927734375e+02
1.985912475585937500e+02
1.921745452880859375e+02
1.997872161865234375e+02
1.909315185546875000e+02
2.199859161376953125e+02
1.900805969238281250e+02
1.936282043457031250e+02
1.990626525878906250e+02
1.962386322021484375e+02
1.931272583007812500e+02
2.004633636474609375e+02
2.041580657958984375e+02
2.048598937988281250e+02
2.035577697753906250e+02
2.007104339599609375e+02
1.960410308837890625e+02
1.899826812744140625e+02
1.789979095458984375e+02
1.943941497802734375e+02
1.818095397949218750e+02
1.906343078613281250e+02
1.933994598388671875e+02
1.976918487548828125e+02
1.837669982910156250e+02
1.768625640869140625e+02
1.890032043457031250e+02
1.884587554931640625e+02
1.792827453613281250e+02
1.983980407714843750e+02
1.968172912597656250e+02
1.976910705566406250e+02
2.132632293701171875e+02
1.918708801269531250e+02
1.988475036621093750e+02
1.897525939941406250e+02
1.937671051025390625e+02
1.893354339599609375e+02
1.888098144531250000e+02
1.957248992919921875e+02
1.680884094238281250e+02
1.815435638427734375e+02
1.754259033203125000e+02
1.825783386230468750e+02
1.827033386230468750e+02
1.841185913085937500e+02
1.793082885742187500e+02
1.801672210693359375e+02
1.814415283203125000e+02
1.780082397460937500e+02
1.979787750244140625e+02
1.806910705566406250e+02
1.837482757568359375e+02
1.878376464843750000e+02
1.855409088134765625e+02
1.803908081054687500e+02
1.962865447998046875e+02
1.853880004882812500e+02
1.744051818847656250e+02
1.881160583496093750e+02
1.797835388183593750e+02
1.885523376464843750e+02
1.813300628662109375e+02
1.768376617431640625e+02
1.706079711914062500e+02
1.790972442626953125e+02
1.678673858642578125e+02
1.911373901367187500e+02
1.794115905761718750e+02
1.740000762939453125e+02
1.770103149414062500e+02
1.723931427001953125e+02
1.685083160400390625e+02
1.760071411132812500e+02
1.709951934814453125e+02
1.776622772216796875e+02
1.759792480468750000e+02
1.870036621093750000e+02
1.793228302001953125e+02
1.762539367675781250e+02
1.673787841796875000e+02
2.019415893554687500e+02
1.920464630126953125e+02
1.844386138916015625e+02
1.977610778808593750e+02
1.818129882812500000e+02
1.833618011474609375e+02
1.924353790283203125e+02
1.866181793212890625e+02
1.841343231201171875e+02
1.835398559570312500e+02
1.804919433593750000e+02
1.727256164550781250e+02
1.963533782958984375e+02
1.804548797607421875e+02
1.802463684082031250e+02
1.901682434082031250e+02
1.753787689208984375e+02
1.936661834716796875e+02
1.863002471923828125e+02
1.704402465820312500e+02
1.842585449218750000e+02
1.799543151855468750e+02
1.684088592529296875e+02
1.699541778564453125e+02
1.654858093261718750e+02
1.613341217041015625e+02
1.701189727783203125e+02
1.736447143554687500e+02
1.639252319335937500e+02
1.726219635009765625e+02
1.690798492431640625e+02
1.554733734130859375e+02
1.610614013671875000e+02
1.745037994384765625e+02
1.622650299072265625e+02
1.610318145751953125e+02
1.642493438720703125e+02
1.580084381103515625e+02
1.580228271484375000e+02
1.647251586914062500e+02
1.682853088378906250e+02
1.621990966796875000e+02
1.578943023681640625e+02
1.639685974121093750e+02
1.612085571289062500e+02
1.699035034179687500e+02
1.599234924316406250e+02
1.606785888671875000e+02
1.613741912841796875e+02
1.602902526855468750e+02
1.581789398193359375e+02
1.597185821533203125e+02
1.596213378906250000e+02
1.622387084960937500e+02
1.648843078613281250e+02
1.645418395996093750e+02
1.720028228759765625e+02
1.648624572753906250e+02
1.627844543457031250e+02
1.572081451416015625e+02
1.600296325683593750e+02
1.542282562255859375e+02
1.607305297851562500e+02
1.579588165283203125e+02
1.561387634277343750e+02
1.516840972900390625e+02
1.682132263183593750e+02
1.664552154541015625e+02
1.592201690673828125e+02
1.559152832031250000e+02
1.676734924316406250e+02
1.613843688964843750e+02
1.514721679687500000e+02
1.585977478027343750e+02
1.584877319335937500e+02
1.576209106445312500e+02
1.633917999267578125e+02
1.648158111572265625e+02
1.557193756103515625e+02
1.575547485351562500e+02
1.555652160644531250e+02
1.575595245361328125e+02
1.545415954589843750e+02
1.588026580810546875e+02
1.620173187255859375e+02
1.517550964355468750e+02
1.536782226562500000e+02
1.556781005859375000e+02
1.564861145019531250e+02
1.594555816650390625e+02
1.552327880859375000e+02
1.502004394531250000e+02
1.418257141113281250e+02
1.533426513671875000e+02
1.483911590576171875e+02
1.771100921630859375e+02
1.539642333984375000e+02
1.538686218261718750e+02
1.552719421386718750e+02
1.479110565185546875e+02
1.515993957519531250e+02
1.552956542968750000e+02
1.581145629882812500e+02
1.530703735351562500e+02
1.492592163085937500e+02
1.559026184082031250e+02
1.516892547607421875e+02
1.416693420410156250e+02
1.471227722167968750e+02
1.450075683593750000e+02
1.484991455078125000e+02
1.380238952636718750e+02
1.468804473876953125e+02
1.441404266357421875e+02
1.502759704589843750e+02
1.436978302001953125e+02
1.485095520019531250e+02
1.417124328613281250e+02
1.406111907958984375e+02
1.471063995361328125e+02
1.367813110351562500e+02
1.302483367919921875e+02
1.488348083496093750e+02
1.439193420410156250e+02
1.406764678955078125e+02
1.376069946289062500e+02
1.389479980468750000e+02
1.366598815917968750e+02
1.379594573974609375e+02
1.340418395996093750e+02
1.386674041748046875e+02
1.392848510742187500e+02
1.343764190673828125e+02
1.368690338134765625e+02
1.396730346679687500e+02
1.387523803710937500e+02
1.340631103515625000e+02
1.362669677734375000e+02
1.435113067626953125e+02
1.361260070800781250e+02
1.408141937255859375e+02
1.412114257812500000e+02
1.411349334716796875e+02
1.447964019775390625e+02
1.443724365234375000e+02
1.378090820312500000e+02
1.394336547851562500e+02
1.383979034423828125e+02
1.425623474121093750e+02
1.389887542724609375e+02
1.409601135253906250e+02
1.365607757568359375e+02
1.449508209228515625e+02
1.327847747802734375e+02
1.372189178466796875e+02
1.292486572265625000e+02
1.274966583251953125e+02
1.302958679199218750e+02
1.306716461181640625e+02
1.391864013671875000e+02
1.371596527099609375e+02
1.363541564941406250e+02
1.412832794189453125e+02
1.390023803710937500e+02
1.546374969482421875e+02
1.440982208251953125e+02
1.387028503417968750e+02
1.414647827148437500e+02
1.397623596191406250e+02
1.371652221679687500e+02
1.520058288574218750e+02
1.313158721923828125e+02
1.398187713623046875e+02
1.327759552001953125e+02
1.343770294189453125e+02
1.320654449462890625e+02
1.314208374023437500e+02
1.295184173583984375e+02
1.336891174316406250e+02
1.326370697021484375e+02
1.286078796386718750e+02
1.383495330810546875e+02
1.322665863037109375e+02
1.308690643310546875e+02
1.220147552490234375e+02
1.172114181518554688e+02
1.297051239013671875e+02
1.273576889038085938e+02
1.319268493652343750e+02
1.369440002441406250e+02
1.310060424804687500e+02
1.307047119140625000e+02
1.300137939453125000e+02
1.365944976806640625e+02
1.356985473632812500e+02
1.200224380493164062e+02
1.360567169189453125e+02
1.319641571044921875e+02
1.306681518554687500e+02
1.280354003906250000e+02
1.272795791625976562e+02
1.305106048583984375e+02
1.284681243896484375e+02
1.275648422241210938e+02
1.322762603759765625e+02
1.270418624877929688e+02
1.264353790283203125e+02
1.281403350830078125e+02
1.242105484008789062e+02
1.293128814697265625e+02
1.247197494506835938e+02
1.248665618896484375e+02
1.305072784423828125e+02
1.305402526855468750e+02
1.204525451660156250e+02
1.257916412353515625e+02
1.356365203857421875e+02
1.258939132690429688e+02
1.323029937744140625e+02
1.308550262451171875e+02
1.290201873779296875e+02
1.272447662353515625e+02
1.242359085083007812e+02
1.383451995849609375e+02
1.274950790405273438e+02
1.271424865722656250e+02
1.233034973144531250e+02
1.260032196044921875e+02
1.292049865722656250e+02
1.275039978027343750e+02
1.295548553466796875e+02
1.229474563598632812e+02
1.293754119873046875e+02
1.253263549804687500e+02
1.220597152709960938e+02
1.251267700195312500e+02
1.264129714965820312e+02
