0.000000000000000000e+00
0.000000000000000000e+00
0.000000000000000000e+00
0.000000000000000000e+00
0.000000000000000000e+00
0.000000000000000000e+00
0.000000000000000000e+00
8.380290120840072632e-02
5.263429880142211914e-01
1.137829780578613281e+00
2.561606884002685547e+00
6.483108520507812500e+00
1.763439369201660156e+01
2.348846054077148438e+01
2.791503906250000000e+01
3.198032760620117188e+01
3.580681228637695312e+01
4.323350906372070312e+01
4.146649551391601562e+01
4.226106262207031250e+01
4.897344589233398438e+01
8.790317535400390625e+01
1.369861602783203125e+02
1.095407562255859375e+02
9.265209197998046875e+01
8.566837310791015625e+01
9.084673309326171875e+01
1.273939819335937500e+02
9.013979339599609375e+01
1.150857849121093750e+02
8.089759826660156250e+01
6.997515869140625000e+01
6.592469024658203125e+01
6.393394088745117188e+01
5.389712524414062500e+01
5.855557632446289062e+01
6.951860809326171875e+01
8.039462280273437500e+01
9.678484344482421875e+01
1.182211074829101562e+02
9.013212585449218750e+01
7.961351013183593750e+01
8.690182495117187500e+01
1.181402359008789062e+02
1.045547485351562500e+02
9.550405883789062500e+01
9.143052673339843750e+01
1.122300796508789062e+02
1.015637893676757812e+02
9.496504211425781250e+01
9.881549835205078125e+01
9.590351867675781250e+01
9.649517822265625000e+01
1.152661437988281250e+02
1.070901107788085938e+02
1.378709411621093750e+02
1.231847534179687500e+02
1.326187438964843750e+02
1.269679183959960938e+02
1.310883636474609375e+02
1.315943145751953125e+02
1.553761901855468750e+02
1.973100585937500000e+02
1.911016387939453125e+02
1.900853729248046875e+02
1.919628448486328125e+02
2.263374938964843750e+02
2.252055969238281250e+02
2.022590026855468750e+02
1.814430694580078125e+02
1.739254913330078125e+02
1.647891998291015625e+02
1.639439697265625000e+02
1.683347167968750000e+02
1.829199371337890625e+02
1.550392913818359375e+02
1.798576354980468750e+02
2.007466583251953125e+02
1.854609375000000000e+02
1.964124603271484375e+02
1.830859680175781250e+02
1.995726013183593750e+02
2.045771179199218750e+02
2.084730987548828125e+02
1.922872619628906250e+02
1.794957885742187500e+02
1.690510253906250000e+02
1.732442321777343750e+02
1.655039520263671875e+02
1.592758483886718750e+02
1.509907989501953125e+02
1.737978057861328125e+02
1.610192260742187500e+02
1.696935882568359375e+02
1.658696441650390625e+02
1.654861602783203125e+02
1.601218719482421875e+02
1.651909942626953125e+02
1.555475921630859375e+02
2.200297851562500000e+02
1.769341888427734375e+02
1.912888946533203125e+02
1.713229522705078125e+02
1.859275665283203125e+02
1.750317993164062500e+02
1.631881866455078125e+02
1.716478118896484375e+02
1.566607055664062500e+02
1.585306243896484375e+02
1.564733886718750000e+02
1.516515045166015625e+02
1.526699066162109375e+02
1.520364379882812500e+02
1.582760620117187500e+02
1.623540802001953125e+02
1.710839080810546875e+02
1.640985870361328125e+02
1.646773834228515625e+02
1.708217163085937500e+02
1.720496520996093750e+02
1.739205474853515625e+02
1.735436248779296875e+02
1.696620330810546875e+02
1.705047149658203125e+02
1.652281036376953125e+02
1.664389343261718750e+02
1.649216461181640625e+02
1.620571136474609375e+02
1.607123107910156250e+02
1.595738372802734375e+02
1.635484771728515625e+02
1.651235656738281250e+02
1.644713592529296875e+02
1.650492248535156250e+02
1.655132904052734375e+02
1.567212066650390625e+02
1.542644958496093750e+02
1.563805999755859375e+02
1.597646179199218750e+02
1.559239501953125000e+02
1.616215820312500000e+02
1.576464538574218750e+02
1.611926574707031250e+02
1.626847534179687500e+02
1.614886627197265625e+02
1.603583068847656250e+02
1.502999114990234375e+02
1.545809020996093750e+02
1.540827331542968750e+02
1.596723632812500000e+02
1.516608581542968750e+02
1.458855285644531250e+02
1.486193084716796875e+02
1.526574096679687500e+02
1.534094390869140625e+02
1.557279510498046875e+02
1.568476715087890625e+02
1.542655792236328125e+02
1.541725158691406250e+02
1.481650543212890625e+02
1.491465759277343750e+02
1.513844757080078125e+02
1.461775360107421875e+02
1.452268371582031250e+02
1.481104125976562500e+02
1.530528717041015625e+02
1.563893737792968750e+02
1.493632965087890625e+02
1.416792297363281250e+02
1.448173522949218750e+02
1.479324340820312500e+02
1.509000854492187500e+02
1.451059417724609375e+02
1.367527465820312500e+02
1.396326599121093750e+02
1.378455352783203125e+02
1.354997863769531250e+02
1.329499359130859375e+02
1.323516540527343750e+02
1.324389038085937500e+02
1.323145904541015625e+02
1.317111816406250000e+02
1.378047332763671875e+02
1.311503448486328125e+02
1.329020385742187500e+02
1.317909698486328125e+02
1.299701995849609375e+02
1.341303558349609375e+02
1.406165008544921875e+02
1.288450012207031250e+02
1.335330047607421875e+02
1.242916107177734375e+02
1.287225799560546875e+02
1.286075897216796875e+02
1.222040328979492188e+02
1.237418441772460938e+02
1.202117309570312500e+02
1.197041778564453125e+02
1.199878616333007812e+02
1.233026199340820312e+02
1.192239837646484375e+02
1.218332748413085938e+02
1.163018569946289062e+02
1.258182678222656250e+02
1.275864334106445312e+02
1.325094299316406250e+02
1.264301910400390625e+02
1.239848327636718750e+02
1.305009155273437500e+02
1.227404556274414062e+02
1.237528915405273438e+02
1.222354660034179688e+02
1.208005981445312500e+02
1.281833953857421875e+02
1.205223312377929688e+02
1.236736907958984375e+02
1.187983245849609375e+02
1.176978912353515625e+02
1.231815948486328125e+02
1.171942672729492188e+02
1.283148803710937500e+02
1.156307144165039062e+02
1.167550506591796875e+02
1.201223754882812500e+02
1.238547744750976562e+02
1.252345962524414062e+02
1.259753417968750000e+02
1.184793548583984375e+02
1.192502899169921875e+02
1.409069061279296875e+02
1.201597824096679688e+02
1.224812774658203125e+02
1.276167068481445312e+02
1.230770645141601562e+02
1.353867492675781250e+02
1.231482620239257812e+02
1.187832794189453125e+02
1.228980712890625000e+02
1.165874557495117188e+02
1.155009918212890625e+02
1.229702529907226562e+02
1.263117675781250000e+02
1.285350799560546875e+02
1.320822448730468750e+02
1.253082809448242188e+02
1.375358428955078125e+02
1.257804183959960938e+02
1.203798751831054688e+02
1.201297607421875000e+02
1.237632141113281250e+02
1.217585601806640625e+02
1.259502182006835938e+02
1.248031921386718750e+02
1.206921463012695312e+02
1.245405807495117188e+02
1.243280258178710938e+02
1.206961593627929688e+02
1.276287841796875000e+02
1.262121963500976562e+02
1.274074401855468750e+02
1.315059356689453125e+02
1.298985443115234375e+02
1.395861511230468750e+02
1.392404632568359375e+02
1.589239501953125000e+02
1.449539794921875000e+02
1.440981903076171875e+02
1.423108062744140625e+02
1.370974731445312500e+02
1.300061035156250000e+02
1.305800170898437500e+02
1.344319000244140625e+02
1.312556457519531250e+02
1.401026306152343750e+02
1.416391296386718750e+02
1.361323699951171875e+02
1.274188766479492188e+02
1.296737213134765625e+02
1.285938568115234375e+02
1.260783767700195312e+02
1.271072692871093750e+02
1.354872436523437500e+02
1.359799652099609375e+02
1.252590942382812500e+02
1.289902954101562500e+02
1.292126312255859375e+02
1.314420776367187500e+02
1.268085021972656250e+02
1.265346527099609375e+02
1.409909667968750000e+02
1.350578765869140625e+02
1.276393356323242188e+02
1.324502563476562500e+02
1.368984527587890625e+02
1.378200988769531250e+02
1.333065338134765625e+02
1.224914703369140625e+02
1.213201751708984375e+02
1.226235961914062500e+02
1.353411865234375000e+02
1.353189544677734375e+02
1.288696899414062500e+02
1.451074066162109375e+02
1.467857818603515625e+02
1.535448150634765625e+02
1.456682281494140625e+02
1.404469909667968750e+02
1.409205932617187500e+02
1.420899047851562500e+02
1.312210388183593750e+02
1.275471725463867188e+02
1.295858459472656250e+02
1.322793121337890625e+02
1.282848052978515625e+02
1.264888305664062500e+02
1.269459228515625000e+02
1.350962219238281250e+02
1.313533477783203125e+02
1.254618453979492188e+02
1.219493179321289062e+02
1.230890960693359375e+02
1.271008758544921875e+02
1.246125030517578125e+02
1.311353759765625000e+02
1.277779312133789062e+02
1.268675003051757812e+02
1.244613571166992188e+02
1.230838012695312500e+02
1.242308731079101562e+02
1.283808441162109375e+02
1.236331787109375000e+02
1.231129302978515625e+02
1.222382965087890625e+02
1.233878250122070312e+02
1.279040908813476562e+02
1.308868713378906250e+02
1.303236236572265625e+02
1.283901214599609375e+02
1.235205459594726562e+02
1.181752319335937500e+02
1.137136077880859375e+02
1.251966857910156250e+02
1.390258026123046875e+02
1.542495574951171875e+02
1.454599304199218750e+02
1.438721618652343750e+02
1.488895874023437500e+02
1.450279388427734375e+02
1.417657012939453125e+02
1.462409515380859375e+02
1.363931884765625000e+02
1.435579223632812500e+02
1.436497344970703125e+02
1.404490661621093750e+02
1.399919738769531250e+02
1.430961761474609375e+02
1.299496459960937500e+02
1.375659332275390625e+02
1.325669250488281250e+02
1.331781768798828125e+02
1.241555175781250000e+02
1.318076324462890625e+02
1.396883544921875000e+02
1.380376586914062500e+02
1.351705017089843750e+02
1.351493377685546875e+02
1.284595336914062500e+02
1.320266265869140625e+02
1.258476943969726562e+02
1.331410980224609375e+02
1.375540313720703125e+02
1.285326385498046875e+02
1.247320404052734375e+02
1.227898178100585938e+02
1.284765930175781250e+02
1.250031127929687500e+02
1.274481735229492188e+02
1.196957778930664062e+02
1.194063644409179688e+02
1.270590972900390625e+02
1.179593276977539062e+02
1.252893142700195312e+02
1.208572769165039062e+02
1.201592636108398438e+02
1.187205123901367188e+02
1.172022247314453125e+02
1.179167098999023438e+02
1.320133666992187500e+02
1.295945434570312500e+02
1.357331542968750000e+02
1.318764953613281250e+02
1.285420074462890625e+02
1.305869598388671875e+02
1.281448822021484375e+02
1.303800354003906250e+02
1.305768432617187500e+02
1.238712692260742188e+02
1.241723403930664062e+02
1.274055786132812500e+02
1.249973602294921875e+02
1.257641906738281250e+02
1.197537155151367188e+02
1.232148056030273438e+02
1.197604522705078125e+02
1.258567047119140625e+02
1.199876251220703125e+02
1.294799346923828125e+02
1.172397384643554688e+02
1.223927154541015625e+02
1.233306274414062500e+02
1.274593582153320312e+02
1.292887573242187500e+02
1.355171813964843750e+02
1.268450775146484375e+02
1.290257873535156250e+02
1.272083892822265625e+02
1.235843658447265625e+02
1.234216690063476562e+02
1.238956069946289062e+02
1.209741668701171875e+02
1.188515472412109375e+02
1.215682449340820312e+02
1.220537643432617188e+02
1.210873413085937500e+02
1.224817962646484375e+02
1.135252151489257812e+02
1.223911743164062500e+02
1.178963470458984375e+02
1.180065612792968750e+02
1.145725021362304688e+02
1.159011688232421875e+02
1.119519653320312500e+02
1.144178619384765625e+02
1.114477462768554688e+02
1.213414459228515625e+02
1.123814163208007812e+02
1.156023483276367188e+02
1.178424453735351562e+02
1.152829818725585938e+02
1.156942367553710938e+02
1.204670562744140625e+02
1.131681671142578125e+02
1.154322662353515625e+02
1.117934417724609375e+02
1.131201248168945312e+02
1.182282867431640625e+02
1.196026306152343750e+02
1.093984756469726562e+02
1.103894195556640625e+02
1.108279037475585938e+02
1.344116210937500000e+02
1.403431549072265625e+02
1.486017761230468750e+02
1.556224670410156250e+02
1.473567810058593750e+02
1.458639678955078125e+02
1.361903076171875000e+02
1.301870422363281250e+02
1.390900268554687500e+02
1.363869171142578125e+02
1.339809112548828125e+02
1.269570465087890625e+02
1.316959991455078125e+02
1.305656585693359375e+02
1.308986968994140625e+02
1.367760314941406250e+02
1.381445922851562500e+02
1.307485656738281250e+02
1.346027374267578125e+02
1.401903686523437500e+02
1.337067260742187500e+02
1.326076660156250000e+02
1.438638916015625000e+02
1.434805145263671875e+02
1.413719024658203125e+02
1.408426513671875000e+02
1.275431060791015625e+02
1.262785034179687500e+02
1.225776748657226562e+02
1.343018341064453125e+02
1.366375579833984375e+02
1.281004638671875000e+02
1.406056518554687500e+02
1.346327362060546875e+02
1.328907775878906250e+02
1.368711853027343750e+02
1.374174957275390625e+02
1.274016342163085938e+02
1.406217956542968750e+02
1.307129821777343750e+02
1.291571960449218750e+02
1.411162567138671875e+02
1.283470916748046875e+02
1.358064422607421875e+02
1.347537078857421875e+02
1.452894439697265625e+02
1.481430358886718750e+02
1.509141235351562500e+02
1.481076660156250000e+02
1.380739593505859375e+02
1.533193817138671875e+02
1.462572784423828125e+02
1.498727569580078125e+02
1.540184020996093750e+02
1.491456909179687500e+02
1.463311920166015625e+02
1.448739013671875000e+02
1.477118682861328125e+02
1.441532440185546875e+02
1.421186981201171875e+02
1.420847473144531250e+02
1.420225524902343750e+02
1.408591613769531250e+02
1.467474060058593750e+02
1.486262817382812500e+02
1.440276031494140625e+02
1.410224151611328125e+02
1.510448150634765625e+02
1.411856231689453125e+02
1.515920867919921875e+02
1.511474304199218750e+02
1.507971038818359375e+02
1.426396331787109375e+02
1.495903778076171875e+02
1.510202178955078125e+02
1.573304443359375000e+02
1.539842071533203125e+02
1.518247528076171875e+02
1.588005218505859375e+02
1.515334320068359375e+02
1.489969940185546875e+02
1.518818206787109375e+02
1.428684997558593750e+02
1.517562866210937500e+02
1.488498382568359375e+02
1.542507019042968750e+02
1.520248107910156250e+02
1.547311096191406250e+02
1.469826202392578125e+02
1.481522064208984375e+02
1.565011596679687500e+02
1.541320495605468750e+02
1.731903991699218750e+02
1.673301239013671875e+02
1.604175567626953125e+02
1.605198822021484375e+02
1.662309112548828125e+02
1.494324645996093750e+02
1.488131866455078125e+02
1.482564849853515625e+02
1.502311553955078125e+02
1.525103149414062500e+02
1.515446624755859375e+02
1.674741973876953125e+02
1.728866729736328125e+02
1.629595489501953125e+02
1.663602142333984375e+02
1.528351440429687500e+02
1.577200927734375000e+02
1.501213989257812500e+02
1.783957061767578125e+02
1.656147460937500000e+02
1.591237182617187500e+02
1.614810638427734375e+02
1.637609863281250000e+02
1.526996612548828125e+02
1.617541198730468750e+02
1.716315307617187500e+02
1.838626251220703125e+02
1.773290863037109375e+02
1.559986267089843750e+02
1.636121368408203125e+02
1.697758483886718750e+02
1.624404602050781250e+02
1.561625823974609375e+02
1.587885894775390625e+02
1.593620605468750000e+02
1.555144958496093750e+02
1.533426055908203125e+02
1.594078063964843750e+02
1.592974548339843750e+02
1.508744964599609375e+02
1.553139190673828125e+02
1.514857482910156250e+02
1.583470458984375000e+02
1.612364044189453125e+02
1.477979888916015625e+02
1.560219268798828125e+02
1.448565673828125000e+02
1.499216766357421875e+02
1.402265167236328125e+02
1.385585021972656250e+02
1.521087493896484375e+02
1.374565887451171875e+02
1.501156311035156250e+02
1.484868316650390625e+02
1.442227478027343750e+02
1.472749786376953125e+02
1.490331268310546875e+02
1.560951690673828125e+02
1.529271087646484375e+02
1.405528717041015625e+02
1.393793792724609375e+02
1.436739654541015625e+02
1.367857971191406250e+02
1.421172027587890625e+02
1.555190582275390625e+02
1.490780944824218750e+02
1.493239135742187500e+02
1.472594757080078125e+02
1.491952514648437500e+02
1.484740753173828125e+02
1.411428070068359375e+02
1.442187805175781250e+02
1.454614715576171875e+02
1.450036163330078125e+02
1.428166809082031250e+02
1.476126251220703125e+02
1.430014953613281250e+02
1.545829010009765625e+02
1.400155792236328125e+02
1.452259216308593750e+02
1.461278076171875000e+02
1.375687103271484375e+02
1.525065002441406250e+02
1.427319335937500000e+02
1.428098449707031250e+02
1.373704833984375000e+02
1.442165069580078125e+02
1.368968200683593750e+02
1.362552337646484375e+02
1.333496093750000000e+02
1.363762359619140625e+02
1.397598876953125000e+02
1.369134826660156250e+02
1.384037475585937500e+02
1.291445159912109375e+02
1.293046417236328125e+02
1.250703430175781250e+02
1.262237548828125000e+02
1.303667602539062500e+02
1.288633575439453125e+02
1.294008636474609375e+02
1.296836547851562500e+02
1.318617553710937500e+02
1.348466491699218750e+02
1.372098388671875000e+02
1.323011932373046875e+02
1.373814086914062500e+02
1.298446044921875000e+02
1.353042907714843750e+02
1.346829376220703125e+02
1.319965667724609375e+02
1.492602996826171875e+02
1.575763549804687500e+02
1.451752624511718750e+02
1.510174255371093750e+02
1.367860565185546875e+02
1.399829711914062500e+02
1.518746948242187500e+02
1.534750671386718750e+02
1.573733062744140625e+02
1.386463775634765625e+02
1.488248901367187500e+02
1.640276947021484375e+02
1.497363739013671875e+02
1.417548980712890625e+02
1.477306213378906250e+02
1.539800567626953125e+02
1.460280609130859375e+02
1.479584350585937500e+02
1.331848144531250000e+02
1.368896636962890625e+02
1.340061645507812500e+02
1.526687469482421875e+02
1.435054016113281250e+02
1.406098785400390625e+02
1.411885375976562500e+02
1.344813842773437500e+02
1.414347839355468750e+02
1.412554626464843750e+02
1.423970184326171875e+02
1.300378112792968750e+02
1.290197143554687500e+02
1.407653350830078125e+02
1.436826934814453125e+02
1.521237945556640625e+02
1.387370910644531250e+02
1.388892822265625000e+02
1.382527770996093750e+02
1.393704376220703125e+02
1.427410278320312500e+02
1.419380340576171875e+02
1.395203704833984375e+02
1.305062561035156250e+02
1.265814056396484375e+02
1.314459075927734375e+02
1.376974334716796875e+02
1.300106048583984375e+02
1.356192779541015625e+02
1.225630264282226562e+02
1.264836883544921875e+02
1.313147430419921875e+02
1.262743453979492188e+02
1.225756912231445312e+02
1.255324554443359375e+02
1.294363403320312500e+02
1.335167083740234375e+02
1.372677307128906250e+02
1.331388092041015625e+02
1.307413940429687500e+02
1.433264770507812500e+02
1.441173400878906250e+02
1.436144561767578125e+02
1.270288925170898438e+02
1.350299987792968750e+02
1.275436477661132812e+02
1.266451644897460938e+02
1.212811813354492188e+02
1.256609191894531250e+02
1.260601272583007812e+02
1.330695037841796875e+02
1.287684173583984375e+02
1.265453414916992188e+02
1.325562133789062500e+02
1.181234283447265625e+02
1.317017059326171875e+02
1.183532943725585938e+02
1.261557312011718750e+02
1.280107727050781250e+02
1.310146636962890625e+02
1.366130523681640625e+02
1.356121063232421875e+02
1.250707702636718750e+02
1.291349487304687500e+02
1.121912689208984375e+02
1.244822006225585938e+02
1.314395446777343750e+02
1.181627197265625000e+02
1.269651336669921875e+02
1.324839172363281250e+02
1.287874450683593750e+02
1.394879302978515625e+02
1.253971099853515625e+02
1.289317626953125000e+02
1.388772430419921875e+02
1.405285949707031250e+02
1.434177703857421875e+02
1.261914672851562500e+02
1.296920928955078125e+02
1.383255920410156250e+02
1.269249191284179688e+02
1.343612518310546875e+02
1.276664123535156250e+02
1.280826110839843750e+02
1.304125366210937500e+02
1.284693450927734375e+02
1.305282135009765625e+02
1.312966003417968750e+02
1.340954132080078125e+02
1.308834838867187500e+02
1.402712249755859375e+02
1.423618316650390625e+02
1.313551635742187500e+02
1.279310760498046875e+02
1.329050445556640625e+02
1.415700073242187500e+02
1.386639251708984375e+02
1.519423370361328125e+02
1.395039672851562500e+02
1.370060272216796875e+02
1.327218017578125000e+02
1.280001678466796875e+02
1.332169799804687500e+02
1.348216705322265625e+02
1.389711303710937500e+02
1.415305023193359375e+02
1.481770019531250000e+02
1.403734588623046875e+02
1.390243377685546875e+02
1.280761260986328125e+02
1.410252685546875000e+02
1.340668029785156250e+02
1.341359710693359375e+02
1.358375091552734375e+02
1.322150268554687500e+02
1.301250152587890625e+02
1.239070968627929688e+02
1.304369049072265625e+02
1.302964782714843750e+02
1.324147186279296875e+02
1.359391632080078125e+02
1.404811859130859375e+02
1.333762359619140625e+02
1.413697509765625000e+02
1.267904281616210938e+02
1.299164276123046875e+02
1.300068969726562500e+02
1.340744628906250000e+02
1.408085327148437500e+02
1.298319702148437500e+02
1.350497131347656250e+02
1.307815093994140625e+02
1.261199264526367188e+02
1.288071746826171875e+02
1.287836761474609375e+02
1.302348327636718750e+02
1.328810272216796875e+02
1.297892150878906250e+02
1.245762939453125000e+02
1.284314575195312500e+02
1.237714233398437500e+02
1.284058837890625000e+02
1.283863677978515625e+02
1.277334976196289062e+02
1.277079544067382812e+02
1.280344085693359375e+02
1.227280044555664062e+02
1.223166275024414062e+02
1.179869003295898438e+02
1.287235870361328125e+02
1.223177261352539062e+02
1.277241897583007812e+02
1.162938156127929688e+02
1.223553619384765625e+02
1.210492172241210938e+02
1.274054870605468750e+02
1.381372528076171875e+02
1.246153564453125000e+02
1.250384445190429688e+02
1.274899749755859375e+02
1.217000732421875000e+02
1.234603271484375000e+02
1.167418746948242188e+02
1.183120040893554688e+02
1.126525650024414062e+02
1.202992935180664062e+02
1.092119064331054688e+02
1.188331069946289062e+02
1.163214187622070312e+02
1.189372634887695312e+02
1.222279052734375000e+02
1.180681915283203125e+02
1.162892837524414062e+02
1.160303421020507812e+02
1.138497467041015625e+02
1.214052810668945312e+02
1.157368469238281250e+02
1.099940185546875000e+02
1.120135803222656250e+02
1.099757003784179688e+02
1.171368408203125000e+02
1.229511489868164062e+02
1.126625900268554688e+02
1.180853424072265625e+02
1.174416580200195312e+02
1.155088119506835938e+02
1.104980239868164062e+02
1.184881362915039062e+02
1.184835968017578125e+02
1.169747085571289062e+02
1.242364349365234375e+02
1.168598709106445312e+02
1.233118133544921875e+02
1.095713882446289062e+02
1.299156036376953125e+02
1.345093383789062500e+02
1.235033874511718750e+02
1.212546081542968750e+02
1.250511703491210938e+02
1.329609527587890625e+02
1.326000671386718750e+02
1.232793426513671875e+02
1.258823623657226562e+02
1.370661010742187500e+02
1.161050033569335938e+02
1.223953247070312500e+02
1.251196212768554688e+02
1.235391082763671875e+02
1.235128402709960938e+02
1.168644027709960938e+02
1.260184402465820312e+02
1.171845016479492188e+02
1.217018203735351562e+02
1.307861022949218750e+02
1.215966949462890625e+02
1.260937652587890625e+02
1.162940902709960938e+02
1.155060424804687500e+02
1.116700286865234375e+02
1.181174240112304688e+02
1.085401840209960938e+02
1.159069366455078125e+02
1.175403671264648438e+02
1.043385772705078125e+02
1.096010131835937500e+02
1.099252090454101562e+02
1.067140655517578125e+02
1.076305541992187500e+02
1.042059555053710938e+02
1.071668395996093750e+02
1.144067306518554688e+02
1.044416351318359375e+02
1.120802001953125000e+02
1.085921096801757812e+02
1.104447784423828125e+02
1.050058593750000000e+02
1.025049285888671875e+02
1.037219543457031250e+02
1.103023910522460938e+02
1.127811279296875000e+02
1.102405319213867188e+02
1.154820785522460938e+02
1.088938140869140625e+02
1.084874801635742188e+02
1.088655929565429688e+02
1.036280670166015625e+02
1.102121429443359375e+02
1.073962631225585938e+02
1.077289047241210938e+02
9.743784332275390625e+01
1.012034835815429688e+02
9.683850097656250000e+01
9.974868011474609375e+01
9.544490051269531250e+01
9.910363006591796875e+01
1.023474807739257812e+02
1.032745819091796875e+02
1.061223297119140625e+02
9.670513916015625000e+01
9.472677612304687500e+01
9.894961547851562500e+01
1.069329223632812500e+02
9.651153564453125000e+01
1.013357391357421875e+02
9.992565917968750000e+01
9.757342529296875000e+01
1.044125595092773438e+02
9.519229888916015625e+01
1.026836395263671875e+02
9.513351440429687500e+01
1.062420349121093750e+02
1.025786056518554688e+02
1.036136016845703125e+02
1.009196395874023438e+02
1.043824996948242188e+02
9.614651489257812500e+01
9.512777709960937500e+01
8.719661712646484375e+01
9.567472076416015625e+01
9.187413787841796875e+01
9.721367645263671875e+01
9.720520019531250000e+01
9.512195587158203125e+01
9.033293914794921875e+01
9.042848205566406250e+01
1.029883422851562500e+02
8.940225219726562500e+01
9.407159423828125000e+01
8.851284027099609375e+01
9.357409667968750000e+01
1.025009841918945312e+02
9.968524932861328125e+01
9.401848602294921875e+01
9.473213958740234375e+01
9.851140594482421875e+01
9.192238616943359375e+01
1.013802413940429688e+02
9.757221984863281250e+01
9.302339172363281250e+01
9.336369323730468750e+01
9.032141876220703125e+01
9.560585784912109375e+01
8.744143676757812500e+01
9.290823364257812500e+01
9.528736114501953125e+01
8.734574127197265625e+01
9.043521881103515625e+01
7.875712585449218750e+01
8.702838897705078125e+01
9.575263214111328125e+01
9.678998565673828125e+01
9.536270141601562500e+01
9.616726684570312500e+01
8.786926269531250000e+01
9.180412292480468750e+01
7.692248535156250000e+01
8.962695312500000000e+01
8.950381469726562500e+01
8.596831512451171875e+01
8.726097106933593750e+01
8.781621551513671875e+01
8.292015838623046875e+01
8.864451599121093750e+01
8.381539154052734375e+01
8.609531402587890625e+01
8.974125671386718750e+01
8.785812377929687500e+01
7.986545562744140625e+01
8.437446594238281250e+01
