5.766515243356637122e+00
1.174233423638156637e+01
1.001998727181849404e+03
9.632004706953000550e+02
2.160758002764604555e+02
2.810596961264928950e+02
1.016968284242931304e+03
2.936714215645432091e+02
2.614117975478470157e+02
9.851846716561473158e+02
9.879280090135295040e+02
7.888605988446623769e+02
7.760826586243454130e+02
6.681289948480632575e+02
9.586456085429126688e+02
5.949643273644082910e+02
3.628972872965188117e+02
2.598224994210221439e+02
3.600546881497764957e+02
5.868212801379672783e+02
8.670347313932988982e+02
1.681058151043369890e+03
7.419414569029069071e+02
1.830288969604511067e+02
1.286677808482027558e+03
2.160597169417465466e+03
9.982071309730290523e+02
1.032699101361828070e+03
1.119483895960165228e+03
1.727142508578543811e+03
1.112257453536462208e+03
4.593509995382181614e+02
1.198798192243295262e+03
1.523767529510615532e+03
1.095428041594219621e+03
8.262705891213997802e+02
1.300490858897255976e+03
1.810999721190244145e+03
2.538365551353457704e+03
2.727945015196905388e+03
2.619124542214255598e+03
2.208830105369552257e+03
1.280040212822826106e+03
2.120055046462264727e+03
1.706709896611597742e+03
1.783435131795212783e+03
2.149095506461787409e+03
2.344479404324051757e+03
2.561873809551323120e+03
2.678036187666790283e+03
2.726920030122751541e+03
2.834989782350577116e+03
2.788926023143745169e+03
2.710692990842898325e+03
2.467900844747421615e+03
2.657718220460353223e+03
8.007348224794366160e+02
8.236924050468289806e+02
1.472242843244639516e+03
1.030204183905568698e+03
1.659169953597947142e+03
1.794783761772264825e+03
1.784546742894859108e+03
2.709350257902251542e+03
2.287813613159242777e+03
2.764060792774551373e+03
2.727190223689322011e+03
2.437452223165298165e+03
2.458569371444439184e+03
2.833238000676277352e+03
2.029206754085251987e+03
2.712962470684859909e+03
2.801357693813632068e+03
2.024699122692773017e+03
2.835982450264702038e+03
2.365086555754236088e+03
2.280446402921592380e+03
2.917902987542706796e+03
2.477239185176876163e+03
2.727642307532587893e+03
2.432533300038251582e+03
3.093183538561908335e+03
3.132900422500935292e+03
2.836019615210790562e+03
2.696657579246606019e+03
3.203419221188241409e+03
3.035579805116877651e+03
3.154592104612850562e+03
2.433948421660595614e+03
2.495753701771303895e+03
2.855047912978282511e+03
3.258644667316581490e+03
2.983483330890073375e+03
3.247193409834385875e+03
3.103995729491742168e+03
2.310170534687817963e+03
1.715308664177970059e+03
2.460311193743704735e+03
2.481355718016015089e+03
2.224231439719463651e+03
2.137528451741969093e+03
