9.232496314916606162e-01
6.776298314108262844e+01
1.342617048311885242e+02
1.033833778788118707e+02
8.209380895824232027e+01
2.867746936145912287e+02
1.445431170569115011e+03
1.207636809096485194e+03
2.344844173144021170e+03
1.114529564875520691e+03
1.303955640635527288e+03
1.335662438319835019e+03
1.474803905495213257e+03
2.490070447714548663e+03
1.643241054853600417e+03
8.264502331777478048e+02
1.495539130339028134e+03
1.387325549858590421e+03
1.622634845101824340e+03
1.407101331883167632e+03
9.289987238202633080e+02
5.685089646105027441e+02
1.980598377857259038e+03
1.543873367179467778e+03
1.553719254389704474e+03
1.338002840023496219e+03
1.985233587975165165e+03
1.747897310002275390e+03
1.405739605575208998e+03
2.345736515291307569e+03
2.252003658470267965e+03
2.180803907345453354e+03
2.652488437859116857e+03
2.491127820173739110e+03
2.907123808001915677e+03
2.858651804693165104e+03
2.324309317585220924e+03
2.894061368236039471e+03
2.984286725725957695e+03
3.024299817643307961e+03
2.201392393632065250e+03
2.729621328937909766e+03
2.726804211638368542e+03
2.566985517159318078e+03
2.082948904994375880e+03
2.278770492271979947e+03
2.784119026480983848e+03
2.903009326129347301e+03
2.261061243931794252e+03
2.852541805234602180e+03
3.054459066073914983e+03
2.798637289316774059e+03
2.661006960725462250e+03
1.894463215868837779e+03
2.844360115871352718e+03
2.972068652649820251e+03
2.727688377750130712e+03
2.981072522545467109e+03
2.879415326439189357e+03
1.774224189687041189e+03
3.027685943230738758e+03
3.068032260088391922e+03
2.702140915333099201e+03
1.909182143491993429e+03
1.515220058779308147e+03
2.745996158069640842e+03
2.776416439184428782e+03
2.964007835559821615e+03
2.180529768262182643e+03
2.976415803402267557e+03
3.021428510553549131e+03
2.980080262484559626e+03
2.400504662566348088e+03
2.729003555705478902e+03
3.016011795862118106e+03
2.997802280775520103e+03
2.664602056214240747e+03
3.027246914266520434e+03
2.810167258595008661e+03
3.004184300950879788e+03
2.813171445599828985e+03
2.981361668506435763e+03
2.903519094491791293e+03
2.967673368529453001e+03
2.988965667667239359e+03
3.113056381398483609e+03
2.913353409711468885e+03
3.066170289391712231e+03
2.800413296458306831e+03
2.889746565012006158e+03
2.552333823223971194e+03
2.271246022198487935e+03
2.137200197097326054e+03
2.348479631889536449e+03
2.387597804402515521e+03
2.567971991243133289e+03
3.131535017599773710e+03
2.777969375387192486e+03
2.635283972479068780e+03
2.144951401479357628e+03
2.207735405084610193e+03
