1.982704157436395676e+01
1.887040775121420921e+01
2.096608454806088844e+02
2.574638374169251165e+02
2.781231601257253487e+02
9.993056033905992308e+02
2.867921112932392589e+02
1.829212773881052726e+03
7.738706915411398768e+02
5.059046816057604019e+02
9.482212181523278787e+02
1.079716795375107722e+03
1.004465795459651190e+03
1.180064529590029906e+03
1.073398515965249771e+03
1.221885053039815602e+03
9.636173404337184820e+02
1.185312659870826792e+03
1.150139267646728968e+03
1.296541785974972299e+03
1.392423461026099176e+03
1.946275153219574804e+03
1.992282581137031684e+03
2.127793524995240205e+03
2.083585770750421034e+03
2.506112347419891194e+03
2.664301563334926868e+03
1.764690273359280809e+03
2.842336179241672653e+03
1.699404455558247037e+03
2.089328648800538303e+03
2.775401623332156760e+03
2.805565272273866867e+03
2.840125688433698542e+03
2.668032463894507146e+03
2.900324637674254518e+03
2.885641174257925741e+03
2.809243946899073308e+03
2.984102641226881587e+03
2.937966301918808313e+03
2.945650805968239183e+03
2.511915979797868204e+03
2.451153083213608625e+03
2.500035646773507324e+03
2.661989692996331087e+03
3.033839139456674275e+03
1.994740130881899631e+03
2.720972688504995858e+03
2.076915073367681089e+03
2.351129208926263345e+03
3.037361933340051564e+03
2.933915290731608820e+03
2.895627586448182228e+03
3.074896906677813604e+03
3.386090014629603502e+03
3.106812231759682618e+03
3.135907775432532617e+03
3.240302521929306295e+03
2.391634518676729840e+03
2.766915319000203908e+03
3.445692064879902318e+03
3.376093710329487749e+03
2.431506509634648410e+03
3.318764811266551988e+03
2.894944129427767166e+03
3.322386762697605263e+03
2.804638021464159920e+03
2.476892996814097387e+03
2.236108798498440137e+03
3.395231658812440401e+03
1.693902044572917703e+03
3.295981054922980547e+03
2.132324366459469275e+03
2.446808220749703196e+03
2.447497863840746959e+03
2.992585984181527238e+03
3.076586921795217677e+03
2.738520375825982683e+03
3.273887338536366769e+03
2.036079224671675547e+03
2.729845228466755543e+03
2.367473440321943599e+03
2.934909831031224712e+03
3.218475483534226441e+03
2.836625271192423043e+03
2.773468425202562230e+03
2.316597755943847005e+03
3.408182424443890341e+03
2.684637253793818672e+03
3.098766071869559710e+03
1.770714000984375161e+03
2.695329421508453834e+03
2.930860945511878526e+03
2.253533730021229530e+03
2.961709733881427837e+03
3.495429396360990268e+03
2.667431767877927541e+03
3.032880709448339076e+03
3.110551801155324029e+03
3.144628930695169402e+03
3.291873865494935217e+03
