4.774393351872340929e+00
9.339125429896353126e+01
9.834930771326478407e+02
9.954632581849775761e+02
1.012820731955651013e+03
1.040038361510710274e+03
3.504815265335913637e+02
1.020426939773999948e+03
3.807735308076944420e+02
7.223279647834218622e+02
4.649871705772094401e+02
4.006177951151911998e+02
3.872701527875155421e+02
3.319692272502198307e+02
3.895321442612575424e+02
2.790427916718342090e+02
4.326162534590823157e+02
7.377777663067490721e+02
4.594668479422392124e+02
3.698670427591414978e+02
4.075836468673231252e+02
8.934981084784049017e+02
4.628403951346896292e+02
1.148828220841758139e+03
3.637391249082316449e+02
2.748335297795281917e+02
5.059526992346796987e+02
3.919507869340924344e+02
6.765813453643407911e+02
8.495852938191994781e+02
6.569728861232805457e+02
7.624016305346362969e+02
9.972633653326626018e+02
1.108598474969112658e+03
1.374216867310136649e+03
5.586191848844513288e+02
2.100462915442319172e+03
1.533983984459940075e+03
1.530536454504592257e+03
5.873297073912181077e+02
1.612959845860627183e+03
2.496370235502864034e+03
2.480911455474770719e+03
2.710750314181770136e+03
2.441644635168660443e+03
6.015693110626425550e+02
2.374043703281154194e+03
2.442157480117452906e+03
3.293995672135990844e+03
3.240097511346858937e+03
2.285639169219220094e+03
2.056317423611838421e+03
3.189100591456047823e+03
1.767039238887760803e+03
1.863057780421069310e+03
2.933948602397874311e+03
1.411932843639032171e+03
2.879511919586289423e+03
2.950058950709586497e+03
2.757642891346106808e+03
2.877956435319757020e+03
3.321379552661301659e+03
3.157622946310558291e+03
2.925902198074802982e+03
2.856519894395556094e+03
3.298073987626702547e+03
2.735415770798323592e+03
2.826780236323121244e+03
2.924724648333397454e+03
3.310800210865653298e+03
2.962979008499494739e+03
3.120636359733058725e+03
3.322398147174695623e+03
3.266530296133732008e+03
2.868724862874498285e+03
3.233040757758855761e+03
2.787654989261801347e+03
3.193057726070620447e+03
2.786676464356279212e+03
2.730126317301240306e+03
3.168194945738620845e+03
3.122716105998004423e+03
2.626509445176855934e+03
2.692719978662403719e+03
3.253778762249989995e+03
3.167926172324234813e+03
3.090269773720303874e+03
3.108866567429477982e+03
3.226743646466295104e+03
3.274074909350999405e+03
3.191914145246674707e+03
3.283092065221551366e+03
3.250732515571175554e+03
3.228332363917964813e+03
2.955823305435140355e+03
3.198750212779849790e+03
3.266667621920059901e+03
3.398329253223432715e+03
3.116657839955518284e+03
3.120502721885349274e+03
1.682370973664263602e+03
