2.764366044223243613e+00
3.123935752557969625e+00
2.018746822252830668e+02
1.399637359482311751e+02
2.499096112470495825e+02
1.028954519512093611e+03
3.269331080643706855e+02
4.209103895764395133e+02
2.901119460662984011e+02
1.592579209519380470e+02
3.249325554427845191e+02
3.804059391181546630e+02
5.902962643153688305e+02
2.612853074373946356e+02
3.628207276436229449e+02
8.231947288560835432e+02
3.403532975847954845e+02
9.831203132419348094e+02
3.018024315368329553e+02
3.595677164231799452e+02
9.469365422842680573e+02
3.124793149841296440e+02
9.191301619813377783e+02
5.131606986778547252e+02
4.792307517707078546e+02
4.736023267317015666e+02
2.750207107458039104e+02
1.573281837078493027e+03
2.216469280117063136e+03
9.659761599073310663e+02
1.124509216760639447e+03
1.162382239515173978e+03
1.378780426733977947e+03
1.178512633357654295e+03
1.296564956051211311e+03
1.377792266248092801e+03
1.480933175243604182e+03
1.634667326653892815e+03
2.219384961091232981e+03
2.581208792043297763e+03
1.532383862325156542e+03
1.134934657130861297e+03
1.277099644419261040e+03
2.458771312549039976e+03
1.764616008634663103e+03
1.514052222658252049e+03
1.591781188689715691e+03
1.389834102723725664e+03
1.422581528556440162e+03
2.420237756332432582e+03
1.402764225280872324e+03
2.261337438358400050e+03
1.306347256890416247e+03
2.233631520482193991e+03
2.734332418158187465e+03
2.580196779737470024e+03
2.509973602708609178e+03
2.644161312660983185e+03
6.301843545364197325e+02
1.013523337057617368e+03
1.275055239758655716e+03
2.084606927596482819e+03
2.350104707836239868e+03
2.481786377908624218e+03
2.285417244974677942e+03
1.887167150216793743e+03
2.815922740869021254e+03
2.211485009620685105e+03
1.742660458104008285e+03
2.217921317641032601e+03
2.442537664512266019e+03
2.366556861933534492e+03
2.519393876355180510e+03
2.345676659219177964e+03
1.918814303163500426e+03
2.101541846242794236e+03
2.016320803262723757e+03
2.095450310504820663e+03
2.572208003709316927e+03
2.523481358523592917e+03
2.265248819490083861e+03
2.273000703746388808e+03
2.547389108101614511e+03
2.890562661660217145e+03
2.408662021640778676e+03
2.687655814698714494e+03
2.710249393111071640e+03
2.508548848204608475e+03
2.329399391262570589e+03
2.461388690945107101e+03
1.530475256486720809e+03
2.864735108452392979e+03
2.786192074665632390e+03
2.752034760582810577e+03
2.403426604445533940e+03
2.139212069117990723e+03
2.928881133648746982e+03
2.837774602491005680e+03
2.790117349874675256e+03
2.650757244146093399e+03
2.807407082365510632e+03
