1.669178128242492676e+00
1.517361760139465332e+00
2.178856372833251953e+00
2.552338838577270508e+00
2.652057409286499023e+00
2.506636857986450195e+00
2.227012634277343750e+00
1.904460191726684570e+00
1.655600070953369141e+00
1.492676258087158203e+00
1.382846117019653320e+00
1.316005825996398926e+00
1.281075477600097656e+00
1.247285485267639160e+00
1.252427577972412109e+00
1.264960289001464844e+00
1.287129640579223633e+00
1.294259667396545410e+00
1.270991802215576172e+00
1.251572847366333008e+00
1.197067618370056152e+00
1.178653836250305176e+00
1.161874532699584961e+00
1.104395031929016113e+00
1.066697120666503906e+00
1.051635742187500000e+00
1.035879135131835938e+00
1.025371909141540527e+00
1.041654109954833984e+00
1.015729069709777832e+00
1.029664993286132812e+00
1.014438629150390625e+00
1.004311800003051758e+00
1.015389323234558105e+00
1.022973179817199707e+00
1.024883389472961426e+00
1.017764449119567871e+00
1.008336424827575684e+00
1.057992458343505859e+00
1.100310087203979492e+00
1.114447474479675293e+00
1.144424080848693848e+00
1.210835099220275879e+00
1.235489726066589355e+00
1.253396034240722656e+00
1.276253461837768555e+00
1.286445975303649902e+00
1.295789837837219238e+00
1.328346490859985352e+00
1.353155136108398438e+00
1.372271299362182617e+00
1.395762443542480469e+00
1.463557958602905273e+00
1.506371974945068359e+00
1.549532771110534668e+00
1.591212391853332520e+00
1.603938937187194824e+00
1.618630170822143555e+00
1.630513191223144531e+00
1.642861843109130859e+00
1.682299017906188965e+00
1.667928218841552734e+00
1.679974317550659180e+00
1.706338405609130859e+00
1.719225645065307617e+00
2.194851160049438477e+00
2.111111402511596680e+00
2.121666193008422852e+00
2.175217866897583008e+00
2.072431087493896484e+00
2.083821296691894531e+00
2.100737810134887695e+00
2.100756883621215820e+00
2.112721920013427734e+00
2.128140687942504883e+00
2.206697702407836914e+00
2.227264404296875000e+00
2.163804769515991211e+00
2.214993238449096680e+00
2.195952892303466797e+00
2.198744535446166992e+00
2.245526552200317383e+00
2.281605958938598633e+00
2.305234909057617188e+00
2.319262266159057617e+00
2.345195055007934570e+00
2.334378242492675781e+00
2.352550745010375977e+00
2.375758409500122070e+00
2.420761823654174805e+00
2.475301265716552734e+00
2.463574171066284180e+00
2.473190784454345703e+00
2.519982337951660156e+00
2.512410163879394531e+00
2.585784673690795898e+00
2.554958105087280273e+00
2.609361171722412109e+00
2.601837396621704102e+00
2.608895540237426758e+00
2.672028303146362305e+00
2.721972227096557617e+00
2.668027400970458984e+00
2.692007780075073242e+00
2.761313199996948242e+00
2.773274421691894531e+00
2.777572154998779297e+00
2.766919851303100586e+00
2.823582410812377930e+00
2.826899051666259766e+00
2.897487401962280273e+00
2.878165960311889648e+00
2.920287609100341797e+00
2.970155715942382812e+00
2.982047080993652344e+00
3.008134126663208008e+00
2.970718145370483398e+00
3.031025409698486328e+00
3.049512624740600586e+00
3.068636655807495117e+00
3.052213907241821289e+00
3.070569276809692383e+00
3.135852336883544922e+00
3.147601366043090820e+00
3.165495872497558594e+00
3.169543981552124023e+00
3.211081981658935547e+00
3.237409591674804688e+00
3.242807149887084961e+00
3.226382255554199219e+00
3.273816347122192383e+00
3.298425197601318359e+00
3.279731035232543945e+00
3.279037952423095703e+00
3.288611888885498047e+00
3.324187278747558594e+00
3.327323198318481445e+00
3.335818290710449219e+00
3.324262142181396484e+00
3.306628704071044922e+00
3.330247402191162109e+00
3.323975801467895508e+00
3.340891599655151367e+00
3.369840145111083984e+00
3.326788187026977539e+00
3.338476657867431641e+00
3.353985548019409180e+00
3.351756811141967773e+00
3.318095207214355469e+00
3.336604118347167969e+00
3.358868598937988281e+00
3.349702119827270508e+00
3.315963983535766602e+00
3.311098575592041016e+00
3.322473287582397461e+00
3.327395439147949219e+00
3.327038526535034180e+00
3.332294940948486328e+00
3.307496547698974609e+00
3.271289110183715820e+00
3.266363382339477539e+00
3.236601114273071289e+00
3.211614370346069336e+00
3.236316919326782227e+00
3.289787054061889648e+00
3.224346637725830078e+00
3.202404975891113281e+00
3.209086656570434570e+00
3.218289852142333984e+00
3.231157779693603516e+00
3.233875036239624023e+00
3.262868642807006836e+00
3.218220710754394531e+00
3.250710010528564453e+00
3.200832366943359375e+00
3.217516660690307617e+00
4.867358684539794922e+00
4.435103416442871094e+00
4.103122234344482422e+00
3.965229034423828125e+00
3.963296890258789062e+00
3.958365201950073242e+00
4.005017280578613281e+00
3.978807210922241211e+00
3.881073713302612305e+00
3.904033660888671875e+00
3.867026567459106445e+00
3.909792423248291016e+00
3.869164943695068359e+00
3.855931043624877930e+00
3.824913978576660156e+00
7.209641456604003906e+00
7.237483501434326172e+00
6.280874729156494141e+00
5.593031406402587891e+00
5.917634487152099609e+00
5.682519435882568359e+00
5.752292156219482422e+00
5.561773300170898438e+00
5.264509677886962891e+00
5.583781242370605469e+00
5.545207023620605469e+00
5.415380954742431641e+00
5.384871959686279297e+00
5.242859363555908203e+00
5.180047035217285156e+00
4.978173255920410156e+00
5.282429695129394531e+00
7.768496513366699219e+00
9.513833999633789062e+00
8.276037216186523438e+00
8.492441177368164062e+00
8.080710411071777344e+00
7.464554786682128906e+00
7.498448371887207031e+00
7.346687793731689453e+00
6.854287147521972656e+00
6.423839569091796875e+00
6.568945407867431641e+00
7.135109424591064453e+00
6.599610328674316406e+00
6.759627819061279297e+00
6.583349704742431641e+00
6.681185245513916016e+00
6.428813934326171875e+00
6.566814422607421875e+00
6.440412044525146484e+00
6.225743293762207031e+00
6.614033222198486328e+00
6.371515274047851562e+00
8.753674507141113281e+00
8.485607147216796875e+00
8.515266418457031250e+00
1.042397308349609375e+01
9.228489875793457031e+00
9.653627395629882812e+00
9.502750396728515625e+00
9.294762611389160156e+00
8.664067268371582031e+00
1.109966564178466797e+01
1.122291755676269531e+01
1.131500339508056641e+01
9.860539436340332031e+00
1.019901466369628906e+01
1.024921035766601562e+01
9.495877265930175781e+00
9.735139846801757812e+00
9.826531410217285156e+00
9.688471794128417969e+00
9.210674285888671875e+00
9.049607276916503906e+00
8.956571578979492188e+00
8.768610954284667969e+00
1.227636146545410156e+01
1.126822948455810547e+01
1.102735042572021484e+01
1.227112483978271484e+01
1.298989486694335938e+01
1.154694175720214844e+01
1.115958976745605469e+01
1.124963474273681641e+01
1.341817474365234375e+01
1.315224742889404297e+01
1.295503520965576172e+01
1.300218009948730469e+01
1.220963764190673828e+01
1.236671161651611328e+01
1.159323215484619141e+01
1.332113742828369141e+01
1.240414810180664062e+01
1.302350234985351562e+01
1.241288661956787109e+01
1.198507785797119141e+01
1.193313121795654297e+01
1.149857234954833984e+01
1.182044315338134766e+01
1.189545726776123047e+01
1.171798992156982422e+01
1.127405452728271484e+01
1.166528701782226562e+01
1.122125816345214844e+01
1.134441566467285156e+01
1.122817611694335938e+01
1.122780513763427734e+01
1.188869953155517578e+01
1.124041557312011719e+01
1.184671497344970703e+01
1.158041954040527344e+01
1.147379016876220703e+01
1.157942008972167969e+01
1.130337715148925781e+01
1.119037532806396484e+01
1.181852340698242188e+01
1.169758987426757812e+01
1.345602893829345703e+01
1.306712722778320312e+01
1.278640842437744141e+01
1.346416378021240234e+01
1.325052452087402344e+01
1.403496265411376953e+01
1.580907344818115234e+01
1.531754589080810547e+01
1.569994354248046875e+01
1.560536861419677734e+01
1.657501029968261719e+01
1.738388633728027344e+01
1.816896438598632812e+01
1.759912300109863281e+01
1.747682571411132812e+01
1.717921447753906250e+01
2.033782768249511719e+01
2.028541564941406250e+01
1.941997528076171875e+01
1.991600799560546875e+01
1.943233680725097656e+01
1.989653396606445312e+01
1.981262588500976562e+01
1.960452461242675781e+01
1.917795753479003906e+01
1.935791397094726562e+01
1.922466468811035156e+01
1.921567916870117188e+01
1.880469131469726562e+01
1.905078125000000000e+01
1.938238143920898438e+01
1.905420494079589844e+01
1.900008583068847656e+01
1.992045783996582031e+01
2.019970512390136719e+01
1.992338943481445312e+01
2.021955490112304688e+01
2.029869842529296875e+01
2.040014076232910156e+01
2.055552673339843750e+01
2.099004364013671875e+01
2.139406204223632812e+01
2.128973579406738281e+01
2.171731185913085938e+01
2.182684326171875000e+01
2.240527915954589844e+01
2.208929824829101562e+01
2.189648437500000000e+01
2.462932777404785156e+01
2.421865272521972656e+01
2.412569999694824219e+01
2.432209014892578125e+01
2.411823844909667969e+01
2.446260452270507812e+01
2.463335609436035156e+01
2.464216804504394531e+01
2.442353439331054688e+01
2.473083114624023438e+01
2.567047500610351562e+01
2.852379798889160156e+01
2.846579170227050781e+01
2.756320953369140625e+01
2.766344642639160156e+01
2.751536369323730469e+01
2.737648200988769531e+01
2.863821792602539062e+01
2.834557723999023438e+01
2.806725311279296875e+01
2.828352928161621094e+01
2.781267166137695312e+01
2.794752311706542969e+01
2.837084770202636719e+01
2.749711608886718750e+01
2.737831687927246094e+01
2.731819915771484375e+01
2.788442802429199219e+01
2.787878036499023438e+01
2.788239097595214844e+01
2.708910942077636719e+01
2.765019416809082031e+01
2.735054016113281250e+01
2.639439201354980469e+01
2.770310783386230469e+01
2.812287521362304688e+01
2.768070030212402344e+01
2.764151954650878906e+01
2.766641807556152344e+01
2.825099563598632812e+01
2.810998725891113281e+01
2.760909652709960938e+01
2.788004875183105469e+01
2.781688308715820312e+01
2.756082534790039062e+01
2.702031517028808594e+01
3.114604759216308594e+01
3.030816268920898438e+01
3.079551887512207031e+01
3.052318000793457031e+01
3.049061012268066406e+01
2.974622344970703125e+01
2.950827980041503906e+01
2.951732635498046875e+01
2.930732727050781250e+01
2.961618423461914062e+01
3.117811393737792969e+01
3.033160209655761719e+01
3.015735244750976562e+01
2.956251716613769531e+01
2.940996742248535156e+01
3.186873626708984375e+01
3.111464881896972656e+01
3.087021255493164062e+01
3.204234695434570312e+01
3.160986709594726562e+01
3.155286788940429688e+01
3.170984458923339844e+01
3.121109771728515625e+01
3.129445266723632812e+01
3.187579917907714844e+01
3.242580413818359375e+01
3.159403228759765625e+01
3.072922706604003906e+01
3.033871078491210938e+01
2.994676780700683594e+01
3.216680145263671875e+01
3.152257156372070312e+01
3.123509407043457031e+01
3.080761909484863281e+01
3.132012176513671875e+01
3.129804801940917969e+01
3.164159774780273438e+01
3.203063964843750000e+01
3.424237442016601562e+01
3.199710273742675781e+01
3.522879028320312500e+01
3.561539459228515625e+01
3.492281341552734375e+01
3.554535675048828125e+01
3.563547515869140625e+01
3.510314559936523438e+01
3.429731750488281250e+01
3.522605133056640625e+01
3.537933731079101562e+01
3.483831405639648438e+01
3.414853668212890625e+01
3.471245193481445312e+01
3.338211441040039062e+01
3.372881317138671875e+01
3.909602355957031250e+01
3.759587478637695312e+01
3.836026763916015625e+01
3.878850173950195312e+01
4.202293777465820312e+01
3.877538299560546875e+01
3.779198455810546875e+01
3.833760070800781250e+01
3.869917678833007812e+01
4.112406921386718750e+01
4.035836029052734375e+01
4.098881912231445312e+01
5.026153945922851562e+01
4.288829803466796875e+01
4.198274230957031250e+01
4.248701477050781250e+01
4.167256927490234375e+01
4.001703643798828125e+01
4.152456665039062500e+01
4.672944259643554688e+01
4.464229202270507812e+01
4.260361099243164062e+01
4.153096771240234375e+01
4.200400924682617188e+01
4.206565856933593750e+01
4.235770416259765625e+01
4.046969604492187500e+01
4.028337478637695312e+01
4.222698974609375000e+01
4.315880203247070312e+01
4.354670333862304688e+01
4.096620941162109375e+01
4.110628509521484375e+01
4.021596908569335938e+01
4.090742874145507812e+01
4.038405609130859375e+01
4.128273773193359375e+01
4.089153289794921875e+01
3.926517868041992188e+01
4.134627532958984375e+01
4.328470230102539062e+01
4.340906906127929688e+01
4.479965591430664062e+01
4.369314193725585938e+01
4.627943801879882812e+01
4.723080062866210938e+01
4.662474441528320312e+01
4.853135681152343750e+01
4.788470458984375000e+01
5.032342147827148438e+01
4.891228103637695312e+01
4.965167999267578125e+01
5.106610870361328125e+01
4.990764617919921875e+01
5.051860809326171875e+01
4.922756195068359375e+01
4.799385833740234375e+01
4.713087463378906250e+01
4.637067794799804688e+01
4.556584548950195312e+01
5.005032730102539062e+01
4.843659210205078125e+01
4.841418457031250000e+01
4.822193145751953125e+01
4.778016281127929688e+01
4.685449218750000000e+01
4.718300628662109375e+01
4.682597732543945312e+01
4.886406326293945312e+01
5.045451354980468750e+01
5.175336456298828125e+01
4.929302215576171875e+01
4.979578781127929688e+01
5.275575256347656250e+01
5.142113113403320312e+01
5.358895492553710938e+01
5.152014541625976562e+01
5.028824234008789062e+01
5.263271331787109375e+01
5.006962585449218750e+01
4.981331634521484375e+01
4.753521728515625000e+01
4.958940887451171875e+01
5.123072052001953125e+01
5.167985916137695312e+01
5.090325927734375000e+01
4.975855255126953125e+01
4.897068786621093750e+01
4.769948577880859375e+01
4.778634262084960938e+01
4.727120971679687500e+01
5.086520385742187500e+01
5.116253280639648438e+01
5.095045471191406250e+01
5.115918350219726562e+01
5.039875030517578125e+01
4.997983551025390625e+01
4.908334732055664062e+01
4.870042800903320312e+01
4.770229339599609375e+01
4.708845138549804688e+01
4.721767044067382812e+01
4.693537902832031250e+01
4.869126892089843750e+01
5.161581802368164062e+01
5.077049636840820312e+01
5.006495285034179688e+01
5.063302993774414062e+01
5.022216796875000000e+01
4.964673614501953125e+01
4.951729583740234375e+01
4.812706756591796875e+01
5.009151840209960938e+01
4.925146102905273438e+01
4.875948333740234375e+01
4.801469421386718750e+01
4.815710067749023438e+01
5.115358734130859375e+01
6.014979934692382812e+01
5.437071228027343750e+01
5.354160308837890625e+01
5.011656951904296875e+01
5.065565872192382812e+01
4.975243377685546875e+01
5.110716247558593750e+01
5.172722625732421875e+01
5.005921173095703125e+01
4.923377227783203125e+01
5.235376739501953125e+01
4.740531539916992188e+01
4.812015533447265625e+01
4.680773544311523438e+01
4.704221725463867188e+01
5.251583862304687500e+01
4.831982803344726562e+01
4.641981506347656250e+01
4.654312133789062500e+01
4.624170303344726562e+01
4.710677337646484375e+01
4.697537994384765625e+01
4.807846069335937500e+01
4.888606643676757812e+01
4.720605850219726562e+01
4.900684356689453125e+01
4.652922821044921875e+01
4.817871856689453125e+01
4.581820678710937500e+01
4.566082382202148438e+01
4.582157897949218750e+01
4.543348693847656250e+01
4.534488296508789062e+01
4.519617080688476562e+01
4.571806335449218750e+01
4.737188339233398438e+01
4.918110275268554688e+01
5.125387573242187500e+01
4.817940902709960938e+01
4.989960861206054688e+01
4.927328109741210938e+01
5.007051086425781250e+01
4.914482879638671875e+01
5.748367309570312500e+01
5.389517211914062500e+01
5.263544845581054688e+01
4.827748489379882812e+01
4.870900726318359375e+01
5.011331176757812500e+01
4.893196487426757812e+01
4.812124252319335938e+01
4.876818847656250000e+01
4.842206954956054688e+01
4.908926010131835938e+01
4.779847335815429688e+01
4.614904785156250000e+01
5.076039123535156250e+01
4.778899002075195312e+01
4.894347381591796875e+01
4.820212173461914062e+01
4.791182708740234375e+01
5.032582855224609375e+01
5.385638809204101562e+01
5.499718856811523438e+01
5.397854232788085938e+01
5.198094177246093750e+01
5.463753128051757812e+01
5.486698913574218750e+01
5.343703460693359375e+01
5.426946258544921875e+01
5.502930450439453125e+01
5.448346710205078125e+01
5.274530410766601562e+01
5.134456253051757812e+01
5.221322631835937500e+01
5.225242233276367188e+01
5.430096817016601562e+01
5.317225265502929688e+01
5.356790542602539062e+01
5.348037338256835938e+01
5.593961715698242188e+01
5.442088699340820312e+01
5.339695358276367188e+01
5.335872650146484375e+01
5.333799362182617188e+01
5.280403137207031250e+01
5.261871719360351562e+01
5.197689437866210938e+01
5.093815612792968750e+01
5.133404541015625000e+01
5.045572280883789062e+01
5.128768920898437500e+01
5.156825256347656250e+01
5.071436691284179688e+01
4.990217208862304688e+01
5.063474655151367188e+01
5.057631683349609375e+01
5.045610046386718750e+01
5.076102447509765625e+01
5.100178909301757812e+01
5.271849060058593750e+01
5.268831634521484375e+01
5.298974227905273438e+01
5.218405532836914062e+01
5.150159072875976562e+01
5.223615264892578125e+01
5.459155654907226562e+01
5.486997985839843750e+01
5.345258712768554688e+01
5.468560028076171875e+01
5.443955612182617188e+01
5.554100799560546875e+01
5.458247375488281250e+01
5.774947738647460938e+01
5.330749130249023438e+01
5.535678863525390625e+01
5.467731475830078125e+01
5.963149261474609375e+01
5.791046142578125000e+01
5.387518310546875000e+01
5.603423309326171875e+01
5.494107055664062500e+01
5.561647796630859375e+01
5.846047592163085938e+01
5.585835266113281250e+01
5.471064758300781250e+01
5.646174621582031250e+01
5.838722610473632812e+01
5.732337570190429688e+01
5.749682998657226562e+01
5.586359024047851562e+01
5.469392013549804688e+01
5.686936187744140625e+01
6.063905334472656250e+01
5.690333175659179688e+01
5.787380218505859375e+01
5.633655166625976562e+01
5.572865295410156250e+01
5.585315322875976562e+01
5.546429824829101562e+01
5.283938217163085938e+01
5.275561141967773438e+01
5.472700500488281250e+01
5.229376220703125000e+01
5.307464218139648438e+01
5.226878356933593750e+01
5.227448272705078125e+01
5.733982849121093750e+01
5.547413253784179688e+01
5.475463104248046875e+01
5.429370880126953125e+01
5.637398529052734375e+01
5.716155624389648438e+01
6.034349060058593750e+01
5.785078430175781250e+01
5.800934982299804688e+01
5.679664230346679688e+01
5.779929351806640625e+01
5.691453170776367188e+01
5.831570053100585938e+01
5.619561767578125000e+01
5.497024154663085938e+01
5.677612686157226562e+01
5.524036788940429688e+01
5.465003204345703125e+01
5.546903228759765625e+01
5.414139556884765625e+01
5.400104522705078125e+01
5.621415710449218750e+01
5.552218627929687500e+01
5.941326904296875000e+01
5.596656799316406250e+01
5.658676147460937500e+01
5.754070663452148438e+01
5.575519561767578125e+01
5.831124877929687500e+01
5.706809234619140625e+01
5.652397537231445312e+01
5.502624130249023438e+01
5.615001296997070312e+01
5.587428665161132812e+01
5.308277130126953125e+01
5.297509002685546875e+01
5.226096725463867188e+01
5.268281555175781250e+01
5.328784561157226562e+01
5.316169357299804688e+01
7.466777038574218750e+01
5.551134490966796875e+01
5.762071228027343750e+01
5.528567123413085938e+01
5.494272613525390625e+01
5.318674850463867188e+01
5.258843612670898438e+01
5.402074813842773438e+01
5.933544921875000000e+01
5.558467864990234375e+01
5.380171203613281250e+01
5.620811843872070312e+01
5.319361114501953125e+01
5.118618774414062500e+01
5.497835922241210938e+01
5.314113998413085938e+01
5.383154678344726562e+01
5.004176330566406250e+01
5.353616714477539062e+01
5.064941787719726562e+01
5.379724121093750000e+01
5.272390747070312500e+01
5.078862380981445312e+01
4.911107635498046875e+01
5.128928756713867188e+01
4.957007980346679688e+01
5.056528854370117188e+01
5.304192352294921875e+01
5.542072296142578125e+01
5.447802352905273438e+01
5.491392135620117188e+01
5.397679519653320312e+01
5.518164825439453125e+01
5.411816787719726562e+01
5.314388656616210938e+01
5.340197372436523438e+01
5.468693923950195312e+01
5.140282821655273438e+01
5.164719390869140625e+01
4.980915451049804688e+01
5.149597167968750000e+01
5.081066894531250000e+01
5.137092208862304688e+01
4.976482391357421875e+01
5.119063568115234375e+01
5.226173400878906250e+01
6.248190307617187500e+01
5.263328170776367188e+01
5.325974273681640625e+01
5.539858627319335938e+01
5.560335159301757812e+01
5.313264846801757812e+01
5.220722198486328125e+01
5.333816146850585938e+01
5.367905807495117188e+01
5.324887847900390625e+01
5.326929092407226562e+01
5.127695083618164062e+01
5.225772476196289062e+01
5.252109909057617188e+01
5.804428863525390625e+01
5.729879760742187500e+01
5.951011276245117188e+01
5.820291519165039062e+01
5.864036941528320312e+01
5.710326004028320312e+01
5.420634460449218750e+01
5.475665664672851562e+01
5.230675125122070312e+01
5.523106384277343750e+01
5.661893081665039062e+01
5.717581558227539062e+01
5.685992050170898438e+01
5.554559707641601562e+01
5.473102188110351562e+01
5.416569137573242188e+01
5.694534683227539062e+01
5.560833740234375000e+01
5.494567871093750000e+01
5.546480178833007812e+01
5.585688400268554688e+01
5.659806060791015625e+01
5.319872665405273438e+01
5.361791229248046875e+01
5.356977462768554688e+01
5.523389053344726562e+01
5.341202163696289062e+01
5.528603744506835938e+01
5.306477355957031250e+01
5.595209503173828125e+01
5.587117004394531250e+01
5.774416351318359375e+01
5.505092239379882812e+01
5.682580566406250000e+01
5.567477035522460938e+01
5.996452331542968750e+01
6.123450469970703125e+01
5.884433746337890625e+01
5.585303878784179688e+01
5.760063171386718750e+01
5.583835983276367188e+01
5.401292419433593750e+01
5.955440521240234375e+01
5.814936447143554688e+01
5.801887512207031250e+01
5.755789947509765625e+01
5.754795455932617188e+01
5.699750518798828125e+01
5.941625595092773438e+01
5.711333084106445312e+01
5.536360168457031250e+01
5.170293807983398438e+01
5.453603744506835938e+01
5.176263809204101562e+01
5.539563751220703125e+01
5.467086029052734375e+01
5.601924133300781250e+01
6.183434677124023438e+01
5.682805252075195312e+01
5.531594467163085938e+01
5.913918685913085938e+01
5.508712387084960938e+01
5.893000793457031250e+01
5.826797866821289062e+01
5.725167846679687500e+01
5.451626968383789062e+01
5.909085083007812500e+01
5.695832824707031250e+01
6.052784729003906250e+01
6.037947845458984375e+01
5.842672729492187500e+01
6.682905578613281250e+01
6.076598739624023438e+01
5.971503067016601562e+01
5.856105422973632812e+01
5.927202224731445312e+01
6.140041351318359375e+01
6.186045837402343750e+01
5.702835845947265625e+01
5.348976898193359375e+01
5.230923461914062500e+01
5.032956314086914062e+01
5.322340774536132812e+01
5.494239044189453125e+01
5.230561828613281250e+01
5.502490997314453125e+01
5.396464920043945312e+01
5.335996246337890625e+01
5.118063354492187500e+01
5.559167861938476562e+01
5.337809371948242188e+01
5.110340881347656250e+01
5.194823837280273438e+01
5.166892242431640625e+01
4.938066101074218750e+01
5.267124557495117188e+01
5.169583892822265625e+01
5.206587600708007812e+01
5.532105636596679688e+01
5.454074096679687500e+01
5.924694061279296875e+01
5.724680328369140625e+01
5.508741378784179688e+01
5.568203353881835938e+01
5.632135772705078125e+01
6.384637451171875000e+01
6.800268554687500000e+01
6.336673355102539062e+01
6.044953918457031250e+01
6.072730255126953125e+01
6.426609802246093750e+01
6.782025146484375000e+01
6.906886291503906250e+01
6.193199920654296875e+01
6.092789077758789062e+01
6.141036987304687500e+01
6.535052490234375000e+01
6.745820617675781250e+01
6.572934722900390625e+01
6.673251342773437500e+01
6.056742858886718750e+01
6.549166870117187500e+01
6.240119171142578125e+01
6.082402801513671875e+01
6.358752059936523438e+01
6.172525405883789062e+01
6.168671035766601562e+01
5.941298294067382812e+01
6.200797653198242188e+01
6.026738357543945312e+01
5.739846038818359375e+01
5.856869506835937500e+01
5.665111160278320312e+01
6.442825317382812500e+01
6.315087509155273438e+01
6.103943634033203125e+01
6.144681930541992188e+01
6.748169708251953125e+01
6.868936920166015625e+01
6.201328277587890625e+01
6.206051635742187500e+01
6.331368637084960938e+01
6.017055511474609375e+01
6.679447174072265625e+01
6.417780303955078125e+01
6.738915252685546875e+01
6.299507904052734375e+01
6.494785308837890625e+01
6.436789703369140625e+01
6.414889526367187500e+01
8.020994567871093750e+01
6.461067199707031250e+01
6.296201705932617188e+01
6.785670471191406250e+01
6.766109466552734375e+01
6.826204681396484375e+01
6.262720489501953125e+01
6.233750915527343750e+01
6.698106384277343750e+01
7.052459716796875000e+01
6.940998840332031250e+01
6.511959838867187500e+01
6.780315399169921875e+01
7.077330017089843750e+01
6.937486267089843750e+01
7.080444335937500000e+01
7.436685943603515625e+01
7.513084411621093750e+01
7.413799285888671875e+01
7.730807495117187500e+01
7.243872070312500000e+01
7.728794097900390625e+01
7.020880889892578125e+01
7.183962249755859375e+01
6.900101470947265625e+01
6.607758331298828125e+01
6.880915832519531250e+01
6.801067352294921875e+01
7.090939331054687500e+01
7.333736419677734375e+01
7.261699676513671875e+01
7.509952545166015625e+01
7.891242218017578125e+01
7.054012298583984375e+01
6.801092529296875000e+01
6.757250213623046875e+01
7.029987335205078125e+01
7.694694519042968750e+01
7.570352935791015625e+01
7.363240814208984375e+01
7.525780487060546875e+01
7.949240112304687500e+01
7.589208221435546875e+01
7.075469970703125000e+01
7.000612640380859375e+01
7.238748931884765625e+01
7.262221527099609375e+01
7.368663024902343750e+01
7.029444885253906250e+01
7.214383697509765625e+01
7.171139526367187500e+01
7.471714019775390625e+01
7.234918975830078125e+01
7.224384307861328125e+01
7.538694000244140625e+01
7.354255676269531250e+01
7.539228057861328125e+01
7.828418731689453125e+01
7.822203063964843750e+01
8.953804016113281250e+01
8.227336120605468750e+01
7.937583923339843750e+01
7.561527252197265625e+01
7.613899993896484375e+01
8.136675262451171875e+01
7.853612518310546875e+01
7.804495239257812500e+01
8.130364990234375000e+01
8.205148315429687500e+01
8.166212463378906250e+01
7.957421875000000000e+01
7.963518524169921875e+01
8.134784698486328125e+01
8.403199768066406250e+01
8.250064086914062500e+01
7.620045471191406250e+01
8.807585906982421875e+01
8.308628082275390625e+01
8.184226226806640625e+01
8.428775024414062500e+01
9.177784729003906250e+01
8.620059967041015625e+01
8.494917297363281250e+01
8.311313629150390625e+01
8.187615203857421875e+01
8.564025115966796875e+01
8.304976654052734375e+01
8.265353393554687500e+01
8.519562530517578125e+01
8.470561218261718750e+01
8.682554626464843750e+01
8.751337432861328125e+01
8.603507232666015625e+01
8.436814117431640625e+01
8.903041076660156250e+01
8.657840728759765625e+01
9.311754608154296875e+01
8.895984649658203125e+01
8.882521057128906250e+01
9.216381072998046875e+01
8.803306579589843750e+01
8.382597351074218750e+01
8.183979034423828125e+01
8.775254058837890625e+01
8.053475189208984375e+01
8.297570037841796875e+01
7.757521820068359375e+01
7.782685089111328125e+01
8.143037414550781250e+01
8.262017059326171875e+01
8.111280822753906250e+01
8.196517181396484375e+01
8.341954803466796875e+01
8.135711669921875000e+01
8.238164520263671875e+01
8.275985717773437500e+01
7.971644592285156250e+01
8.048570251464843750e+01
8.282033538818359375e+01
8.595149993896484375e+01
9.210305786132812500e+01
8.362739562988281250e+01
8.636038970947265625e+01
9.490129089355468750e+01
9.343634033203125000e+01
9.234525299072265625e+01
9.001959228515625000e+01
8.384069824218750000e+01
8.015733337402343750e+01
8.818967437744140625e+01
9.147617340087890625e+01
8.854232788085937500e+01
8.328547668457031250e+01
8.151577758789062500e+01
8.052205657958984375e+01
8.794126892089843750e+01
8.604588317871093750e+01
8.134267425537109375e+01
8.477746582031250000e+01
8.667048645019531250e+01
8.351497650146484375e+01
9.202401733398437500e+01
9.152909088134765625e+01
8.792414093017578125e+01
8.838317108154296875e+01
8.288729858398437500e+01
8.769152832031250000e+01
8.750508117675781250e+01
8.862829589843750000e+01
9.197710418701171875e+01
9.213504791259765625e+01
9.439328765869140625e+01
9.016121673583984375e+01
8.294161224365234375e+01
8.393367004394531250e+01
8.955004882812500000e+01
9.139883422851562500e+01
9.212654876708984375e+01
9.055820465087890625e+01
9.276672363281250000e+01
9.715215301513671875e+01
9.334676361083984375e+01
9.880753326416015625e+01
9.708684539794921875e+01
9.420132446289062500e+01
9.637804412841796875e+01
9.541515350341796875e+01
9.923780822753906250e+01
9.264938354492187500e+01
8.775701141357421875e+01
8.801315307617187500e+01
9.419773864746093750e+01
9.111856842041015625e+01
8.780640411376953125e+01
8.657669830322265625e+01
9.221849822998046875e+01
9.101345062255859375e+01
8.781181335449218750e+01
8.739671325683593750e+01
9.076635742187500000e+01
8.970825195312500000e+01
8.793754577636718750e+01
8.486180114746093750e+01
9.385190582275390625e+01
8.809571838378906250e+01
9.065206146240234375e+01
8.955561828613281250e+01
8.576386260986328125e+01
8.886907958984375000e+01
8.831032562255859375e+01
8.594095611572265625e+01
9.235863494873046875e+01
9.323121643066406250e+01
9.825711059570312500e+01
9.146785736083984375e+01
9.832794952392578125e+01
9.775051879882812500e+01
9.232146453857421875e+01
9.710137939453125000e+01
8.858575439453125000e+01
9.296711730957031250e+01
9.873620605468750000e+01
9.886598205566406250e+01
9.650336456298828125e+01
9.489765930175781250e+01
9.912318420410156250e+01
1.000331268310546875e+02
9.651847076416015625e+01
9.794696807861328125e+01
9.896776580810546875e+01
9.328968048095703125e+01
9.497869110107421875e+01
9.955329895019531250e+01
1.016471862792968750e+02
1.003100357055664062e+02
1.025389862060546875e+02
9.855956268310546875e+01
9.732913208007812500e+01
1.027266387939453125e+02
1.207519226074218750e+02
1.040158538818359375e+02
9.444929504394531250e+01
1.018870086669921875e+02
1.027834854125976562e+02
1.024789047241210938e+02
9.696578216552734375e+01
9.198484039306640625e+01
9.653014373779296875e+01
9.438127136230468750e+01
9.330456542968750000e+01
9.418544769287109375e+01
9.318093109130859375e+01
9.473650360107421875e+01
9.466257476806640625e+01
9.243618774414062500e+01
1.016385574340820312e+02
9.737882232666015625e+01
9.940353393554687500e+01
9.695090484619140625e+01
9.911348724365234375e+01
8.899617004394531250e+01
9.150428009033203125e+01
9.292367553710937500e+01
9.261414337158203125e+01
9.412592315673828125e+01
9.660196685791015625e+01
9.456057739257812500e+01
9.396924591064453125e+01
9.744732666015625000e+01
9.356477355957031250e+01
9.397671508789062500e+01
9.755323791503906250e+01
9.448020172119140625e+01
1.021943511962890625e+02
9.657279205322265625e+01
9.407801818847656250e+01
9.968309020996093750e+01
9.918238830566406250e+01
1.059302215576171875e+02
9.683532714843750000e+01
1.020547485351562500e+02
9.414223480224609375e+01
9.439053344726562500e+01
9.532778167724609375e+01
9.406837463378906250e+01
9.263479614257812500e+01
9.477412414550781250e+01
9.747882080078125000e+01
9.576778411865234375e+01
9.346720123291015625e+01
1.014934844970703125e+02
9.725785827636718750e+01
9.898197174072265625e+01
9.876460266113281250e+01
9.636817169189453125e+01
9.399562835693359375e+01
9.664662170410156250e+01
9.744689178466796875e+01
9.832569122314453125e+01
1.007292480468750000e+02
9.883036804199218750e+01
9.629745483398437500e+01
1.023335037231445312e+02
9.927189636230468750e+01
1.059389190673828125e+02
1.020999984741210938e+02
1.013215637207031250e+02
1.009411621093750000e+02
1.059697113037109375e+02
1.094231567382812500e+02
1.043781738281250000e+02
1.109916915893554688e+02
1.090705261230468750e+02
9.784147644042968750e+01
1.040370178222656250e+02
1.000394210815429688e+02
1.012572174072265625e+02
1.039814910888671875e+02
1.063859100341796875e+02
9.994565582275390625e+01
1.086335601806640625e+02
1.202784347534179688e+02
1.117512664794921875e+02
1.105026550292968750e+02
1.156917037963867188e+02
1.123963546752929688e+02
1.079344024658203125e+02
1.125224227905273438e+02
1.130621032714843750e+02
1.154487152099609375e+02
1.144553146362304688e+02
1.161811752319335938e+02
1.146411895751953125e+02
1.172292022705078125e+02
1.158585205078125000e+02
1.145648574829101562e+02
1.143675384521484375e+02
1.169196395874023438e+02
1.191253738403320312e+02
1.123504638671875000e+02
1.130363082885742188e+02
1.194728851318359375e+02
1.162951660156250000e+02
1.226710739135742188e+02
1.145602035522460938e+02
1.152505645751953125e+02
1.180699081420898438e+02
1.177070922851562500e+02
1.161012954711914062e+02
1.194564208984375000e+02
1.176489334106445312e+02
1.227338943481445312e+02
1.172728729248046875e+02
1.204974060058593750e+02
1.144495773315429688e+02
1.151987686157226562e+02
1.187720870971679688e+02
1.215077209472656250e+02
1.202536239624023438e+02
1.231663360595703125e+02
1.159554061889648438e+02
1.201698150634765625e+02
1.192309646606445312e+02
1.206071090698242188e+02
1.256122512817382812e+02
1.245579147338867188e+02
1.178157958984375000e+02
1.177597503662109375e+02
1.188777542114257812e+02
1.179059677124023438e+02
1.143893737792968750e+02
1.192938995361328125e+02
1.209579620361328125e+02
1.151151733398437500e+02
1.179498596191406250e+02
1.178003311157226562e+02
1.232191925048828125e+02
1.182443618774414062e+02
1.256350173950195312e+02
1.227085342407226562e+02
1.196542968750000000e+02
1.201343612670898438e+02
1.232440338134765625e+02
1.209506454467773438e+02
1.127411880493164062e+02
1.220292968750000000e+02
1.239436340332031250e+02
1.246948623657226562e+02
1.237137680053710938e+02
1.196572570800781250e+02
1.201484680175781250e+02
1.156345901489257812e+02
1.120702285766601562e+02
1.157121887207031250e+02
1.189758300781250000e+02
1.151466751098632812e+02
1.249836578369140625e+02
1.098345642089843750e+02
1.186335449218750000e+02
1.192920303344726562e+02
1.156301345825195312e+02
1.115972595214843750e+02
1.143987121582031250e+02
1.108714218139648438e+02
1.146690292358398438e+02
1.190691223144531250e+02
1.172499694824218750e+02
1.226254196166992188e+02
1.213454513549804688e+02
1.195420913696289062e+02
1.170733261108398438e+02
1.156574401855468750e+02
1.149739151000976562e+02
1.151990051269531250e+02
1.087872619628906250e+02
1.072921371459960938e+02
1.101667175292968750e+02
1.037604370117187500e+02
1.007492752075195312e+02
1.125832672119140625e+02
1.080277023315429688e+02
1.091830291748046875e+02
1.094962844848632812e+02
1.101712341308593750e+02
1.111552429199218750e+02
1.100132675170898438e+02
1.103561096191406250e+02
1.099800567626953125e+02
1.116332931518554688e+02
1.180756378173828125e+02
1.166842956542968750e+02
1.046658401489257812e+02
1.124167022705078125e+02
1.154003829956054688e+02
1.145571441650390625e+02
1.122936782836914062e+02
1.106811752319335938e+02
1.111511077880859375e+02
1.097516098022460938e+02
1.116596603393554688e+02
1.119168777465820312e+02
1.173702545166015625e+02
1.141140441894531250e+02
1.120349349975585938e+02
1.083591918945312500e+02
1.108533935546875000e+02
1.163217620849609375e+02
1.127824707031250000e+02
1.107303619384765625e+02
1.163026046752929688e+02
1.144046249389648438e+02
1.175807952880859375e+02
1.122332992553710938e+02
1.112408294677734375e+02
1.106812591552734375e+02
1.073113555908203125e+02
1.097182693481445312e+02
1.131971893310546875e+02
1.213732528686523438e+02
1.091237792968750000e+02
1.203363723754882812e+02
1.194097976684570312e+02
1.238747482299804688e+02
1.210602188110351562e+02
1.248568420410156250e+02
1.269404602050781250e+02
1.259468612670898438e+02
1.273774108886718750e+02
1.354365692138671875e+02
1.292626647949218750e+02
1.245874404907226562e+02
1.211443405151367188e+02
1.182034759521484375e+02
1.342009429931640625e+02
1.302229919433593750e+02
1.360337219238281250e+02
1.372218780517578125e+02
1.382599334716796875e+02
1.303808441162109375e+02
1.343869323730468750e+02
1.385308837890625000e+02
1.357429351806640625e+02
1.499882202148437500e+02
1.459031982421875000e+02
1.357441253662109375e+02
1.389767150878906250e+02
1.399611206054687500e+02
1.284087829589843750e+02
1.323705749511718750e+02
1.289506225585937500e+02
1.335731964111328125e+02
1.289728546142578125e+02
1.508036499023437500e+02
1.281091766357421875e+02
1.286606903076171875e+02
1.265851440429687500e+02
1.294939270019531250e+02
1.246572799682617188e+02
1.276095962524414062e+02
1.281282043457031250e+02
1.388407440185546875e+02
1.409667358398437500e+02
1.306309814453125000e+02
1.279364013671875000e+02
1.191833419799804688e+02
1.208288421630859375e+02
1.209227828979492188e+02
1.189787521362304688e+02
1.122304840087890625e+02
1.190571746826171875e+02
1.210934906005859375e+02
1.279750747680664062e+02
1.205150833129882812e+02
1.204945373535156250e+02
1.239775924682617188e+02
1.232101058959960938e+02
1.215566482543945312e+02
1.141966705322265625e+02
1.223224182128906250e+02
1.228219070434570312e+02
1.312787780761718750e+02
1.252552261352539062e+02
1.206261672973632812e+02
1.235005416870117188e+02
1.237528305053710938e+02
1.169609069824218750e+02
1.165166244506835938e+02
1.216373443603515625e+02
1.192609405517578125e+02
1.235482025146484375e+02
1.224996871948242188e+02
1.203696212768554688e+02
1.268461685180664062e+02
1.275905914306640625e+02
1.309266510009765625e+02
1.257792510986328125e+02
1.389116973876953125e+02
1.372765655517578125e+02
1.228464202880859375e+02
1.225028152465820312e+02
1.380834197998046875e+02
1.251911621093750000e+02
1.308775024414062500e+02
1.274718475341796875e+02
1.394961242675781250e+02
1.300713195800781250e+02
1.355800323486328125e+02
1.335183563232421875e+02
1.310902252197265625e+02
1.386362457275390625e+02
1.314573059082031250e+02
1.355697174072265625e+02
1.345855560302734375e+02
1.440512847900390625e+02
1.435352478027343750e+02
1.334267425537109375e+02
1.333492126464843750e+02
1.361084289550781250e+02
1.375368194580078125e+02
1.442800598144531250e+02
1.453365936279296875e+02
1.358314666748046875e+02
1.287957763671875000e+02
1.272912139892578125e+02
1.230633392333984375e+02
1.306030578613281250e+02
1.267731857299804688e+02
1.304176788330078125e+02
1.303456573486328125e+02
1.258726882934570312e+02
1.276638565063476562e+02
1.289263916015625000e+02
1.282872161865234375e+02
1.257915649414062500e+02
1.213950347900390625e+02
1.376198425292968750e+02
1.342632141113281250e+02
1.331260070800781250e+02
1.298321685791015625e+02
1.374614257812500000e+02
1.322776031494140625e+02
1.297809906005859375e+02
1.396883544921875000e+02
1.387414855957031250e+02
1.418526611328125000e+02
1.327022247314453125e+02
1.356747131347656250e+02
1.406210632324218750e+02
1.436067962646484375e+02
1.487431182861328125e+02
1.446816864013671875e+02
1.483859710693359375e+02
1.544143218994140625e+02
1.440730895996093750e+02
1.590134429931640625e+02
1.510110626220703125e+02
1.513687133789062500e+02
1.486808166503906250e+02
1.494875640869140625e+02
1.427338256835937500e+02
1.496618347167968750e+02
1.469705200195312500e+02
1.391357116699218750e+02
1.472783966064453125e+02
1.372223815917968750e+02
1.419002990722656250e+02
1.459634094238281250e+02
1.496904754638671875e+02
1.477052459716796875e+02
1.453265533447265625e+02
1.412313385009765625e+02
1.406621856689453125e+02
1.431240692138671875e+02
1.482162780761718750e+02
1.401503753662109375e+02
1.473457183837890625e+02
1.416835937500000000e+02
1.506071929931640625e+02
1.424090270996093750e+02
1.463960723876953125e+02
1.512719726562500000e+02
1.441772460937500000e+02
1.470492095947265625e+02
1.441565093994140625e+02
1.456355895996093750e+02
1.535500488281250000e+02
1.412917175292968750e+02
1.630831298828125000e+02
1.461404266357421875e+02
1.471799011230468750e+02
1.381291503906250000e+02
1.431730346679687500e+02
1.368548431396484375e+02
1.372051086425781250e+02
1.401911621093750000e+02
1.421505432128906250e+02
1.546172637939453125e+02
1.465799102783203125e+02
1.580000915527343750e+02
1.584494934082031250e+02
1.677634735107421875e+02
1.654521636962890625e+02
1.396486968994140625e+02
1.449610900878906250e+02
1.692362060546875000e+02
1.620124359130859375e+02
1.538656005859375000e+02
1.543855285644531250e+02
1.537015686035156250e+02
1.593149108886718750e+02
1.536068267822265625e+02
1.566967468261718750e+02
1.574034118652343750e+02
1.505460662841796875e+02
1.464543609619140625e+02
1.629466094970703125e+02
1.624049377441406250e+02
1.610795593261718750e+02
1.582019042968750000e+02
1.526555633544921875e+02
1.486831817626953125e+02
1.510260467529296875e+02
1.407403106689453125e+02
1.530340118408203125e+02
1.548396453857421875e+02
1.463793945312500000e+02
1.490284576416015625e+02
1.522145690917968750e+02
1.417543182373046875e+02
1.459150085449218750e+02
1.563156890869140625e+02
1.570499725341796875e+02
1.443431854248046875e+02
1.464022369384765625e+02
1.517302398681640625e+02
1.446387634277343750e+02
1.496362457275390625e+02
1.657350158691406250e+02
1.569448547363281250e+02
1.505688476562500000e+02
1.538696746826171875e+02
1.513442535400390625e+02
1.471109313964843750e+02
1.497342224121093750e+02
1.441715393066406250e+02
1.490286254882812500e+02
1.379506988525390625e+02
1.501098937988281250e+02
1.609611053466796875e+02
1.567788696289062500e+02
1.451262969970703125e+02
1.454496002197265625e+02
1.396651763916015625e+02
1.415860595703125000e+02
1.372745056152343750e+02
1.421548004150390625e+02
1.412008361816406250e+02
1.443525848388671875e+02
1.473966217041015625e+02
1.444096221923828125e+02
1.516231536865234375e+02
1.522216186523437500e+02
1.574952545166015625e+02
1.557476654052734375e+02
1.520534362792968750e+02
1.545041046142578125e+02
1.500028686523437500e+02
1.578758087158203125e+02
1.570435333251953125e+02
1.449933166503906250e+02
1.535916900634765625e+02
1.497281646728515625e+02
1.477986297607421875e+02
1.514318695068359375e+02
1.476804962158203125e+02
1.522026672363281250e+02
1.517686004638671875e+02
1.523082580566406250e+02
1.572553100585937500e+02
1.547654876708984375e+02
1.490939331054687500e+02
1.460244903564453125e+02
1.461673126220703125e+02
1.501007537841796875e+02
1.511206817626953125e+02
1.499279632568359375e+02
1.699535369873046875e+02
1.613557739257812500e+02
1.556016235351562500e+02
1.586446533203125000e+02
1.565840911865234375e+02
1.560083770751953125e+02
1.487148132324218750e+02
1.489387817382812500e+02
1.541425933837890625e+02
1.518266296386718750e+02
1.489013824462890625e+02
1.475010833740234375e+02
1.527849273681640625e+02
1.486230773925781250e+02
1.468835601806640625e+02
1.522181396484375000e+02
1.509718780517578125e+02
1.470667114257812500e+02
1.481929168701171875e+02
1.427152404785156250e+02
1.425650329589843750e+02
1.505824127197265625e+02
1.489875640869140625e+02
1.487681274414062500e+02
1.499924316406250000e+02
1.475240783691406250e+02
1.454100646972656250e+02
1.429274291992187500e+02
1.375111846923828125e+02
1.486279449462890625e+02
1.420029144287109375e+02
1.397768707275390625e+02
1.475736236572265625e+02
1.495047149658203125e+02
1.444080047607421875e+02
1.520214691162109375e+02
1.625286560058593750e+02
1.611111297607421875e+02
1.501621856689453125e+02
1.654425659179687500e+02
1.574379119873046875e+02
1.528589172363281250e+02
1.584197235107421875e+02
1.648137817382812500e+02
1.604244232177734375e+02
1.532267608642578125e+02
1.495153198242187500e+02
1.508536529541015625e+02
1.636114044189453125e+02
1.716638336181640625e+02
1.647044982910156250e+02
1.643350219726562500e+02
1.656821441650390625e+02
1.573077087402343750e+02
1.623251800537109375e+02
1.566413421630859375e+02
1.606281585693359375e+02
1.620213317871093750e+02
1.684717559814453125e+02
1.707533416748046875e+02
1.726132202148437500e+02
1.784277801513671875e+02
1.710694122314453125e+02
1.649554290771484375e+02
1.553700561523437500e+02
1.596076354980468750e+02
1.594324340820312500e+02
1.705392303466796875e+02
1.572220611572265625e+02
1.635329742431640625e+02
1.808063049316406250e+02
1.691455993652343750e+02
1.667684478759765625e+02
1.726859283447265625e+02
1.814107055664062500e+02
1.741760101318359375e+02
1.699184112548828125e+02
1.720700073242187500e+02
1.617126007080078125e+02
1.683420257568359375e+02
1.710787811279296875e+02
1.629613952636718750e+02
1.651040802001953125e+02
1.753826904296875000e+02
1.679743499755859375e+02
1.653836212158203125e+02
1.804059753417968750e+02
1.877876586914062500e+02
1.898413848876953125e+02
1.749589691162109375e+02
1.774276580810546875e+02
1.769152679443359375e+02
1.717231292724609375e+02
1.863533172607421875e+02
1.746970367431640625e+02
1.717873840332031250e+02
1.788170013427734375e+02
1.878456268310546875e+02
1.788639984130859375e+02
1.831392517089843750e+02
1.865520324707031250e+02
2.011506347656250000e+02
1.844745483398437500e+02
1.865657806396484375e+02
1.880562744140625000e+02
1.896803894042968750e+02
2.030745239257812500e+02
1.898639984130859375e+02
1.843868713378906250e+02
1.831387176513671875e+02
1.819379119873046875e+02
1.832684631347656250e+02
1.912668151855468750e+02
1.851103820800781250e+02
1.771324310302734375e+02
2.157403259277343750e+02
1.961110382080078125e+02
1.898459320068359375e+02
1.821551361083984375e+02
1.815370788574218750e+02
1.809815063476562500e+02
1.747802429199218750e+02
1.875672760009765625e+02
1.587941284179687500e+02
1.651584472656250000e+02
1.758175659179687500e+02
1.720998992919921875e+02
1.685798492431640625e+02
1.943027343750000000e+02
1.773846588134765625e+02
1.907545318603515625e+02
1.884291076660156250e+02
1.845845947265625000e+02
2.005911560058593750e+02
1.983703308105468750e+02
1.924454650878906250e+02
1.813601684570312500e+02
1.856116027832031250e+02
1.863529052734375000e+02
1.825212554931640625e+02
1.896930236816406250e+02
1.817982788085937500e+02
1.877720031738281250e+02
1.860052185058593750e+02
1.790556945800781250e+02
1.838442382812500000e+02
1.848890380859375000e+02
1.883450012207031250e+02
1.903645935058593750e+02
1.864544982910156250e+02
1.825065460205078125e+02
1.976398773193359375e+02
1.762124328613281250e+02
1.765295562744140625e+02
1.741589050292968750e+02
1.805865173339843750e+02
1.742642822265625000e+02
1.722331695556640625e+02
1.807855682373046875e+02
1.818037261962890625e+02
1.809998931884765625e+02
1.918689422607421875e+02
1.987866058349609375e+02
1.883116607666015625e+02
1.849109191894531250e+02
1.780481109619140625e+02
1.879397888183593750e+02
1.807430267333984375e+02
1.866379699707031250e+02
1.832128753662109375e+02
1.833074798583984375e+02
1.887845458984375000e+02
1.923284149169921875e+02
1.781650238037109375e+02
1.892621612548828125e+02
1.912278747558593750e+02
1.897044677734375000e+02
1.842400970458984375e+02
1.771351318359375000e+02
1.740786285400390625e+02
1.775181274414062500e+02
1.823630065917968750e+02
1.937947082519531250e+02
1.888046875000000000e+02
1.921809997558593750e+02
1.891187438964843750e+02
1.945390472412109375e+02
1.811503753662109375e+02
1.832373199462890625e+02
1.952497253417968750e+02
2.001432647705078125e+02
1.931099700927734375e+02
1.906403656005859375e+02
1.881286468505859375e+02
1.875791473388671875e+02
1.868000946044921875e+02
2.008964080810546875e+02
1.972950286865234375e+02
1.887100982666015625e+02
1.966250915527343750e+02
2.002476806640625000e+02
1.903720855712890625e+02
1.867411804199218750e+02
1.960233459472656250e+02
2.016589202880859375e+02
1.978871917724609375e+02
1.894880981445312500e+02
1.971343841552734375e+02
2.108994293212890625e+02
2.127936859130859375e+02
2.081284637451171875e+02
2.003566284179687500e+02
1.999324493408203125e+02
2.039661560058593750e+02
1.946682434082031250e+02
2.012850341796875000e+02
2.124746704101562500e+02
2.024819030761718750e+02
1.880552825927734375e+02
1.992955627441406250e+02
2.109919128417968750e+02
2.124431304931640625e+02
2.002769470214843750e+02
2.084546661376953125e+02
2.066530914306640625e+02
2.137844696044921875e+02
2.210209655761718750e+02
2.260045928955078125e+02
2.181200561523437500e+02
2.085945892333984375e+02
2.168104705810546875e+02
2.196006011962890625e+02
2.127737426757812500e+02
2.215589752197265625e+02
2.269913330078125000e+02
2.286730499267578125e+02
2.029306945800781250e+02
2.104445037841796875e+02
2.157286834716796875e+02
2.144252929687500000e+02
2.275814971923828125e+02
2.118704833984375000e+02
2.258579406738281250e+02
2.261342773437500000e+02
2.415664062500000000e+02
2.440796508789062500e+02
2.296854858398437500e+02
2.334243469238281250e+02
2.343627319335937500e+02
2.365997924804687500e+02
2.461881713867187500e+02
2.355944976806640625e+02
2.461352233886718750e+02
2.341958923339843750e+02
2.396776275634765625e+02
2.219158782958984375e+02
2.294517822265625000e+02
2.224482879638671875e+02
2.196587677001953125e+02
2.401821899414062500e+02
2.206880798339843750e+02
2.300535736083984375e+02
2.185381927490234375e+02
2.172500305175781250e+02
2.181004638671875000e+02
2.217421569824218750e+02
2.215738372802734375e+02
2.226036682128906250e+02
2.524656219482421875e+02
2.542248077392578125e+02
2.609613647460937500e+02
2.393802490234375000e+02
2.321751861572265625e+02
2.267569885253906250e+02
2.307792510986328125e+02
2.242229919433593750e+02
2.272182006835937500e+02
2.478639984130859375e+02
2.448656005859375000e+02
2.406058044433593750e+02
2.394852752685546875e+02
2.412073364257812500e+02
2.487542419433593750e+02
2.382086181640625000e+02
2.459083709716796875e+02
2.364811248779296875e+02
2.408881225585937500e+02
2.518670959472656250e+02
2.489801940917968750e+02
2.434074401855468750e+02
2.377570343017578125e+02
2.504379425048828125e+02
3.049240722656250000e+02
2.417436523437500000e+02
2.492131500244140625e+02
2.448768463134765625e+02
2.600003967285156250e+02
2.412628631591796875e+02
2.578500671386718750e+02
2.672273559570312500e+02
2.799089355468750000e+02
2.738710021972656250e+02
2.616274719238281250e+02
2.642894897460937500e+02
2.679981994628906250e+02
2.671915588378906250e+02
2.694603576660156250e+02
2.763699951171875000e+02
2.778227233886718750e+02
2.630280761718750000e+02
2.429105529785156250e+02
2.367123260498046875e+02
2.451838989257812500e+02
2.458667907714843750e+02
2.395528717041015625e+02
2.423481140136718750e+02
2.669547119140625000e+02
2.524557189941406250e+02
2.669628295898437500e+02
2.707577819824218750e+02
2.645665893554687500e+02
2.539847869873046875e+02
2.443918914794921875e+02
2.618161926269531250e+02
2.598936462402343750e+02
2.572797546386718750e+02
2.709134826660156250e+02
2.643420104980468750e+02
2.664783020019531250e+02
2.722915039062500000e+02
2.833034667968750000e+02
2.789237365722656250e+02
2.743312377929687500e+02
2.644127807617187500e+02
2.659472961425781250e+02
2.701020812988281250e+02
2.644561767578125000e+02
