0.000000000000000000e+00
0.000000000000000000e+00
1.234298348426818848e+00
1.113623261451721191e+00
1.191717267036437988e+00
1.323662996292114258e+00
1.663699507713317871e+00
2.299009323120117188e+00
2.550213336944580078e+00
2.765267848968505859e+00
2.680109262466430664e+00
2.290013313293457031e+00
2.033688068389892578e+00
1.869242191314697266e+00
1.744416117668151855e+00
1.605472922325134277e+00
1.498742818832397461e+00
1.460171341896057129e+00
1.373941540718078613e+00
1.330383300781250000e+00
1.291676282882690430e+00
1.272798061370849609e+00
1.265203833580017090e+00
1.209842801094055176e+00
1.182263135910034180e+00
1.151858806610107422e+00
1.115134716033935547e+00
1.055653452873229980e+00
1.020806074142456055e+00
9.933066368103027344e-01
9.556022882461547852e-01
9.248158931732177734e-01
8.990964293479919434e-01
8.750352859497070312e-01
8.555747270584106445e-01
8.402203321456909180e-01
8.285393714904785156e-01
8.212891817092895508e-01
8.310244083404541016e-01
8.281213641166687012e-01
8.659982085227966309e-01
8.739674091339111328e-01
9.173733592033386230e-01
9.582920074462890625e-01
1.003808856010437012e+00
1.047372579574584961e+00
1.096648812294006348e+00
1.140547513961791992e+00
1.201611518859863281e+00
1.261084556579589844e+00
1.286223888397216797e+00
1.353987932205200195e+00
1.427803635597229004e+00
1.468497037887573242e+00
1.574164390563964844e+00
1.600418806076049805e+00
1.627136349678039551e+00
1.705996632575988770e+00
1.738433122634887695e+00
1.769682168960571289e+00
1.859820127487182617e+00
1.870104193687438965e+00
1.954030275344848633e+00
1.968830704689025879e+00
2.043732404708862305e+00
2.031118154525756836e+00
2.042965412139892578e+00
2.086234331130981445e+00
2.098169326782226562e+00
2.132421970367431641e+00
2.144414901733398438e+00
2.179223537445068359e+00
2.260149955749511719e+00
2.249959468841552734e+00
2.285278797149658203e+00
2.318781137466430664e+00
2.319837331771850586e+00
2.406886816024780273e+00
2.444984436035156250e+00
2.514876842498779297e+00
2.489198207855224609e+00
2.522148847579956055e+00
2.551086902618408203e+00
2.581550836563110352e+00
2.575573205947875977e+00
2.552969694137573242e+00
2.573734045028686523e+00
2.555739164352416992e+00
2.553050518035888672e+00
2.564096212387084961e+00
2.557754039764404297e+00
2.610037803649902344e+00
2.608258247375488281e+00
2.607672929763793945e+00
2.606050252914428711e+00
2.583272933959960938e+00
2.599837064743041992e+00
2.570152759552001953e+00
2.609185695648193359e+00
2.600481033325195312e+00
2.584686040878295898e+00
2.641210794448852539e+00
2.605190038681030273e+00
2.595443248748779297e+00
2.647875547409057617e+00
2.639171361923217773e+00
2.661211967468261719e+00
2.686999082565307617e+00
2.652640819549560547e+00
2.643217802047729492e+00
2.645320653915405273e+00
2.704964876174926758e+00
2.715072393417358398e+00
2.774621486663818359e+00
2.818205118179321289e+00
2.848608016967773438e+00
2.832969188690185547e+00
2.802827596664428711e+00
2.845194816589355469e+00
2.832345247268676758e+00
2.855597257614135742e+00
2.880803108215332031e+00
2.849157810211181641e+00
2.937539577484130859e+00
2.940616130828857422e+00
3.024580240249633789e+00
3.012140274047851562e+00
3.070198297500610352e+00
3.064330816268920898e+00
3.079864978790283203e+00
3.095741271972656250e+00
3.099546432495117188e+00
3.436867952346801758e+00
3.348619461059570312e+00
3.294706344604492188e+00
3.321564197540283203e+00
3.303824901580810547e+00
7.192186355590820312e+00
7.236561775207519531e+00
6.433396816253662109e+00
5.149172782897949219e+00
5.466288566589355469e+00
5.583248138427734375e+00
5.661999225616455078e+00
5.401125431060791016e+00
8.510087013244628906e+00
9.141816139221191406e+00
8.615062713623046875e+00
8.099645614624023438e+00
1.059458923339843750e+01
1.050548267364501953e+01
9.002404212951660156e+00
8.480933189392089844e+00
7.965605258941650391e+00
8.077361106872558594e+00
8.183081626892089844e+00
7.881240844726562500e+00
7.750345706939697266e+00
7.340413093566894531e+00
7.438657283782958984e+00
7.424719810485839844e+00
7.315946578979492188e+00
6.983785152435302734e+00
7.103577136993408203e+00
6.827391624450683594e+00
7.019111156463623047e+00
6.881294250488281250e+00
6.850029468536376953e+00
6.846571445465087891e+00
6.893382072448730469e+00
6.588905811309814453e+00
6.566504001617431641e+00
6.643262863159179688e+00
6.531160354614257812e+00
6.577688694000244141e+00
8.016113281250000000e+00
7.682699680328369141e+00
7.529306411743164062e+00
7.317717075347900391e+00
7.319364547729492188e+00
7.135082244873046875e+00
6.984642982482910156e+00
7.031032085418701172e+00
6.913492202758789062e+00
6.886795997619628906e+00
6.885519504547119141e+00
6.828980445861816406e+00
6.552364349365234375e+00
6.591091156005859375e+00
6.816407680511474609e+00
6.797398567199707031e+00
6.820120334625244141e+00
6.588253498077392578e+00
6.728296756744384766e+00
6.627194881439208984e+00
6.737318515777587891e+00
8.632534027099609375e+00
7.851966381072998047e+00
7.933954238891601562e+00
7.311491966247558594e+00
7.196038246154785156e+00
7.371473789215087891e+00
7.337095737457275391e+00
7.232002258300781250e+00
1.075938892364501953e+01
9.784011840820312500e+00
9.344697952270507812e+00
1.153653907775878906e+01
1.131694507598876953e+01
1.049575233459472656e+01
9.982749938964843750e+00
9.578920364379882812e+00
9.589978218078613281e+00
9.539268493652343750e+00
9.165506362915039062e+00
9.648294448852539062e+00
9.436773300170898438e+00
9.104391098022460938e+00
1.079746150970458984e+01
1.232215595245361328e+01
1.096233177185058594e+01
1.061119461059570312e+01
1.033407211303710938e+01
9.846904754638671875e+00
1.007136917114257812e+01
1.282843399047851562e+01
1.242442798614501953e+01
1.200919818878173828e+01
1.150473976135253906e+01
1.155254077911376953e+01
1.371540832519531250e+01
1.410782051086425781e+01
1.279768180847167969e+01
1.292868900299072266e+01
1.229042720794677734e+01
1.359049224853515625e+01
1.324898433685302734e+01
1.239747905731201172e+01
1.266403007507324219e+01
1.304845142364501953e+01
1.294253921508789062e+01
1.237668514251708984e+01
1.218734169006347656e+01
1.207435894012451172e+01
1.237909221649169922e+01
1.400688838958740234e+01
1.302361679077148438e+01
1.311806488037109375e+01
1.237252521514892578e+01
1.242287063598632812e+01
1.297350788116455078e+01
1.266857528686523438e+01
1.188346672058105469e+01
1.258859157562255859e+01
1.232473087310791016e+01
1.288717746734619141e+01
1.288303279876708984e+01
1.338210391998291016e+01
1.332925415039062500e+01
1.367293739318847656e+01
1.332733821868896484e+01
1.465197849273681641e+01
1.360784149169921875e+01
1.392927646636962891e+01
1.399431324005126953e+01
1.306450843811035156e+01
1.287006092071533203e+01
1.296019172668457031e+01
1.341664028167724609e+01
1.290199184417724609e+01
1.286059570312500000e+01
1.290926551818847656e+01
1.279694747924804688e+01
1.297506809234619141e+01
1.261753559112548828e+01
1.299824428558349609e+01
1.291037845611572266e+01
1.341558170318603516e+01
1.320683860778808594e+01
1.331763458251953125e+01
1.282152557373046875e+01
1.323728370666503906e+01
1.331171703338623047e+01
1.286851596832275391e+01
1.314291667938232422e+01
1.310383605957031250e+01
1.273465347290039062e+01
1.338764381408691406e+01
1.298023986816406250e+01
1.261535167694091797e+01
1.257262134552001953e+01
1.248023891448974609e+01
1.288358211517333984e+01
1.288403892517089844e+01
1.239150333404541016e+01
1.293548679351806641e+01
1.303997421264648438e+01
1.288844013214111328e+01
1.288178062438964844e+01
1.463086318969726562e+01
1.435044574737548828e+01
1.373763465881347656e+01
1.341738319396972656e+01
1.297905445098876953e+01
1.336145305633544922e+01
1.531501388549804688e+01
1.537570571899414062e+01
1.458292293548583984e+01
1.449990940093994141e+01
1.461806011199951172e+01
1.412464046478271484e+01
1.390460395812988281e+01
1.406036663055419922e+01
1.417900562286376953e+01
1.491189861297607422e+01
1.443780899047851562e+01
1.460269546508789062e+01
1.428215217590332031e+01
1.353128719329833984e+01
1.413759613037109375e+01
1.508533668518066406e+01
1.500427341461181641e+01
1.463938713073730469e+01
1.495751857757568359e+01
1.524105262756347656e+01
1.548367977142333984e+01
1.429192161560058594e+01
1.525895500183105469e+01
1.440759754180908203e+01
1.501693439483642578e+01
1.493229484558105469e+01
1.463845920562744141e+01
1.714896774291992188e+01
1.534796524047851562e+01
1.726447486877441406e+01
1.612010574340820312e+01
1.694703483581542969e+01
1.690254211425781250e+01
1.747755050659179688e+01
1.890079689025878906e+01
1.830177688598632812e+01
1.742814064025878906e+01
1.843559455871582031e+01
1.735002517700195312e+01
1.775035858154296875e+01
1.664873123168945312e+01
1.713469123840332031e+01
1.719052886962890625e+01
1.617708206176757812e+01
1.685014152526855469e+01
1.683345222473144531e+01
1.750867843627929688e+01
1.827590560913085938e+01
1.780442428588867188e+01
1.673389625549316406e+01
1.815384292602539062e+01
1.818600273132324219e+01
1.822724151611328125e+01
1.674980163574218750e+01
1.746845817565917969e+01
1.727887153625488281e+01
1.710231399536132812e+01
1.661464691162109375e+01
1.666890144348144531e+01
1.814587020874023438e+01
1.948736190795898438e+01
1.917885208129882812e+01
1.938236045837402344e+01
1.870725059509277344e+01
1.832036972045898438e+01
1.968764495849609375e+01
1.863344383239746094e+01
2.086986541748046875e+01
1.982385444641113281e+01
2.041163635253906250e+01
2.018628311157226562e+01
2.073122978210449219e+01
2.114356422424316406e+01
2.191497611999511719e+01
2.092776489257812500e+01
2.096087265014648438e+01
2.142787551879882812e+01
2.094333648681640625e+01
2.283547973632812500e+01
2.061660194396972656e+01
2.130218315124511719e+01
2.295639801025390625e+01
2.539352798461914062e+01
2.514052581787109375e+01
2.554867553710937500e+01
2.522842979431152344e+01
2.562444686889648438e+01
2.547132682800292969e+01
2.261432838439941406e+01
2.299255752563476562e+01
2.370529174804687500e+01
2.334691047668457031e+01
2.444953155517578125e+01
2.539266777038574219e+01
2.459475135803222656e+01
2.586614418029785156e+01
2.517613792419433594e+01
2.553291702270507812e+01
2.617190170288085938e+01
2.636286544799804688e+01
2.661253547668457031e+01
2.455105209350585938e+01
2.622353172302246094e+01
2.900667572021484375e+01
2.763660430908203125e+01
2.612560272216796875e+01
2.969365692138671875e+01
2.860570335388183594e+01
2.836866378784179688e+01
2.706222724914550781e+01
2.753006744384765625e+01
2.663130569458007812e+01
2.710454177856445312e+01
2.829089927673339844e+01
2.732504653930664062e+01
2.679564094543457031e+01
2.691457176208496094e+01
2.802379608154296875e+01
2.958887481689453125e+01
2.783544731140136719e+01
3.229626464843750000e+01
2.929419136047363281e+01
3.252837753295898438e+01
3.197325325012207031e+01
3.373987579345703125e+01
3.385838317871093750e+01
3.264897537231445312e+01
3.142667579650878906e+01
3.181475257873535156e+01
3.118928909301757812e+01
3.248965835571289062e+01
3.494145202636718750e+01
3.555758666992187500e+01
3.527959823608398438e+01
3.794046783447265625e+01
3.767561340332031250e+01
3.458222961425781250e+01
3.438056182861328125e+01
3.358837127685546875e+01
3.230563735961914062e+01
3.095427322387695312e+01
2.975408554077148438e+01
3.129261779785156250e+01
3.016212463378906250e+01
2.889096450805664062e+01
3.309846115112304688e+01
3.115469932556152344e+01
3.113767814636230469e+01
3.222779846191406250e+01
3.088775253295898438e+01
3.447731781005859375e+01
3.171157836914062500e+01
3.157833671569824219e+01
3.501795196533203125e+01
3.352572631835937500e+01
3.519575119018554688e+01
3.323109817504882812e+01
3.446348571777343750e+01
3.532580566406250000e+01
3.354469299316406250e+01
3.666802978515625000e+01
4.082793807983398438e+01
3.909231185913085938e+01
3.926143646240234375e+01
3.805794525146484375e+01
3.983231353759765625e+01
3.852508163452148438e+01
3.745771026611328125e+01
3.888683700561523438e+01
3.731584167480468750e+01
3.389435195922851562e+01
3.795459747314453125e+01
3.742210769653320312e+01
3.680031204223632812e+01
3.544216918945312500e+01
3.504495239257812500e+01
3.516521072387695312e+01
3.623028182983398438e+01
3.508120346069335938e+01
3.661389160156250000e+01
3.820199203491210938e+01
3.719490814208984375e+01
3.845242691040039062e+01
3.552955245971679688e+01
3.848620986938476562e+01
4.046201324462890625e+01
3.730475616455078125e+01
3.759460449218750000e+01
3.618025970458984375e+01
3.830395126342773438e+01
3.748946380615234375e+01
3.575263977050781250e+01
3.889936828613281250e+01
3.769085311889648438e+01
4.059299087524414062e+01
4.136577224731445312e+01
4.028965759277343750e+01
4.083395767211914062e+01
3.832192611694335938e+01
4.243995666503906250e+01
4.253439331054687500e+01
4.547336578369140625e+01
4.647697830200195312e+01
4.208928298950195312e+01
4.051496887207031250e+01
4.056644439697265625e+01
4.062261199951171875e+01
4.356474304199218750e+01
4.607043075561523438e+01
4.389500808715820312e+01
4.191429901123046875e+01
4.210644912719726562e+01
4.364167785644531250e+01
4.058685302734375000e+01
4.377024078369140625e+01
4.592854309082031250e+01
4.453642272949218750e+01
4.829581069946289062e+01
4.798969650268554688e+01
4.846454620361328125e+01
5.107970428466796875e+01
4.788034439086914062e+01
5.153445434570312500e+01
4.896962356567382812e+01
4.890199279785156250e+01
4.787310791015625000e+01
4.925382995605468750e+01
5.220310974121093750e+01
4.939088439941406250e+01
5.516555786132812500e+01
5.318499374389648438e+01
5.413299179077148438e+01
5.569103622436523438e+01
5.237540435791015625e+01
4.944121932983398438e+01
5.461108779907226562e+01
5.369038391113281250e+01
5.211053848266601562e+01
4.910046005249023438e+01
5.512887573242187500e+01
5.239985275268554688e+01
5.122661209106445312e+01
5.423231124877929688e+01
5.784453201293945312e+01
5.713468933105468750e+01
5.484059906005859375e+01
5.552111816406250000e+01
5.266149520874023438e+01
6.874718475341796875e+01
5.576552200317382812e+01
5.537848281860351562e+01
5.512920379638671875e+01
5.341734313964843750e+01
5.749197769165039062e+01
5.324504852294921875e+01
5.385333633422851562e+01
5.255577468872070312e+01
5.245658493041992188e+01
5.560189819335937500e+01
5.760382080078125000e+01
5.322855377197265625e+01
5.435957336425781250e+01
5.189307785034179688e+01
5.511972808837890625e+01
5.213192749023437500e+01
5.084964370727539062e+01
5.297983551025390625e+01
5.515694427490234375e+01
5.618612670898437500e+01
5.490137481689453125e+01
5.753144454956054688e+01
6.123574066162109375e+01
6.271143722534179688e+01
5.856061553955078125e+01
5.990068817138671875e+01
5.930138397216796875e+01
5.768751525878906250e+01
5.515806198120117188e+01
5.719862365722656250e+01
6.263793563842773438e+01
6.402825164794921875e+01
6.089849853515625000e+01
6.390317535400390625e+01
6.619226074218750000e+01
6.809761810302734375e+01
7.245597076416015625e+01
7.270990753173828125e+01
6.968721771240234375e+01
6.499336242675781250e+01
7.282393646240234375e+01
6.658014678955078125e+01
6.967282104492187500e+01
7.140927886962890625e+01
7.410296630859375000e+01
7.263801574707031250e+01
7.061788177490234375e+01
6.857262420654296875e+01
7.699446868896484375e+01
7.730596923828125000e+01
7.218444824218750000e+01
7.103425598144531250e+01
6.877278137207031250e+01
7.301437377929687500e+01
8.975160980224609375e+01
8.095931243896484375e+01
8.272918701171875000e+01
7.775959014892578125e+01
8.598106384277343750e+01
7.699943542480468750e+01
8.056803131103515625e+01
8.348081207275390625e+01
8.561249542236328125e+01
8.658449554443359375e+01
8.517442321777343750e+01
8.256276702880859375e+01
8.345780181884765625e+01
8.339125823974609375e+01
8.010377502441406250e+01
8.368776702880859375e+01
8.841896820068359375e+01
8.752275848388671875e+01
8.960867309570312500e+01
8.720507812500000000e+01
8.778842926025390625e+01
8.841689300537109375e+01
9.113999176025390625e+01
9.136834716796875000e+01
9.374258422851562500e+01
9.306509399414062500e+01
9.417121887207031250e+01
1.100926589965820312e+02
8.968326568603515625e+01
9.368774414062500000e+01
8.932000732421875000e+01
9.102064514160156250e+01
9.120691680908203125e+01
9.202156066894531250e+01
9.140173339843750000e+01
9.085208129882812500e+01
1.036614837646484375e+02
9.355842590332031250e+01
9.832629394531250000e+01
9.634128570556640625e+01
1.003032836914062500e+02
9.714158630371093750e+01
9.835192108154296875e+01
9.758218383789062500e+01
9.422816467285156250e+01
9.036983489990234375e+01
9.492060089111328125e+01
9.295143890380859375e+01
9.413153076171875000e+01
9.338458251953125000e+01
1.046145019531250000e+02
1.051256484985351562e+02
9.986940765380859375e+01
1.000285644531250000e+02
1.008037719726562500e+02
9.738446807861328125e+01
1.005275344848632812e+02
1.059921722412109375e+02
1.046416778564453125e+02
1.017340850830078125e+02
1.054632644653320312e+02
1.043108444213867188e+02
1.081982421875000000e+02
1.151419067382812500e+02
1.096294860839843750e+02
1.131427612304687500e+02
1.115398635864257812e+02
1.126817626953125000e+02
1.120897369384765625e+02
1.155862503051757812e+02
1.199741058349609375e+02
1.159277267456054688e+02
1.156192550659179688e+02
1.160857162475585938e+02
1.185611419677734375e+02
1.176811370849609375e+02
1.223387527465820312e+02
1.151836700439453125e+02
1.127260437011718750e+02
1.180444412231445312e+02
1.189977645874023438e+02
1.247444000244140625e+02
1.203561553955078125e+02
1.327722625732421875e+02
1.240583114624023438e+02
1.307463378906250000e+02
1.289124603271484375e+02
1.289353637695312500e+02
1.274653625488281250e+02
1.270480651855468750e+02
1.278313980102539062e+02
1.272638092041015625e+02
1.235256881713867188e+02
1.336505889892578125e+02
1.299271240234375000e+02
1.323806915283203125e+02
1.326688995361328125e+02
1.292989349365234375e+02
1.333476257324218750e+02
1.258162155151367188e+02
1.309766845703125000e+02
1.292125396728515625e+02
1.277272262573242188e+02
1.274804458618164062e+02
1.282738037109375000e+02
1.271839370727539062e+02
1.320399932861328125e+02
1.317299652099609375e+02
1.295806884765625000e+02
1.290724639892578125e+02
1.305724945068359375e+02
1.368718414306640625e+02
1.303542175292968750e+02
1.343931274414062500e+02
1.304495544433593750e+02
1.334880218505859375e+02
1.338790893554687500e+02
1.380784912109375000e+02
1.418689727783203125e+02
1.360267791748046875e+02
1.425325012207031250e+02
1.421317596435546875e+02
1.393193511962890625e+02
1.392577056884765625e+02
1.429934997558593750e+02
1.384505310058593750e+02
1.492474822998046875e+02
1.375075836181640625e+02
1.431362609863281250e+02
1.472515106201171875e+02
1.522469329833984375e+02
1.461321868896484375e+02
1.523789367675781250e+02
1.516373443603515625e+02
1.559028472900390625e+02
1.595320434570312500e+02
1.624454040527343750e+02
1.748337554931640625e+02
1.639969482421875000e+02
1.691675262451171875e+02
1.623559417724609375e+02
1.663251800537109375e+02
1.662034301757812500e+02
1.943199310302734375e+02
1.827009429931640625e+02
1.697695007324218750e+02
1.715213012695312500e+02
1.710992431640625000e+02
1.728703460693359375e+02
1.774081573486328125e+02
1.682720947265625000e+02
1.716178436279296875e+02
1.765034790039062500e+02
1.675366516113281250e+02
1.747897796630859375e+02
1.769734344482421875e+02
1.664056396484375000e+02
1.760530700683593750e+02
1.623861846923828125e+02
1.732100677490234375e+02
1.681770324707031250e+02
1.631593170166015625e+02
1.604244995117187500e+02
1.638943481445312500e+02
1.622833404541015625e+02
1.655674438476562500e+02
1.611851654052734375e+02
1.703868713378906250e+02
1.693984375000000000e+02
1.654891815185546875e+02
1.673209381103515625e+02
1.698127288818359375e+02
1.684054260253906250e+02
1.720680999755859375e+02
1.648069458007812500e+02
1.688034973144531250e+02
1.634244995117187500e+02
1.668754730224609375e+02
1.747246246337890625e+02
1.717145843505859375e+02
1.671926879882812500e+02
1.693535461425781250e+02
1.763536834716796875e+02
1.634783782958984375e+02
1.619801940917968750e+02
1.708448333740234375e+02
1.664293823242187500e+02
1.593572540283203125e+02
1.533890686035156250e+02
1.622093505859375000e+02
1.664931945800781250e+02
1.653244476318359375e+02
1.564182434082031250e+02
1.547017517089843750e+02
1.646658477783203125e+02
1.631356658935546875e+02
1.603062744140625000e+02
1.700200653076171875e+02
1.660625915527343750e+02
1.643891601562500000e+02
1.624383392333984375e+02
1.672516632080078125e+02
1.780570983886718750e+02
1.691329040527343750e+02
1.735520019531250000e+02
1.593949584960937500e+02
1.613315429687500000e+02
1.737386322021484375e+02
1.710299072265625000e+02
1.645244750976562500e+02
1.586558990478515625e+02
1.539523468017578125e+02
1.621675872802734375e+02
1.726525421142578125e+02
1.666180419921875000e+02
1.628350067138671875e+02
1.717442169189453125e+02
1.731418457031250000e+02
1.699770660400390625e+02
1.703717193603515625e+02
1.699980316162109375e+02
1.669132690429687500e+02
1.732715606689453125e+02
1.770605163574218750e+02
1.770355529785156250e+02
1.739243774414062500e+02
1.771620025634765625e+02
1.814281005859375000e+02
1.777033996582031250e+02
1.841010589599609375e+02
1.826447143554687500e+02
1.847348785400390625e+02
1.824268798828125000e+02
1.817221527099609375e+02
1.929868469238281250e+02
1.972325286865234375e+02
1.851360015869140625e+02
1.869769134521484375e+02
1.968448486328125000e+02
1.809755554199218750e+02
1.790388946533203125e+02
1.795025787353515625e+02
1.728690795898437500e+02
1.789645690917968750e+02
1.860034942626953125e+02
1.796197814941406250e+02
1.879998168945312500e+02
1.958216247558593750e+02
1.891572570800781250e+02
1.995876464843750000e+02
1.887170867919921875e+02
1.871338500976562500e+02
1.974055633544921875e+02
1.948961181640625000e+02
2.070195312500000000e+02
2.359945068359375000e+02
2.516942901611328125e+02
2.151828308105468750e+02
2.273992767333984375e+02
2.055892333984375000e+02
1.879997100830078125e+02
1.930014190673828125e+02
2.026304473876953125e+02
2.014614410400390625e+02
1.988586120605468750e+02
2.040556182861328125e+02
2.096273040771484375e+02
2.208339996337890625e+02
2.158465576171875000e+02
2.213658905029296875e+02
2.194679107666015625e+02
2.165774383544921875e+02
2.168116607666015625e+02
2.217058410644531250e+02
2.055395355224609375e+02
2.251872406005859375e+02
2.247510986328125000e+02
2.144232177734375000e+02
2.179885253906250000e+02
2.194527740478515625e+02
2.128093109130859375e+02
2.164914855957031250e+02
2.146534576416015625e+02
2.253737487792968750e+02
2.647606811523437500e+02
2.582314758300781250e+02
2.193067321777343750e+02
2.109414978027343750e+02
2.286631317138671875e+02
2.291894226074218750e+02
2.283548431396484375e+02
2.368632812500000000e+02
2.195145874023437500e+02
2.173371582031250000e+02
2.202468719482421875e+02
2.215707855224609375e+02
2.264148559570312500e+02
2.291199340820312500e+02
2.246660766601562500e+02
2.230471343994140625e+02
2.298535614013671875e+02
2.306672821044921875e+02
2.215247039794921875e+02
2.241773071289062500e+02
2.161456604003906250e+02
2.244965972900390625e+02
2.223687133789062500e+02
2.284145202636718750e+02
2.291656188964843750e+02
2.324408264160156250e+02
2.346391601562500000e+02
2.390975036621093750e+02
2.330126342773437500e+02
2.267602844238281250e+02
2.340248260498046875e+02
2.321234893798828125e+02
2.604850463867187500e+02
2.436629791259765625e+02
2.381113739013671875e+02
2.296759490966796875e+02
2.135203094482421875e+02
2.298204956054687500e+02
2.317389678955078125e+02
2.372551574707031250e+02
2.437373199462890625e+02
2.256724395751953125e+02
2.354829864501953125e+02
2.448972015380859375e+02
2.361577911376953125e+02
2.309395904541015625e+02
2.275351867675781250e+02
2.245271911621093750e+02
2.249455871582031250e+02
2.228178405761718750e+02
2.352544708251953125e+02
2.482547607421875000e+02
2.368271636962890625e+02
2.316040954589843750e+02
2.383894805908203125e+02
2.285714416503906250e+02
2.274714050292968750e+02
2.290377044677734375e+02
2.207439422607421875e+02
2.205614166259765625e+02
2.288850402832031250e+02
2.265251464843750000e+02
2.322391204833984375e+02
2.340647430419921875e+02
2.276358947753906250e+02
2.229978637695312500e+02
2.425109405517578125e+02
2.298416595458984375e+02
2.300894622802734375e+02
2.361041870117187500e+02
2.350811614990234375e+02
2.326125488281250000e+02
2.315236968994140625e+02
2.360570068359375000e+02
2.423936920166015625e+02
2.304313507080078125e+02
2.300883636474609375e+02
2.389209136962890625e+02
2.428384399414062500e+02
2.371721801757812500e+02
2.255735321044921875e+02
2.310476531982421875e+02
2.278558197021484375e+02
2.359724731445312500e+02
2.384027862548828125e+02
2.331740417480468750e+02
2.380622558593750000e+02
2.372381744384765625e+02
2.478089447021484375e+02
2.673788757324218750e+02
2.381547546386718750e+02
2.535728912353515625e+02
2.426185302734375000e+02
2.370919952392578125e+02
2.496100311279296875e+02
2.536160125732421875e+02
2.507815551757812500e+02
2.474057617187500000e+02
2.531393127441406250e+02
2.621849670410156250e+02
2.548286895751953125e+02
2.624229125976562500e+02
2.500528106689453125e+02
2.633638610839843750e+02
2.709477233886718750e+02
2.677313232421875000e+02
2.658036804199218750e+02
2.619818115234375000e+02
2.721784973144531250e+02
2.721168212890625000e+02
2.952107543945312500e+02
2.958603820800781250e+02
2.963005065917968750e+02
2.835184326171875000e+02
2.844949951171875000e+02
2.829758605957031250e+02
2.762254638671875000e+02
2.728921813964843750e+02
2.887355041503906250e+02
2.979562988281250000e+02
3.199570922851562500e+02
3.060096130371093750e+02
3.000127868652343750e+02
3.095894470214843750e+02
2.859522094726562500e+02
2.913136596679687500e+02
2.915982360839843750e+02
3.008063659667968750e+02
3.077485656738281250e+02
2.979173889160156250e+02
2.943978271484375000e+02
2.906125488281250000e+02
2.970115356445312500e+02
3.054917907714843750e+02
3.044487609863281250e+02
3.052998657226562500e+02
2.825511169433593750e+02
2.972026672363281250e+02
3.028023681640625000e+02
2.952380676269531250e+02
3.122597351074218750e+02
2.981766662597656250e+02
3.103793334960937500e+02
3.071517333984375000e+02
3.075581970214843750e+02
3.150060119628906250e+02
3.124471130371093750e+02
3.252301635742187500e+02
3.301098632812500000e+02
3.100193786621093750e+02
3.251913757324218750e+02
3.139675292968750000e+02
3.371192321777343750e+02
3.195393676757812500e+02
3.238610534667968750e+02
3.339075622558593750e+02
3.303192443847656250e+02
3.198029479980468750e+02
3.269394226074218750e+02
3.156383666992187500e+02
3.221131286621093750e+02
3.029998474121093750e+02
3.254822387695312500e+02
3.248692932128906250e+02
3.395081481933593750e+02
3.388018188476562500e+02
3.382500915527343750e+02
3.286293029785156250e+02
3.299009094238281250e+02
3.511616210937500000e+02
3.444033813476562500e+02
3.393888244628906250e+02
3.703758850097656250e+02
3.553699951171875000e+02
3.469143371582031250e+02
3.645213317871093750e+02
3.566228027343750000e+02
3.491903076171875000e+02
3.573392944335937500e+02
3.735213012695312500e+02
3.649165039062500000e+02
3.739224548339843750e+02
3.562537841796875000e+02
3.653766479492187500e+02
3.684234313964843750e+02
3.848883666992187500e+02
3.635885925292968750e+02
3.747466125488281250e+02
3.611737976074218750e+02
3.680071411132812500e+02
3.665697631835937500e+02
3.782032470703125000e+02
3.741246032714843750e+02
3.667793884277343750e+02
3.900469360351562500e+02
3.833195495605468750e+02
3.826958618164062500e+02
3.962631835937500000e+02
3.698649291992187500e+02
3.783538818359375000e+02
3.608533935546875000e+02
3.734386291503906250e+02
3.781381530761718750e+02
3.867593688964843750e+02
3.814215087890625000e+02
3.735248107910156250e+02
3.814898986816406250e+02
3.847976684570312500e+02
3.776510620117187500e+02
3.719390869140625000e+02
3.894426574707031250e+02
3.850879516601562500e+02
3.701099853515625000e+02
3.592510681152343750e+02
3.561109313964843750e+02
3.663422851562500000e+02
3.595786132812500000e+02
3.526557922363281250e+02
3.629240722656250000e+02
3.735584716796875000e+02
3.747370605468750000e+02
3.796908874511718750e+02
3.682316589355468750e+02
3.752151184082031250e+02
3.820570068359375000e+02
3.732230224609375000e+02
3.607155761718750000e+02
3.576318054199218750e+02
3.541619262695312500e+02
3.517056884765625000e+02
3.605233154296875000e+02
3.523327026367187500e+02
3.530550537109375000e+02
3.571507263183593750e+02
3.684040222167968750e+02
3.684803161621093750e+02
3.775904235839843750e+02
3.762703247070312500e+02
3.776645812988281250e+02
3.596789245605468750e+02
3.677169494628906250e+02
3.621999511718750000e+02
3.520009460449218750e+02
3.770431823730468750e+02
3.639552612304687500e+02
3.710017089843750000e+02
3.797082519531250000e+02
3.828342590332031250e+02
3.894511413574218750e+02
4.004680786132812500e+02
3.845509948730468750e+02
3.962506103515625000e+02
4.078122558593750000e+02
3.856233825683593750e+02
3.813336791992187500e+02
3.827946166992187500e+02
3.792394409179687500e+02
3.947285766601562500e+02
3.766608276367187500e+02
3.983146057128906250e+02
4.011535949707031250e+02
3.753458251953125000e+02
3.966710510253906250e+02
3.897985839843750000e+02
3.756853637695312500e+02
4.005452270507812500e+02
4.030670776367187500e+02
3.787332458496093750e+02
3.942136535644531250e+02
3.846519470214843750e+02
3.912231750488281250e+02
3.968479003906250000e+02
3.744261779785156250e+02
3.863015747070312500e+02
3.884630737304687500e+02
4.057256774902343750e+02
4.109033203125000000e+02
3.941287536621093750e+02
3.821034545898437500e+02
3.803186950683593750e+02
4.056925354003906250e+02
3.698637390136718750e+02
3.921131286621093750e+02
3.833927307128906250e+02
4.039691162109375000e+02
4.098212890625000000e+02
3.663250122070312500e+02
3.660087585449218750e+02
3.756913452148437500e+02
3.765803833007812500e+02
3.930288085937500000e+02
4.042662353515625000e+02
3.909747009277343750e+02
3.808643798828125000e+02
3.854329833984375000e+02
3.957940368652343750e+02
3.707699279785156250e+02
3.764610900878906250e+02
3.880730590820312500e+02
3.917411499023437500e+02
3.900906982421875000e+02
3.801437377929687500e+02
3.672561645507812500e+02
3.620803222656250000e+02
3.637245788574218750e+02
3.812814025878906250e+02
3.706301269531250000e+02
3.613809814453125000e+02
3.742945251464843750e+02
3.656906738281250000e+02
3.801044311523437500e+02
3.581908874511718750e+02
3.536576538085937500e+02
3.904998779296875000e+02
3.628084411621093750e+02
3.713838195800781250e+02
3.917576904296875000e+02
3.816932983398437500e+02
3.671869506835937500e+02
3.752306823730468750e+02
3.854632568359375000e+02
3.602837829589843750e+02
3.753598632812500000e+02
3.717302551269531250e+02
3.800521240234375000e+02
3.432606201171875000e+02
3.528841247558593750e+02
3.423696899414062500e+02
3.536661987304687500e+02
3.466809387207031250e+02
3.366264343261718750e+02
3.384680786132812500e+02
3.351969909667968750e+02
3.446116943359375000e+02
3.310738525390625000e+02
3.373265075683593750e+02
3.649849853515625000e+02
3.435657348632812500e+02
3.451952514648437500e+02
3.444226379394531250e+02
3.368616333007812500e+02
3.603671264648437500e+02
3.378166809082031250e+02
3.414368286132812500e+02
3.433246765136718750e+02
3.330924987792968750e+02
3.265368041992187500e+02
3.299999694824218750e+02
3.118185424804687500e+02
3.107261352539062500e+02
3.190145568847656250e+02
3.430288696289062500e+02
3.147106323242187500e+02
3.089362487792968750e+02
3.009636230468750000e+02
3.072043762207031250e+02
2.985818176269531250e+02
2.992388000488281250e+02
3.152276611328125000e+02
3.067930297851562500e+02
2.962168884277343750e+02
2.928815002441406250e+02
2.926372375488281250e+02
2.913948974609375000e+02
2.834341430664062500e+02
3.004906921386718750e+02
2.889214477539062500e+02
2.922033691406250000e+02
2.953043212890625000e+02
2.901419982910156250e+02
2.829691772460937500e+02
2.883766479492187500e+02
2.788551330566406250e+02
2.761319885253906250e+02
2.759978637695312500e+02
2.815292358398437500e+02
2.859248046875000000e+02
2.876617431640625000e+02
2.965444335937500000e+02
2.923269348144531250e+02
2.741420898437500000e+02
2.808875732421875000e+02
2.689927978515625000e+02
2.991110839843750000e+02
2.778786315917968750e+02
2.716448059082031250e+02
2.705691223144531250e+02
2.712244567871093750e+02
2.800914306640625000e+02
2.688176879882812500e+02
2.734795837402343750e+02
2.600648193359375000e+02
2.501495361328125000e+02
2.530089263916015625e+02
2.403243408203125000e+02
2.402054748535156250e+02
2.330713500976562500e+02
2.882889709472656250e+02
2.430029602050781250e+02
2.664462890625000000e+02
2.776679382324218750e+02
2.519698181152343750e+02
2.525548553466796875e+02
2.697649230957031250e+02
2.838489379882812500e+02
2.684993896484375000e+02
2.650490112304687500e+02
2.531162261962890625e+02
2.734502258300781250e+02
2.623425903320312500e+02
2.831300659179687500e+02
2.933829345703125000e+02
2.801480407714843750e+02
2.992560729980468750e+02
3.078425292968750000e+02
3.003939514160156250e+02
3.036070556640625000e+02
2.966579589843750000e+02
2.961132507324218750e+02
2.948691101074218750e+02
3.012876281738281250e+02
2.850199279785156250e+02
2.913642883300781250e+02
2.879233703613281250e+02
2.925225524902343750e+02
3.199052124023437500e+02
3.016718139648437500e+02
2.910620422363281250e+02
2.835932617187500000e+02
2.881117553710937500e+02
2.917181396484375000e+02
2.855056762695312500e+02
3.041174316406250000e+02
3.031708374023437500e+02
2.983901062011718750e+02
2.998575134277343750e+02
2.877360229492187500e+02
2.730768432617187500e+02
2.728714904785156250e+02
2.719131469726562500e+02
2.860954895019531250e+02
2.821343688964843750e+02
3.082320556640625000e+02
2.967914733886718750e+02
3.209560241699218750e+02
2.808449401855468750e+02
2.981372680664062500e+02
2.822479858398437500e+02
2.924119567871093750e+02
2.956289978027343750e+02
2.890593566894531250e+02
2.992922363281250000e+02
3.001716918945312500e+02
3.296769409179687500e+02
3.008297424316406250e+02
2.995220642089843750e+02
2.782606811523437500e+02
2.946239013671875000e+02
3.028698730468750000e+02
2.914079284667968750e+02
2.941940002441406250e+02
2.945205078125000000e+02
2.977117614746093750e+02
3.264849243164062500e+02
3.304995727539062500e+02
3.149450683593750000e+02
3.344089965820312500e+02
3.116616210937500000e+02
3.085786132812500000e+02
3.132698669433593750e+02
3.076207580566406250e+02
3.239600219726562500e+02
3.178751831054687500e+02
3.480778198242187500e+02
3.550088195800781250e+02
3.452994995117187500e+02
3.265751037597656250e+02
3.283337097167968750e+02
3.407883911132812500e+02
3.539761352539062500e+02
3.377852783203125000e+02
3.355330810546875000e+02
3.321953125000000000e+02
3.329795532226562500e+02
3.561573486328125000e+02
3.534170227050781250e+02
3.380499572753906250e+02
3.329098510742187500e+02
3.322931213378906250e+02
3.332904357910156250e+02
3.514265441894531250e+02
3.457208251953125000e+02
3.555446777343750000e+02
3.621011047363281250e+02
3.696071166992187500e+02
3.776759948730468750e+02
3.874830322265625000e+02
3.816173400878906250e+02
3.616978759765625000e+02
3.581313171386718750e+02
3.663150024414062500e+02
3.823163146972656250e+02
3.730795898437500000e+02
3.819094238281250000e+02
3.546448669433593750e+02
3.605647583007812500e+02
3.879183044433593750e+02
3.537243957519531250e+02
3.596935424804687500e+02
3.547198791503906250e+02
3.491682434082031250e+02
3.600395507812500000e+02
3.530964050292968750e+02
3.571383056640625000e+02
3.640668640136718750e+02
3.676715087890625000e+02
3.523129272460937500e+02
3.529693603515625000e+02
3.833683166503906250e+02
3.826112976074218750e+02
3.757054748535156250e+02
3.759330444335937500e+02
3.708586730957031250e+02
3.657218017578125000e+02
3.909083557128906250e+02
3.977433776855468750e+02
3.979490051269531250e+02
3.908002014160156250e+02
3.856429138183593750e+02
3.770166015625000000e+02
4.031530761718750000e+02
4.089908752441406250e+02
3.784589538574218750e+02
4.005678100585937500e+02
3.780503540039062500e+02
3.541932373046875000e+02
3.820399475097656250e+02
3.907278747558593750e+02
3.896065063476562500e+02
4.042818298339843750e+02
4.097060852050781250e+02
4.033596801757812500e+02
4.185424804687500000e+02
3.969092407226562500e+02
3.919191589355468750e+02
3.824588623046875000e+02
3.883917541503906250e+02
3.981398315429687500e+02
3.934068603515625000e+02
3.761541748046875000e+02
4.091237792968750000e+02
4.073118896484375000e+02
4.170325622558593750e+02
4.075306396484375000e+02
3.984563598632812500e+02
4.072168884277343750e+02
3.941088256835937500e+02
4.090008850097656250e+02
4.080028686523437500e+02
4.138778991699218750e+02
4.005873718261718750e+02
4.186940002441406250e+02
4.032804260253906250e+02
4.043302307128906250e+02
4.064367370605468750e+02
4.116390380859375000e+02
3.949487609863281250e+02
3.995085754394531250e+02
4.009769897460937500e+02
4.114391479492187500e+02
4.077963256835937500e+02
4.089959411621093750e+02
4.093390808105468750e+02
4.230290527343750000e+02
4.067154235839843750e+02
4.384196777343750000e+02
4.325832214355468750e+02
4.361683044433593750e+02
4.277293701171875000e+02
4.437005615234375000e+02
4.241779479980468750e+02
4.201016845703125000e+02
4.159331970214843750e+02
4.275090026855468750e+02
4.537416687011718750e+02
4.212470397949218750e+02
4.297546997070312500e+02
4.003942871093750000e+02
4.200316162109375000e+02
4.152096252441406250e+02
4.143718261718750000e+02
4.212103881835937500e+02
4.444966735839843750e+02
4.163403930664062500e+02
4.390471801757812500e+02
4.114309387207031250e+02
4.201241149902343750e+02
4.238513183593750000e+02
4.075064086914062500e+02
4.235558471679687500e+02
4.258002929687500000e+02
4.456749267578125000e+02
4.206466369628906250e+02
4.156932983398437500e+02
4.223471069335937500e+02
4.424452819824218750e+02
4.401934509277343750e+02
4.461037902832031250e+02
4.763385620117187500e+02
4.584954833984375000e+02
4.684335632324218750e+02
4.710868225097656250e+02
4.565999145507812500e+02
4.299971008300781250e+02
4.491041870117187500e+02
4.399216308593750000e+02
4.428708801269531250e+02
4.423129272460937500e+02
4.399710083007812500e+02
4.509924316406250000e+02
4.675087280273437500e+02
4.448969726562500000e+02
4.741611328125000000e+02
4.542353820800781250e+02
4.647030944824218750e+02
4.615802001953125000e+02
4.813023681640625000e+02
4.800924377441406250e+02
4.947881164550781250e+02
4.851666259765625000e+02
4.803087463378906250e+02
4.863864746093750000e+02
4.833227539062500000e+02
4.647585449218750000e+02
4.742303161621093750e+02
4.810422363281250000e+02
4.692306823730468750e+02
5.055845031738281250e+02
5.055921936035156250e+02
4.825871887207031250e+02
4.757381286621093750e+02
5.076099853515625000e+02
4.870807495117187500e+02
5.011270141601562500e+02
5.071677551269531250e+02
5.025620422363281250e+02
5.086984558105468750e+02
4.813385009765625000e+02
4.871312561035156250e+02
5.226335449218750000e+02
5.221903686523437500e+02
4.963076171875000000e+02
5.133418579101562500e+02
5.109768676757812500e+02
5.018715820312500000e+02
5.077509765625000000e+02
4.996770935058593750e+02
4.877561340332031250e+02
5.075834045410156250e+02
5.133092651367187500e+02
5.233847045898437500e+02
5.155214233398437500e+02
5.212779541015625000e+02
5.366208496093750000e+02
5.362528686523437500e+02
5.118474121093750000e+02
5.366453247070312500e+02
5.393148803710937500e+02
5.161239624023437500e+02
5.568269653320312500e+02
5.552898559570312500e+02
5.654306030273437500e+02
5.518187255859375000e+02
5.623607177734375000e+02
5.519473876953125000e+02
5.498687744140625000e+02
5.749209594726562500e+02
5.613182373046875000e+02
5.198058471679687500e+02
5.291519775390625000e+02
5.397476196289062500e+02
5.320826416015625000e+02
5.570796508789062500e+02
5.700734863281250000e+02
5.523542480468750000e+02
5.428938598632812500e+02
5.557399902343750000e+02
5.499718627929687500e+02
5.585285644531250000e+02
5.411972656250000000e+02
5.481798706054687500e+02
5.785968627929687500e+02
6.060106201171875000e+02
6.150168457031250000e+02
6.053151245117187500e+02
5.846690063476562500e+02
6.061581420898437500e+02
6.234274291992187500e+02
6.096889648437500000e+02
6.160819702148437500e+02
6.177402343750000000e+02
6.017467651367187500e+02
6.032581176757812500e+02
6.082704467773437500e+02
6.126639404296875000e+02
5.999757690429687500e+02
5.842227783203125000e+02
6.015300292968750000e+02
6.356804809570312500e+02
6.563912353515625000e+02
6.244154663085937500e+02
5.930925292968750000e+02
6.032550048828125000e+02
5.789535522460937500e+02
5.752996826171875000e+02
5.921613159179687500e+02
6.024866943359375000e+02
6.055610961914062500e+02
5.952799072265625000e+02
6.082523803710937500e+02
6.161479492187500000e+02
5.723103637695312500e+02
6.242680053710937500e+02
6.084811401367187500e+02
5.986202392578125000e+02
5.715543823242187500e+02
5.855522460937500000e+02
5.881405029296875000e+02
5.846238403320312500e+02
5.764809570312500000e+02
5.968711547851562500e+02
6.057914428710937500e+02
5.647529907226562500e+02
5.833540039062500000e+02
5.699478759765625000e+02
5.503623657226562500e+02
5.607068481445312500e+02
5.762113037109375000e+02
5.552514038085937500e+02
5.550051879882812500e+02
5.791005859375000000e+02
5.826464843750000000e+02
5.730242919921875000e+02
5.513455200195312500e+02
5.682734985351562500e+02
5.522177734375000000e+02
5.237644653320312500e+02
5.355618896484375000e+02
5.437941284179687500e+02
5.677331542968750000e+02
5.385732421875000000e+02
5.383987426757812500e+02
5.306019897460937500e+02
5.466119995117187500e+02
5.584209594726562500e+02
5.523081665039062500e+02
5.424759521484375000e+02
5.424406738281250000e+02
5.489123535156250000e+02
5.421783447265625000e+02
5.541075439453125000e+02
5.529473266601562500e+02
5.405000000000000000e+02
5.581677246093750000e+02
5.588987426757812500e+02
5.595416259765625000e+02
5.902135009765625000e+02
5.633778686523437500e+02
5.381569213867187500e+02
5.873430786132812500e+02
5.983782958984375000e+02
5.694473876953125000e+02
5.687810058593750000e+02
5.814951171875000000e+02
5.753414916992187500e+02
5.717355957031250000e+02
5.695716552734375000e+02
5.705212402343750000e+02
5.531695556640625000e+02
5.383131103515625000e+02
5.344998779296875000e+02
5.571658325195312500e+02
5.832792358398437500e+02
5.873205566406250000e+02
5.685053710937500000e+02
5.808768920898437500e+02
5.893159790039062500e+02
5.743896484375000000e+02
5.673739624023437500e+02
5.515177001953125000e+02
5.969075927734375000e+02
6.158689575195312500e+02
6.300950927734375000e+02
6.281905517578125000e+02
6.209550170898437500e+02
6.123038940429687500e+02
6.059730834960937500e+02
6.172274780273437500e+02
6.123955688476562500e+02
6.205113525390625000e+02
6.209762573242187500e+02
6.429035034179687500e+02
6.322379760742187500e+02
6.310266113281250000e+02
6.209795532226562500e+02
5.921484375000000000e+02
6.001510009765625000e+02
5.921040039062500000e+02
6.033406372070312500e+02
5.978048706054687500e+02
6.027321777343750000e+02
5.784348144531250000e+02
5.822318725585937500e+02
5.492897338867187500e+02
5.948526611328125000e+02
6.289714965820312500e+02
5.971295166015625000e+02
6.239024047851562500e+02
6.242139282226562500e+02
6.427559814453125000e+02
6.481094970703125000e+02
6.342301635742187500e+02
6.283244628906250000e+02
6.231673583984375000e+02
6.437916259765625000e+02
6.700119018554687500e+02
6.270138549804687500e+02
6.246996459960937500e+02
6.337510375976562500e+02
6.417857055664062500e+02
6.294417724609375000e+02
6.157492065429687500e+02
6.245977783203125000e+02
6.444874267578125000e+02
6.618141479492187500e+02
6.643529052734375000e+02
6.293685913085937500e+02
6.235685424804687500e+02
6.328020019531250000e+02
6.201644897460937500e+02
6.122902832031250000e+02
6.368236694335937500e+02
6.474515991210937500e+02
6.476000976562500000e+02
6.797020874023437500e+02
6.418468627929687500e+02
6.648943481445312500e+02
6.650030517578125000e+02
6.841646728515625000e+02
6.953857421875000000e+02
6.820598754882812500e+02
6.844351806640625000e+02
6.401510620117187500e+02
6.896712646484375000e+02
6.223057250976562500e+02
6.822593994140625000e+02
6.983277587890625000e+02
6.845568237304687500e+02
6.688895263671875000e+02
6.511010131835937500e+02
6.930453491210937500e+02
6.561423950195312500e+02
7.117874145507812500e+02
6.943479614257812500e+02
7.180016479492187500e+02
7.232274780273437500e+02
6.895796508789062500e+02
7.231973266601562500e+02
7.926389160156250000e+02
7.717875976562500000e+02
7.779771118164062500e+02
7.743171386718750000e+02
7.595961303710937500e+02
7.187363891601562500e+02
7.715917358398437500e+02
7.617965698242187500e+02
7.327680053710937500e+02
7.497357177734375000e+02
7.660275878906250000e+02
7.785540161132812500e+02
8.124253540039062500e+02
7.819968261718750000e+02
7.349589843750000000e+02
7.417780151367187500e+02
7.591346435546875000e+02
7.948462524414062500e+02
7.794312744140625000e+02
7.989877319335937500e+02
7.988269042968750000e+02
8.132030639648437500e+02
8.297908325195312500e+02
7.936321411132812500e+02
8.278750000000000000e+02
9.048628540039062500e+02
8.144511718750000000e+02
8.769478149414062500e+02
8.747421264648437500e+02
8.661658325195312500e+02
8.411019897460937500e+02
8.771885375976562500e+02
8.470932006835937500e+02
8.562821655273437500e+02
8.486058959960937500e+02
8.501270141601562500e+02
8.598962402343750000e+02
8.612537841796875000e+02
8.586025390625000000e+02
8.467995605468750000e+02
8.257952880859375000e+02
8.263187866210937500e+02
8.414263305664062500e+02
8.642921142578125000e+02
8.802005004882812500e+02
9.208366699218750000e+02
8.957061157226562500e+02
8.738378906250000000e+02
8.158416137695312500e+02
8.362468261718750000e+02
8.096209716796875000e+02
8.428345947265625000e+02
8.477556152343750000e+02
9.225443115234375000e+02
9.212034301757812500e+02
8.947686157226562500e+02
8.962772827148437500e+02
9.281440429687500000e+02
9.250180664062500000e+02
9.117404174804687500e+02
9.572057495117187500e+02
9.627223510742187500e+02
9.424439697265625000e+02
9.971507568359375000e+02
9.552551879882812500e+02
9.582627563476562500e+02
9.407844238281250000e+02
9.275027465820312500e+02
9.078986206054687500e+02
9.379931030273437500e+02
9.607875976562500000e+02
9.430076293945312500e+02
9.516913452148437500e+02
9.918881835937500000e+02
9.923325195312500000e+02
9.721941528320312500e+02
9.667753906250000000e+02
9.865040283203125000e+02
9.797958984375000000e+02
1.021826171875000000e+03
9.711618652343750000e+02
9.582413940429687500e+02
9.746347045898437500e+02
1.002305236816406250e+03
1.024236694335937500e+03
1.000908752441406250e+03
1.017868225097656250e+03
1.020029907226562500e+03
1.033640991210937500e+03
1.003221374511718750e+03
1.038936157226562500e+03
1.040789062500000000e+03
1.048533325195312500e+03
1.028583862304687500e+03
1.030405517578125000e+03
1.040268432617187500e+03
1.044571411132812500e+03
1.091491210937500000e+03
1.084805297851562500e+03
1.090413452148437500e+03
1.037441406250000000e+03
1.075694946289062500e+03
1.089228027343750000e+03
1.072952270507812500e+03
1.084610717773437500e+03
1.074433105468750000e+03
1.114257080078125000e+03
1.083535034179687500e+03
1.138882446289062500e+03
1.103606445312500000e+03
1.081864013671875000e+03
1.107633544921875000e+03
1.106661865234375000e+03
1.115645507812500000e+03
1.108335815429687500e+03
1.127253051757812500e+03
1.144484497070312500e+03
1.158272949218750000e+03
1.167863281250000000e+03
1.220810913085937500e+03
1.233752197265625000e+03
1.211314208984375000e+03
1.218638305664062500e+03
1.259090454101562500e+03
1.244755981445312500e+03
1.205030761718750000e+03
1.215094970703125000e+03
1.144827392578125000e+03
1.225329711914062500e+03
1.228146728515625000e+03
1.226602050781250000e+03
1.240920532226562500e+03
1.237390869140625000e+03
1.243458007812500000e+03
1.288828735351562500e+03
1.294579711914062500e+03
1.361753662109375000e+03
1.301903808593750000e+03
1.287424804687500000e+03
1.258942626953125000e+03
1.328535766601562500e+03
1.312331298828125000e+03
1.280833984375000000e+03
1.255242675781250000e+03
1.261978515625000000e+03
1.277734497070312500e+03
1.300220581054687500e+03
1.268984008789062500e+03
1.267229003906250000e+03
1.184051879882812500e+03
1.255755126953125000e+03
1.250376586914062500e+03
1.256195800781250000e+03
1.262558227539062500e+03
1.239573486328125000e+03
1.259181030273437500e+03
1.246832763671875000e+03
1.283600585937500000e+03
1.256044433593750000e+03
1.279431762695312500e+03
1.269460205078125000e+03
1.269875488281250000e+03
1.250564331054687500e+03
1.240924804687500000e+03
1.265816528320312500e+03
1.287384521484375000e+03
1.292356689453125000e+03
1.303359619140625000e+03
1.303575195312500000e+03
1.331054565429687500e+03
1.439353759765625000e+03
1.264248779296875000e+03
1.371249511718750000e+03
1.346588500976562500e+03
1.324748291015625000e+03
1.346699096679687500e+03
1.345462646484375000e+03
1.346667480468750000e+03
1.257507202148437500e+03
1.315479003906250000e+03
1.331190551757812500e+03
1.352159423828125000e+03
1.311252807617187500e+03
1.333171752929687500e+03
1.397403076171875000e+03
1.379987060546875000e+03
1.454063842773437500e+03
1.441812622070312500e+03
1.401922729492187500e+03
1.409708740234375000e+03
1.502807006835937500e+03
1.493006469726562500e+03
1.489256225585937500e+03
1.492283203125000000e+03
1.507035278320312500e+03
1.519886840820312500e+03
1.486173706054687500e+03
1.556139892578125000e+03
1.573102294921875000e+03
1.569860717773437500e+03
1.579516723632812500e+03
1.579417846679687500e+03
1.566252685546875000e+03
1.566965209960937500e+03
1.602631469726562500e+03
1.636975463867187500e+03
1.653439331054687500e+03
1.670996215820312500e+03
1.620531738281250000e+03
1.703571044921875000e+03
1.719250488281250000e+03
1.778251220703125000e+03
1.708288696289062500e+03
1.700877319335937500e+03
1.712180419921875000e+03
1.673208251953125000e+03
1.681962890625000000e+03
1.704648559570312500e+03
1.653907958984375000e+03
1.713883422851562500e+03
1.829238891601562500e+03
1.663993286132812500e+03
1.664755249023437500e+03
1.754479492187500000e+03
1.772733764648437500e+03
1.819237548828125000e+03
1.776146484375000000e+03
1.670584838867187500e+03
1.690261230468750000e+03
1.641979858398437500e+03
1.624660766601562500e+03
1.618222534179687500e+03
1.612901977539062500e+03
1.760756958007812500e+03
1.738949218750000000e+03
1.777606689453125000e+03
1.795043212890625000e+03
1.730171630859375000e+03
1.730494506835937500e+03
1.798846801757812500e+03
