7.390369772911071777e-01
5.801729559898376465e-01
9.854836463928222656e-01
1.153718829154968262e+00
1.313146591186523438e+00
1.643923878669738770e+00
1.810438871383666992e+00
2.246309280395507812e+00
2.403610944747924805e+00
2.399080753326416016e+00
2.304434537887573242e+00
2.187581300735473633e+00
2.046737909317016602e+00
1.932041764259338379e+00
1.784396409988403320e+00
1.650391340255737305e+00
1.550816893577575684e+00
1.477593302726745605e+00
1.381135702133178711e+00
1.334483027458190918e+00
1.263158321380615234e+00
1.239790320396423340e+00
1.212530732154846191e+00
1.178626894950866699e+00
1.168996095657348633e+00
1.181646227836608887e+00
1.190861701965332031e+00
1.176053762435913086e+00
1.175971031188964844e+00
1.167702436447143555e+00
1.186827182769775391e+00
1.236756801605224609e+00
1.243210196495056152e+00
1.233644723892211914e+00
1.235710978507995605e+00
1.245239257812500000e+00
1.227588772773742676e+00
1.211653590202331543e+00
1.199572801589965820e+00
1.195079803466796875e+00
1.203862786293029785e+00
1.203680515289306641e+00
1.228839993476867676e+00
1.236949682235717773e+00
1.228062033653259277e+00
1.324399709701538086e+00
1.351564645767211914e+00
1.355549097061157227e+00
1.360382795333862305e+00
1.331986784934997559e+00
1.376180410385131836e+00
1.354534506797790527e+00
1.360280990600585938e+00
1.372858166694641113e+00
1.401056051254272461e+00
1.418775796890258789e+00
1.414315104484558105e+00
1.424005389213562012e+00
1.449353814125061035e+00
1.453113794326782227e+00
1.464215278625488281e+00
1.472531080245971680e+00
1.504090309143066406e+00
1.528273582458496094e+00
1.556376934051513672e+00
1.591586470603942871e+00
1.616360545158386230e+00
2.492761135101318359e+00
2.312219142913818359e+00
2.281712293624877930e+00
2.351735353469848633e+00
2.356788635253906250e+00
2.413228511810302734e+00
2.358252763748168945e+00
3.460244655609130859e+00
3.213834762573242188e+00
3.003731489181518555e+00
3.069982051849365234e+00
3.086448669433593750e+00
3.130138874053955078e+00
4.472943305969238281e+00
4.362767696380615234e+00
4.159856319427490234e+00
4.157198429107666016e+00
3.974941492080688477e+00
3.918367624282836914e+00
4.124506950378417969e+00
4.187409877777099609e+00
4.018273353576660156e+00
4.065015792846679688e+00
4.156268596649169922e+00
4.022360801696777344e+00
4.101074695587158203e+00
4.094230651855468750e+00
4.147330284118652344e+00
4.177124500274658203e+00
4.087248325347900391e+00
4.190664768218994141e+00
4.295845985412597656e+00
4.244891643524169922e+00
4.323219776153564453e+00
4.298257827758789062e+00
4.354567527770996094e+00
4.404092788696289062e+00
4.429551601409912109e+00
4.398866176605224609e+00
4.538443565368652344e+00
4.543744087219238281e+00
4.698906421661376953e+00
4.698440551757812500e+00
4.805153369903564453e+00
4.740794181823730469e+00
4.757329463958740234e+00
4.806154251098632812e+00
4.890330314636230469e+00
4.932239055633544922e+00
4.895331382751464844e+00
5.000401020050048828e+00
5.026230812072753906e+00
5.231275558471679688e+00
5.203361034393310547e+00
5.217408180236816406e+00
5.215946197509765625e+00
5.304230690002441406e+00
5.338491439819335938e+00
5.350789546966552734e+00
5.311012744903564453e+00
5.233828067779541016e+00
5.305042266845703125e+00
5.333723545074462891e+00
5.382328033447265625e+00
5.567439556121826172e+00
5.510714054107666016e+00
5.586963176727294922e+00
5.617958545684814453e+00
5.546524524688720703e+00
8.978955268859863281e+00
7.777300834655761719e+00
7.276008605957031250e+00
7.483730792999267578e+00
7.321535587310791016e+00
7.069619655609130859e+00
7.178762912750244141e+00
6.899168491363525391e+00
7.086472988128662109e+00
7.024064540863037109e+00
6.684530258178710938e+00
6.771643638610839844e+00
6.796721458435058594e+00
6.737037181854248047e+00
6.759727954864501953e+00
6.912288665771484375e+00
6.687910556793212891e+00
6.621526241302490234e+00
6.774593353271484375e+00
6.832192897796630859e+00
6.619719505310058594e+00
6.883224487304687500e+00
6.633333683013916016e+00
6.591826915740966797e+00
6.565292835235595703e+00
6.523113727569580078e+00
6.831971645355224609e+00
6.386075019836425781e+00
6.395265579223632812e+00
6.788885593414306641e+00
6.743447303771972656e+00
6.704868316650390625e+00
6.732482433319091797e+00
6.885310649871826172e+00
6.778103351593017578e+00
6.938690662384033203e+00
6.907633304595947266e+00
6.677950382232666016e+00
6.833745956420898438e+00
6.868761062622070312e+00
6.940924167633056641e+00
6.866558551788330078e+00
6.813183784484863281e+00
6.938710212707519531e+00
6.926743984222412109e+00
6.918570518493652344e+00
6.935188770294189453e+00
6.845366954803466797e+00
6.926683902740478516e+00
6.928382873535156250e+00
6.932567119598388672e+00
6.985326290130615234e+00
7.028990268707275391e+00
8.430761337280273438e+00
8.807525634765625000e+00
1.171129512786865234e+01
1.153657341003417969e+01
1.203737258911132812e+01
1.114572906494140625e+01
1.006541156768798828e+01
1.035856437683105469e+01
1.181001567840576172e+01
1.141741561889648438e+01
1.139571762084960938e+01
1.332155895233154297e+01
1.265757846832275391e+01
1.192594623565673828e+01
1.176793861389160156e+01
1.113681221008300781e+01
1.124022102355957031e+01
1.059349727630615234e+01
1.074061012268066406e+01
1.023961544036865234e+01
1.038881874084472656e+01
1.004345321655273438e+01
9.954213142395019531e+00
1.001013088226318359e+01
1.001608943939208984e+01
9.813459396362304688e+00
9.769492149353027344e+00
9.554937362670898438e+00
9.653797149658203125e+00
9.457026481628417969e+00
9.626032829284667969e+00
9.649986267089843750e+00
9.353491783142089844e+00
9.501772880554199219e+00
9.110870361328125000e+00
9.118908882141113281e+00
9.232034683227539062e+00
8.954732894897460938e+00
9.187881469726562500e+00
9.327998161315917969e+00
9.218218803405761719e+00
8.904326438903808594e+00
9.256234169006347656e+00
8.858450889587402344e+00
8.820724487304687500e+00
8.973700523376464844e+00
9.092748641967773438e+00
9.146543502807617188e+00
9.189757347106933594e+00
8.901648521423339844e+00
9.213159561157226562e+00
8.893454551696777344e+00
9.139517784118652344e+00
8.913763046264648438e+00
1.085604667663574219e+01
1.060905456542968750e+01
1.079370021820068359e+01
1.004427051544189453e+01
9.970982551574707031e+00
9.554428100585937500e+00
9.858860969543457031e+00
9.541447639465332031e+00
9.678796768188476562e+00
9.852382659912109375e+00
9.566333770751953125e+00
1.002210426330566406e+01
9.434657096862792969e+00
9.778478622436523438e+00
9.657191276550292969e+00
9.925887107849121094e+00
9.881574630737304688e+00
9.615195274353027344e+00
9.460866928100585938e+00
9.867732048034667969e+00
1.003860950469970703e+01
1.186304473876953125e+01
1.153206825256347656e+01
1.127123069763183594e+01
1.138765716552734375e+01
1.069182872772216797e+01
1.065285682678222656e+01
1.085608768463134766e+01
1.034935855865478516e+01
1.060954856872558594e+01
1.103240776062011719e+01
1.081209182739257812e+01
1.088588333129882812e+01
1.076579952239990234e+01
1.220399379730224609e+01
1.146916961669921875e+01
1.148625946044921875e+01
1.193531036376953125e+01
1.309373283386230469e+01
1.270608329772949219e+01
1.358244132995605469e+01
1.360453319549560547e+01
1.359772491455078125e+01
1.422825527191162109e+01
1.512836837768554688e+01
1.472233581542968750e+01
1.472099494934082031e+01
1.474085426330566406e+01
1.427134799957275391e+01
1.427989482879638672e+01
1.483124828338623047e+01
1.515693759918212891e+01
1.834795379638671875e+01
1.681334114074707031e+01
1.591902542114257812e+01
1.633119201660156250e+01
1.549160194396972656e+01
1.722736549377441406e+01
1.592898464202880859e+01
1.591198635101318359e+01
1.653800010681152344e+01
1.617644500732421875e+01
1.634466361999511719e+01
1.616921615600585938e+01
1.614888191223144531e+01
1.628419876098632812e+01
1.610589027404785156e+01
1.642143440246582031e+01
1.754216384887695312e+01
1.742456436157226562e+01
1.680631637573242188e+01
1.713536834716796875e+01
1.757879829406738281e+01
1.773054313659667969e+01
1.722788619995117188e+01
1.711071395874023438e+01
1.731705093383789062e+01
1.917820358276367188e+01
1.879853248596191406e+01
1.949607086181640625e+01
2.014127159118652344e+01
2.080869865417480469e+01
2.055636596679687500e+01
1.939040184020996094e+01
1.970502090454101562e+01
1.995930862426757812e+01
2.050899124145507812e+01
2.227142906188964844e+01
2.200407028198242188e+01
2.171236801147460938e+01
2.237777328491210938e+01
2.256393432617187500e+01
2.091135215759277344e+01
2.289619636535644531e+01
2.399757003784179688e+01
2.338402557373046875e+01
2.409477424621582031e+01
2.499599266052246094e+01
2.529204368591308594e+01
2.438056564331054688e+01
2.482099914550781250e+01
2.451735305786132812e+01
2.402351951599121094e+01
2.461178779602050781e+01
2.411664772033691406e+01
2.643446159362792969e+01
2.668847084045410156e+01
2.597131156921386719e+01
2.558842658996582031e+01
2.860456085205078125e+01
3.082336044311523438e+01
2.887164497375488281e+01
2.883632087707519531e+01
2.896483993530273438e+01
2.926181221008300781e+01
2.992174530029296875e+01
3.035174942016601562e+01
3.012616729736328125e+01
3.113075065612792969e+01
3.054234123229980469e+01
2.925501823425292969e+01
3.055989074707031250e+01
3.022908592224121094e+01
2.926963996887207031e+01
2.938349723815917969e+01
2.902737045288085938e+01
3.209379959106445312e+01
3.124276542663574219e+01
3.096794319152832031e+01
3.093737602233886719e+01
3.169069480895996094e+01
3.288504791259765625e+01
3.247296905517578125e+01
3.329657745361328125e+01
3.280477142333984375e+01
3.323532867431640625e+01
3.320697784423828125e+01
3.293696212768554688e+01
3.269017791748046875e+01
3.325073623657226562e+01
3.444979095458984375e+01
3.457556533813476562e+01
3.596435546875000000e+01
3.651588439941406250e+01
3.596084213256835938e+01
3.545546722412109375e+01
3.619923782348632812e+01
3.558037567138671875e+01
3.693377304077148438e+01
3.779164123535156250e+01
3.907065582275390625e+01
3.825130081176757812e+01
3.840836715698242188e+01
4.020608901977539062e+01
4.220343017578125000e+01
4.196899032592773438e+01
4.207286834716796875e+01
4.258222198486328125e+01
4.075428009033203125e+01
4.069313430786132812e+01
4.248928451538085938e+01
4.239250564575195312e+01
4.259821701049804688e+01
4.383218383789062500e+01
4.434827423095703125e+01
4.641331863403320312e+01
4.550581359863281250e+01
4.647277450561523438e+01
4.579344558715820312e+01
4.545584487915039062e+01
4.488964080810546875e+01
4.427433776855468750e+01
4.923791122436523438e+01
4.748195266723632812e+01
4.571955490112304688e+01
4.636583709716796875e+01
4.732020187377929688e+01
4.719615936279296875e+01
4.592650222778320312e+01
4.810206985473632812e+01
4.998218154907226562e+01
5.002546691894531250e+01
4.922751235961914062e+01
4.913704681396484375e+01
4.947032928466796875e+01
4.966014480590820312e+01
4.802317047119140625e+01
4.890361785888671875e+01
4.941806793212890625e+01
5.050320816040039062e+01
5.122657012939453125e+01
5.474886703491210938e+01
5.353830337524414062e+01
5.248455810546875000e+01
5.323927307128906250e+01
5.277098083496093750e+01
5.409646606445312500e+01
5.382028198242187500e+01
5.418732452392578125e+01
5.201485824584960938e+01
5.393835830688476562e+01
6.535192871093750000e+01
6.051810073852539062e+01
5.571937561035156250e+01
5.454378128051757812e+01
5.584806060791015625e+01
5.728209304809570312e+01
5.708709716796875000e+01
5.678688430786132812e+01
5.648025894165039062e+01
5.510235595703125000e+01
5.496564865112304688e+01
5.743077087402343750e+01
5.616110992431640625e+01
5.594815444946289062e+01
5.811687850952148438e+01
6.350813293457031250e+01
6.055310440063476562e+01
6.254403305053710938e+01
6.288448333740234375e+01
6.219964218139648438e+01
6.204133605957031250e+01
6.242169189453125000e+01
6.158090591430664062e+01
6.203619384765625000e+01
6.327298355102539062e+01
6.518225097656250000e+01
6.332521820068359375e+01
6.488030242919921875e+01
6.549005889892578125e+01
6.734526824951171875e+01
6.771472167968750000e+01
7.011824035644531250e+01
6.940517425537109375e+01
7.135603332519531250e+01
7.024277496337890625e+01
6.821415710449218750e+01
6.762763977050781250e+01
6.940892028808593750e+01
7.154836273193359375e+01
6.961662292480468750e+01
6.938937377929687500e+01
6.739094543457031250e+01
6.819000244140625000e+01
6.934313964843750000e+01
6.860849761962890625e+01
6.636203002929687500e+01
6.891860961914062500e+01
6.812007904052734375e+01
6.942272186279296875e+01
6.997531890869140625e+01
6.923495483398437500e+01
6.916202545166015625e+01
6.921441650390625000e+01
7.088033294677734375e+01
6.804241943359375000e+01
6.886534881591796875e+01
6.927106475830078125e+01
6.995458221435546875e+01
6.818247222900390625e+01
6.682074737548828125e+01
6.698928070068359375e+01
6.711879730224609375e+01
6.807887268066406250e+01
6.500019836425781250e+01
6.650190734863281250e+01
7.135984039306640625e+01
7.230015563964843750e+01
6.978370666503906250e+01
6.828630065917968750e+01
7.108245849609375000e+01
7.109107971191406250e+01
7.428925323486328125e+01
7.743495178222656250e+01
7.633146667480468750e+01
7.423719024658203125e+01
7.311632537841796875e+01
7.409181213378906250e+01
7.385912322998046875e+01
7.334023284912109375e+01
7.678418731689453125e+01
8.050579833984375000e+01
7.544540405273437500e+01
7.506301116943359375e+01
7.615668487548828125e+01
7.511358642578125000e+01
7.776024627685546875e+01
7.905242156982421875e+01
8.808200073242187500e+01
8.175074768066406250e+01
8.187170410156250000e+01
7.944018554687500000e+01
7.880374908447265625e+01
7.880391693115234375e+01
7.991023254394531250e+01
8.130691528320312500e+01
7.839589691162109375e+01
9.087097167968750000e+01
8.183464050292968750e+01
8.395207977294921875e+01
8.551058959960937500e+01
8.976660919189453125e+01
8.849564361572265625e+01
9.037957763671875000e+01
8.853166961669921875e+01
9.296733093261718750e+01
9.435276794433593750e+01
9.493162536621093750e+01
9.643675231933593750e+01
9.154012298583984375e+01
9.282274627685546875e+01
9.469598388671875000e+01
9.108214569091796875e+01
9.648668670654296875e+01
9.711769104003906250e+01
9.288047027587890625e+01
9.485531616210937500e+01
9.417713928222656250e+01
9.243936157226562500e+01
9.743148803710937500e+01
9.714557647705078125e+01
9.784585571289062500e+01
1.049161529541015625e+02
1.017264251708984375e+02
1.002118835449218750e+02
1.009444351196289062e+02
1.030022964477539062e+02
1.041659393310546875e+02
1.084199218750000000e+02
1.180129699707031250e+02
1.107204208374023438e+02
1.074180450439453125e+02
1.136995468139648438e+02
1.035669708251953125e+02
1.107267684936523438e+02
1.053563537597656250e+02
1.087971878051757812e+02
1.090174789428710938e+02
1.076524047851562500e+02
1.103093338012695312e+02
1.119466323852539062e+02
1.128034286499023438e+02
1.131540527343750000e+02
1.124120483398437500e+02
1.097251510620117188e+02
1.107701568603515625e+02
1.132536621093750000e+02
1.130278244018554688e+02
1.236686096191406250e+02
1.175508575439453125e+02
1.177281875610351562e+02
1.199986495971679688e+02
1.148709564208984375e+02
1.208815002441406250e+02
1.122234497070312500e+02
1.179489059448242188e+02
1.164687881469726562e+02
1.139654998779296875e+02
1.166587982177734375e+02
1.151800613403320312e+02
1.166061401367187500e+02
1.156989974975585938e+02
1.179492645263671875e+02
1.211622390747070312e+02
1.134127960205078125e+02
1.160121688842773438e+02
1.157761993408203125e+02
1.155924072265625000e+02
1.151695938110351562e+02
1.114728240966796875e+02
1.128109664916992188e+02
1.138734359741210938e+02
1.104140090942382812e+02
1.123955001831054688e+02
1.132035140991210938e+02
1.133146057128906250e+02
1.120167999267578125e+02
1.140803604125976562e+02
1.130703430175781250e+02
1.161052017211914062e+02
1.138586730957031250e+02
1.151521987915039062e+02
1.088201217651367188e+02
1.165009689331054688e+02
1.125570983886718750e+02
1.122078094482421875e+02
1.100831604003906250e+02
1.058069152832031250e+02
1.166404495239257812e+02
1.179513168334960938e+02
1.156711044311523438e+02
1.174071502685546875e+02
1.155729217529296875e+02
1.147066116333007812e+02
1.134440231323242188e+02
1.107512359619140625e+02
1.099528732299804688e+02
1.133250045776367188e+02
1.146132583618164062e+02
1.179752502441406250e+02
1.167119979858398438e+02
1.218834457397460938e+02
1.157354965209960938e+02
1.222215957641601562e+02
1.191609649658203125e+02
1.190855331420898438e+02
1.203770751953125000e+02
1.229535446166992188e+02
1.252427368164062500e+02
1.263306045532226562e+02
1.225189971923828125e+02
1.248225784301757812e+02
1.197940444946289062e+02
1.283470306396484375e+02
1.262699203491210938e+02
1.224130325317382812e+02
1.260045166015625000e+02
1.241470184326171875e+02
1.271441726684570312e+02
1.201445007324218750e+02
1.303740234375000000e+02
1.251547470092773438e+02
1.288684997558593750e+02
1.278798904418945312e+02
1.195559692382812500e+02
1.237840805053710938e+02
1.158955612182617188e+02
1.219081802368164062e+02
1.236598281860351562e+02
1.324960937500000000e+02
1.306288299560546875e+02
1.316390991210937500e+02
1.288205413818359375e+02
1.334391479492187500e+02
1.311855316162109375e+02
1.313734741210937500e+02
1.302392730712890625e+02
1.294705657958984375e+02
1.341409149169921875e+02
1.268573913574218750e+02
1.271334228515625000e+02
1.202235183715820312e+02
1.243944091796875000e+02
1.303312530517578125e+02
1.266120681762695312e+02
1.273902587890625000e+02
1.223828430175781250e+02
1.248236846923828125e+02
1.281566772460937500e+02
1.279551086425781250e+02
1.300924835205078125e+02
1.239489822387695312e+02
1.270193176269531250e+02
1.268450088500976562e+02
1.268203125000000000e+02
1.317582397460937500e+02
1.244645309448242188e+02
1.221110382080078125e+02
1.243176422119140625e+02
1.285275421142578125e+02
1.252303161621093750e+02
1.251280288696289062e+02
1.313947906494140625e+02
1.285640869140625000e+02
1.256904525756835938e+02
1.274208145141601562e+02
1.321755371093750000e+02
1.315303802490234375e+02
1.306369781494140625e+02
1.358419342041015625e+02
1.332292938232421875e+02
1.247601089477539062e+02
1.333042144775390625e+02
1.359178466796875000e+02
1.335093994140625000e+02
1.383048858642578125e+02
1.366890563964843750e+02
1.367960052490234375e+02
1.329902191162109375e+02
1.331033325195312500e+02
1.345065917968750000e+02
1.323605041503906250e+02
1.277043685913085938e+02
1.405682830810546875e+02
1.380370635986328125e+02
1.322172088623046875e+02
1.384803771972656250e+02
1.300132293701171875e+02
1.358130645751953125e+02
1.323810577392578125e+02
1.385733184814453125e+02
1.354044952392578125e+02
1.397345275878906250e+02
1.273051605224609375e+02
1.386220092773437500e+02
1.331714935302734375e+02
1.351721801757812500e+02
1.383665313720703125e+02
1.391155853271484375e+02
1.394972534179687500e+02
1.363094024658203125e+02
1.396061096191406250e+02
1.407547912597656250e+02
1.314797821044921875e+02
1.475271453857421875e+02
1.412668151855468750e+02
1.341526489257812500e+02
1.327289123535156250e+02
1.268158111572265625e+02
1.309465484619140625e+02
1.376718902587890625e+02
1.463193054199218750e+02
1.419813537597656250e+02
1.492993774414062500e+02
1.430829010009765625e+02
1.359056243896484375e+02
1.473920898437500000e+02
1.467722473144531250e+02
1.530496826171875000e+02
1.520678405761718750e+02
1.387239074707031250e+02
1.436239624023437500e+02
1.467605895996093750e+02
1.477020874023437500e+02
1.524238739013671875e+02
1.525997009277343750e+02
1.497138824462890625e+02
1.565038146972656250e+02
1.491828308105468750e+02
1.478511199951171875e+02
1.508301086425781250e+02
1.476120758056640625e+02
1.486818542480468750e+02
1.487736358642578125e+02
1.513187561035156250e+02
1.611649322509765625e+02
1.531333312988281250e+02
1.513170318603515625e+02
1.598883972167968750e+02
1.608533630371093750e+02
1.601587219238281250e+02
1.459088745117187500e+02
1.656941680908203125e+02
1.553396911621093750e+02
1.655034942626953125e+02
1.721544647216796875e+02
1.704872894287109375e+02
1.835709686279296875e+02
1.861396179199218750e+02
1.832019653320312500e+02
1.947690277099609375e+02
1.917381591796875000e+02
1.795074615478515625e+02
1.858350830078125000e+02
1.901447143554687500e+02
1.878144989013671875e+02
1.791523284912109375e+02
1.898389587402343750e+02
1.911305541992187500e+02
2.211905059814453125e+02
1.887999114990234375e+02
1.904123840332031250e+02
1.952640991210937500e+02
1.919990386962890625e+02
1.981994628906250000e+02
1.912722473144531250e+02
1.809522247314453125e+02
1.854971466064453125e+02
1.862873992919921875e+02
1.885413665771484375e+02
1.931782226562500000e+02
1.798904113769531250e+02
1.782020111083984375e+02
1.788876800537109375e+02
1.843320922851562500e+02
1.936995697021484375e+02
1.926487426757812500e+02
2.015028228759765625e+02
2.009862823486328125e+02
1.891391143798828125e+02
1.926685028076171875e+02
1.897658081054687500e+02
1.797157440185546875e+02
1.829336090087890625e+02
1.814174652099609375e+02
1.885647277832031250e+02
1.927234039306640625e+02
1.924377441406250000e+02
1.979181060791015625e+02
1.880095062255859375e+02
1.974977111816406250e+02
1.990932159423828125e+02
1.997793579101562500e+02
1.995879516601562500e+02
1.965311584472656250e+02
1.999482116699218750e+02
1.996639556884765625e+02
1.967864837646484375e+02
2.071712188720703125e+02
2.300034332275390625e+02
2.088112335205078125e+02
2.140594024658203125e+02
2.065489044189453125e+02
2.040998382568359375e+02
2.078071441650390625e+02
1.950320587158203125e+02
1.929005584716796875e+02
1.897749176025390625e+02
2.011954040527343750e+02
1.964746704101562500e+02
1.973576965332031250e+02
1.839787445068359375e+02
2.007040557861328125e+02
1.884208526611328125e+02
1.876473541259765625e+02
1.798999633789062500e+02
1.755433654785156250e+02
1.775733642578125000e+02
1.809984130859375000e+02
1.857448730468750000e+02
1.916552276611328125e+02
1.982053070068359375e+02
2.062254028320312500e+02
1.898993072509765625e+02
1.963065490722656250e+02
2.015407257080078125e+02
1.976531829833984375e+02
1.956193695068359375e+02
2.027083129882812500e+02
2.014909210205078125e+02
1.953199157714843750e+02
1.979492950439453125e+02
1.952786254882812500e+02
1.921125335693359375e+02
1.947660064697265625e+02
1.896536254882812500e+02
1.918582153320312500e+02
1.938265686035156250e+02
1.907469940185546875e+02
1.907166290283203125e+02
1.966508178710937500e+02
1.921960906982421875e+02
1.901717834472656250e+02
1.901265869140625000e+02
1.851355743408203125e+02
1.824444732666015625e+02
1.881208038330078125e+02
1.926837005615234375e+02
2.027433166503906250e+02
1.954556884765625000e+02
1.892088165283203125e+02
1.961716461181640625e+02
1.872565155029296875e+02
1.879015045166015625e+02
2.116026916503906250e+02
2.048742218017578125e+02
1.966211700439453125e+02
1.870052795410156250e+02
1.880101623535156250e+02
1.747740936279296875e+02
1.753377380371093750e+02
1.845531005859375000e+02
1.904397888183593750e+02
1.761912841796875000e+02
1.855178680419921875e+02
1.911470642089843750e+02
1.951105346679687500e+02
2.033869018554687500e+02
2.039426269531250000e+02
2.078947143554687500e+02
1.921366882324218750e+02
1.951506805419921875e+02
2.036021881103515625e+02
1.871531219482421875e+02
1.983869018554687500e+02
1.880841064453125000e+02
1.974704742431640625e+02
1.921712493896484375e+02
1.804322662353515625e+02
1.779833068847656250e+02
1.894090728759765625e+02
1.799187622070312500e+02
1.832229461669921875e+02
1.992313385009765625e+02
1.993538665771484375e+02
1.960941925048828125e+02
1.921154022216796875e+02
1.945509948730468750e+02
1.926641845703125000e+02
1.823833618164062500e+02
1.922419433593750000e+02
1.845817565917968750e+02
1.856219940185546875e+02
1.949153900146484375e+02
1.955534973144531250e+02
1.983979492187500000e+02
1.954801177978515625e+02
2.144876251220703125e+02
2.010508117675781250e+02
1.979960327148437500e+02
1.938591003417968750e+02
1.865146331787109375e+02
1.913161163330078125e+02
1.942491912841796875e+02
1.836169433593750000e+02
1.967654418945312500e+02
1.868074645996093750e+02
1.815408782958984375e+02
1.861344299316406250e+02
1.947887573242187500e+02
1.828967590332031250e+02
2.122485046386718750e+02
1.998461303710937500e+02
1.982049407958984375e+02
1.910689086914062500e+02
1.986439666748046875e+02
1.976807861328125000e+02
1.937905426025390625e+02
1.992673797607421875e+02
2.032245483398437500e+02
1.921143798828125000e+02
1.979913330078125000e+02
1.838375244140625000e+02
1.775562133789062500e+02
1.885729980468750000e+02
1.762409515380859375e+02
1.797723083496093750e+02
1.782063293457031250e+02
1.699381256103515625e+02
1.727448730468750000e+02
1.790950622558593750e+02
1.755475311279296875e+02
1.722580566406250000e+02
1.871897888183593750e+02
1.805252075195312500e+02
1.809887390136718750e+02
1.766075897216796875e+02
1.751872253417968750e+02
1.761022186279296875e+02
1.674064331054687500e+02
1.765974426269531250e+02
1.764051513671875000e+02
1.745527191162109375e+02
1.802964630126953125e+02
1.751924743652343750e+02
1.745666198730468750e+02
1.656300201416015625e+02
1.731769866943359375e+02
1.822674865722656250e+02
1.722726440429687500e+02
1.794595794677734375e+02
1.686456909179687500e+02
1.571309661865234375e+02
1.756927795410156250e+02
1.964345550537109375e+02
1.811396636962890625e+02
1.940277252197265625e+02
1.833953247070312500e+02
1.825894317626953125e+02
1.882853088378906250e+02
1.756582489013671875e+02
1.854819183349609375e+02
1.763095245361328125e+02
1.899388122558593750e+02
1.782332763671875000e+02
1.753720245361328125e+02
1.757297515869140625e+02
1.819751892089843750e+02
1.939045867919921875e+02
1.842293548583984375e+02
1.697231903076171875e+02
2.057799377441406250e+02
1.772684020996093750e+02
1.807956848144531250e+02
1.932214813232421875e+02
1.904868774414062500e+02
1.873006896972656250e+02
1.678331604003906250e+02
1.665775299072265625e+02
1.724292755126953125e+02
1.838024749755859375e+02
1.681243591308593750e+02
1.726484985351562500e+02
1.658636932373046875e+02
1.709194030761718750e+02
1.679597167968750000e+02
1.778974761962890625e+02
1.630827484130859375e+02
1.607522888183593750e+02
1.672705383300781250e+02
1.696694793701171875e+02
1.635207824707031250e+02
1.694139709472656250e+02
1.662701110839843750e+02
1.653497772216796875e+02
1.717225952148437500e+02
1.775601806640625000e+02
1.749904937744140625e+02
1.703250732421875000e+02
1.744677886962890625e+02
1.703236694335937500e+02
1.871004943847656250e+02
1.869155883789062500e+02
1.904423065185546875e+02
1.888505401611328125e+02
1.757872619628906250e+02
1.718947753906250000e+02
1.837671203613281250e+02
1.693120574951171875e+02
1.712942504882812500e+02
1.991574096679687500e+02
2.052272796630859375e+02
2.021072540283203125e+02
1.843800354003906250e+02
1.791286468505859375e+02
1.890744476318359375e+02
1.838719329833984375e+02
1.907989654541015625e+02
1.872380371093750000e+02
1.938653411865234375e+02
2.005411529541015625e+02
1.944773101806640625e+02
1.887603149414062500e+02
1.919279327392578125e+02
1.974914703369140625e+02
1.852527770996093750e+02
1.844734344482421875e+02
1.832262268066406250e+02
1.904515991210937500e+02
2.072096557617187500e+02
2.039540863037109375e+02
2.093877258300781250e+02
1.972400970458984375e+02
1.905774841308593750e+02
1.853546752929687500e+02
1.858029327392578125e+02
1.929799346923828125e+02
1.831791839599609375e+02
1.791997528076171875e+02
1.982676086425781250e+02
1.880608520507812500e+02
1.905776824951171875e+02
1.874007568359375000e+02
1.957497253417968750e+02
1.950926818847656250e+02
1.950367584228515625e+02
1.860169982910156250e+02
1.813171386718750000e+02
1.777049102783203125e+02
1.797728271484375000e+02
1.796663055419921875e+02
1.841524505615234375e+02
1.897337188720703125e+02
1.795674438476562500e+02
1.937053222656250000e+02
1.842100982666015625e+02
1.944929046630859375e+02
1.844103698730468750e+02
1.817164154052734375e+02
1.854292449951171875e+02
1.876587066650390625e+02
1.871554412841796875e+02
1.892314758300781250e+02
1.926521911621093750e+02
1.855348968505859375e+02
1.891402435302734375e+02
1.900861968994140625e+02
1.833560791015625000e+02
1.935643768310546875e+02
1.871513366699218750e+02
1.872534942626953125e+02
1.920180053710937500e+02
1.847497558593750000e+02
1.879456176757812500e+02
1.832059783935546875e+02
1.919486236572265625e+02
1.994368743896484375e+02
2.049582366943359375e+02
2.027211761474609375e+02
2.080255737304687500e+02
2.165411834716796875e+02
2.111935729980468750e+02
2.036596832275390625e+02
2.088575897216796875e+02
2.028697052001953125e+02
2.044471435546875000e+02
2.003836212158203125e+02
2.023043060302734375e+02
2.021903686523437500e+02
2.119242706298828125e+02
2.068622589111328125e+02
2.113860015869140625e+02
1.986032257080078125e+02
2.159126281738281250e+02
2.274747161865234375e+02
2.279556884765625000e+02
2.172009735107421875e+02
2.117544708251953125e+02
2.081787872314453125e+02
2.016927795410156250e+02
2.043747558593750000e+02
1.908441467285156250e+02
2.050230560302734375e+02
2.140461578369140625e+02
2.058217010498046875e+02
2.100482940673828125e+02
2.141998138427734375e+02
2.078443756103515625e+02
2.024269104003906250e+02
2.012463378906250000e+02
2.097113494873046875e+02
2.168711853027343750e+02
2.168199615478515625e+02
2.102144927978515625e+02
2.191111907958984375e+02
2.121602478027343750e+02
2.113076019287109375e+02
2.062044372558593750e+02
2.020775146484375000e+02
1.870270538330078125e+02
1.962660675048828125e+02
1.947350921630859375e+02
2.002064361572265625e+02
2.002650604248046875e+02
1.956140899658203125e+02
2.038455657958984375e+02
1.928949737548828125e+02
2.040097045898437500e+02
2.064382476806640625e+02
1.945475921630859375e+02
1.872788085937500000e+02
1.975637817382812500e+02
1.946026916503906250e+02
1.916147766113281250e+02
2.061370544433593750e+02
1.988906860351562500e+02
2.078873138427734375e+02
2.122226257324218750e+02
2.116825866699218750e+02
1.971778259277343750e+02
2.090017547607421875e+02
2.150800323486328125e+02
2.154215393066406250e+02
2.085948638916015625e+02
2.187025756835937500e+02
2.214219970703125000e+02
2.152623748779296875e+02
2.303311614990234375e+02
2.247639617919921875e+02
2.183697204589843750e+02
2.209093780517578125e+02
2.230826263427734375e+02
2.237626037597656250e+02
2.237850952148437500e+02
2.280619659423828125e+02
2.172943725585937500e+02
2.220794219970703125e+02
2.350967559814453125e+02
2.096426849365234375e+02
2.163488769531250000e+02
2.229735565185546875e+02
2.118534851074218750e+02
2.209355926513671875e+02
2.147079010009765625e+02
2.321727752685546875e+02
2.259434356689453125e+02
2.230646514892578125e+02
2.206457824707031250e+02
2.214799804687500000e+02
2.119740905761718750e+02
2.281490631103515625e+02
2.354132385253906250e+02
2.182980194091796875e+02
2.356114501953125000e+02
2.236823730468750000e+02
2.189135894775390625e+02
2.247182769775390625e+02
2.302900695800781250e+02
2.507113800048828125e+02
2.334481811523437500e+02
2.372368469238281250e+02
2.348952026367187500e+02
2.441487426757812500e+02
2.548911285400390625e+02
2.383132781982421875e+02
2.345818328857421875e+02
2.334107666015625000e+02
2.369353179931640625e+02
2.390579376220703125e+02
2.294868469238281250e+02
2.273219299316406250e+02
2.394170989990234375e+02
2.325981903076171875e+02
2.480054321289062500e+02
2.464038696289062500e+02
2.453380584716796875e+02
2.608354492187500000e+02
2.456875610351562500e+02
2.381339416503906250e+02
2.440644378662109375e+02
2.397068176269531250e+02
2.427019042968750000e+02
2.377088470458984375e+02
2.372485961914062500e+02
2.639812011718750000e+02
2.343443756103515625e+02
2.448368682861328125e+02
2.663396301269531250e+02
2.560363159179687500e+02
2.631861267089843750e+02
2.632668762207031250e+02
2.637031250000000000e+02
2.614974975585937500e+02
2.699631347656250000e+02
2.792829895019531250e+02
2.837489318847656250e+02
2.678198242187500000e+02
2.590594482421875000e+02
2.683149719238281250e+02
2.570080871582031250e+02
2.674709472656250000e+02
2.671018676757812500e+02
2.679581298828125000e+02
2.781439514160156250e+02
2.997379455566406250e+02
2.868790588378906250e+02
2.997732543945312500e+02
3.069874877929687500e+02
3.061379394531250000e+02
2.832729187011718750e+02
2.738030090332031250e+02
3.004260253906250000e+02
2.818083190917968750e+02
2.905652770996093750e+02
3.043503417968750000e+02
2.995641174316406250e+02
3.014125671386718750e+02
2.978402709960937500e+02
2.988488159179687500e+02
3.130852050781250000e+02
3.049502258300781250e+02
2.999486389160156250e+02
3.112891845703125000e+02
3.039523315429687500e+02
2.967757568359375000e+02
3.024733276367187500e+02
3.033461608886718750e+02
3.161873779296875000e+02
3.065161743164062500e+02
3.228458251953125000e+02
3.193694458007812500e+02
3.199883117675781250e+02
3.156112976074218750e+02
3.223053894042968750e+02
3.078774108886718750e+02
3.253361816406250000e+02
3.495045776367187500e+02
3.296806945800781250e+02
3.236667480468750000e+02
3.538829345703125000e+02
3.152100830078125000e+02
3.099393615722656250e+02
2.973841857910156250e+02
3.151508483886718750e+02
3.070308837890625000e+02
3.361913757324218750e+02
3.460829772949218750e+02
3.544160461425781250e+02
3.256549072265625000e+02
3.409881286621093750e+02
3.429344482421875000e+02
3.358731994628906250e+02
3.445925598144531250e+02
3.391196899414062500e+02
3.529664306640625000e+02
3.778423156738281250e+02
3.529966125488281250e+02
3.518597412109375000e+02
3.332516174316406250e+02
3.331191101074218750e+02
3.404583435058593750e+02
3.401244201660156250e+02
3.308154296875000000e+02
3.453030395507812500e+02
3.471736755371093750e+02
3.399875488281250000e+02
3.543249206542968750e+02
3.580828857421875000e+02
3.709821777343750000e+02
3.714818725585937500e+02
3.631582336425781250e+02
3.772090148925781250e+02
3.637630004882812500e+02
3.540120239257812500e+02
3.901562805175781250e+02
3.810476684570312500e+02
3.880828552246093750e+02
3.791665649414062500e+02
4.096199035644531250e+02
3.911166992187500000e+02
3.941467590332031250e+02
3.880416564941406250e+02
3.902484436035156250e+02
3.738084106445312500e+02
3.870091857910156250e+02
3.728799438476562500e+02
3.597178649902343750e+02
3.786374816894531250e+02
3.835380554199218750e+02
4.147405700683593750e+02
3.954230041503906250e+02
4.117557983398437500e+02
3.907027893066406250e+02
4.074104309082031250e+02
4.282998046875000000e+02
3.823875427246093750e+02
3.977762451171875000e+02
3.940995483398437500e+02
3.910042419433593750e+02
3.950607910156250000e+02
3.799987487792968750e+02
3.813246765136718750e+02
3.857498779296875000e+02
3.844285278320312500e+02
3.834184875488281250e+02
3.930600280761718750e+02
3.812161865234375000e+02
3.958852233886718750e+02
3.936918029785156250e+02
3.894700927734375000e+02
3.794834289550781250e+02
3.814151306152343750e+02
3.979082336425781250e+02
3.806456909179687500e+02
3.926828002929687500e+02
3.885142517089843750e+02
4.078432312011718750e+02
4.164682006835937500e+02
4.261726684570312500e+02
4.087240600585937500e+02
4.175650024414062500e+02
4.082987060546875000e+02
4.278904418945312500e+02
4.134714965820312500e+02
4.262048950195312500e+02
4.038921508789062500e+02
3.861661682128906250e+02
4.002868041992187500e+02
3.982093811035156250e+02
4.273948974609375000e+02
4.119497070312500000e+02
4.238697814941406250e+02
4.145333862304687500e+02
4.012222290039062500e+02
4.381385192871093750e+02
4.166331176757812500e+02
4.254566955566406250e+02
4.294100036621093750e+02
4.109891967773437500e+02
4.295870666503906250e+02
4.557010498046875000e+02
4.205568847656250000e+02
4.493814392089843750e+02
4.526732177734375000e+02
4.451483154296875000e+02
4.401715087890625000e+02
4.290158996582031250e+02
4.166171264648437500e+02
4.144969482421875000e+02
4.432283630371093750e+02
4.459807434082031250e+02
4.069187011718750000e+02
4.135684509277343750e+02
4.377638244628906250e+02
4.296714477539062500e+02
4.198794860839843750e+02
4.449578857421875000e+02
4.352301940917968750e+02
4.607575073242187500e+02
4.639108276367187500e+02
4.785415039062500000e+02
4.638457641601562500e+02
4.753855590820312500e+02
4.363267822265625000e+02
4.429945678710937500e+02
4.547071228027343750e+02
4.196181335449218750e+02
4.319731140136718750e+02
4.209622802734375000e+02
3.962865600585937500e+02
4.272304992675781250e+02
4.168879699707031250e+02
4.190135498046875000e+02
4.164126892089843750e+02
4.299219970703125000e+02
4.606992187500000000e+02
4.411785583496093750e+02
4.422882995605468750e+02
4.542619628906250000e+02
4.207028503417968750e+02
4.351996765136718750e+02
4.071374206542968750e+02
4.264582519531250000e+02
4.491553344726562500e+02
4.225742797851562500e+02
4.094689941406250000e+02
4.405026550292968750e+02
4.295088806152343750e+02
4.337904663085937500e+02
4.595186462402343750e+02
4.563538818359375000e+02
4.493606872558593750e+02
4.361616821289062500e+02
4.477687988281250000e+02
4.432923889160156250e+02
4.315583190917968750e+02
4.761526489257812500e+02
4.628198852539062500e+02
4.639008789062500000e+02
5.283763427734375000e+02
4.785138244628906250e+02
4.444129028320312500e+02
4.210437622070312500e+02
4.491271362304687500e+02
4.406977539062500000e+02
4.220971679687500000e+02
4.344456787109375000e+02
4.501696777343750000e+02
4.212111206054687500e+02
4.068293762207031250e+02
4.358719787597656250e+02
4.423376159667968750e+02
4.684948730468750000e+02
4.540264892578125000e+02
4.665561218261718750e+02
4.399037170410156250e+02
4.268818664550781250e+02
4.545641174316406250e+02
4.769765014648437500e+02
4.458718261718750000e+02
4.510989990234375000e+02
4.501573181152343750e+02
4.516781005859375000e+02
4.742006835937500000e+02
4.656225891113281250e+02
4.504774169921875000e+02
4.935688781738281250e+02
5.006878662109375000e+02
4.938511352539062500e+02
5.001652221679687500e+02
4.800234985351562500e+02
4.774536743164062500e+02
4.980521545410156250e+02
5.152615966796875000e+02
4.654219970703125000e+02
4.537049255371093750e+02
4.830910644531250000e+02
4.762835693359375000e+02
4.710660095214843750e+02
5.010661926269531250e+02
4.935364074707031250e+02
5.100677795410156250e+02
5.229237060546875000e+02
4.696844482421875000e+02
4.886654052734375000e+02
4.844756164550781250e+02
5.061714782714843750e+02
4.957344665527343750e+02
4.767816162109375000e+02
4.897508544921875000e+02
5.091119079589843750e+02
5.026168823242187500e+02
4.719962768554687500e+02
4.745811462402343750e+02
5.031473693847656250e+02
4.880484313964843750e+02
4.895668029785156250e+02
4.678016357421875000e+02
4.738733215332031250e+02
4.918338012695312500e+02
4.952562561035156250e+02
4.975151367187500000e+02
4.931036987304687500e+02
4.874090881347656250e+02
4.734889526367187500e+02
5.003085021972656250e+02
4.748024291992187500e+02
5.131329956054687500e+02
5.209761352539062500e+02
5.269375610351562500e+02
4.931594238281250000e+02
5.068669433593750000e+02
4.935490112304687500e+02
5.254649047851562500e+02
5.010796813964843750e+02
5.121503295898437500e+02
4.988210754394531250e+02
5.144312133789062500e+02
5.193771972656250000e+02
5.244698486328125000e+02
5.265134887695312500e+02
5.200492553710937500e+02
4.604833679199218750e+02
5.046364135742187500e+02
5.112531433105468750e+02
4.942721252441406250e+02
5.245553588867187500e+02
4.991253662109375000e+02
4.810920715332031250e+02
4.579987487792968750e+02
4.597327575683593750e+02
4.729297180175781250e+02
4.446892395019531250e+02
4.631330261230468750e+02
4.759723205566406250e+02
4.932667846679687500e+02
4.841098327636718750e+02
4.718093261718750000e+02
4.772017211914062500e+02
4.585587463378906250e+02
4.523673706054687500e+02
4.564367675781250000e+02
4.746594848632812500e+02
4.801815490722656250e+02
4.984830322265625000e+02
4.558933715820312500e+02
4.523905639648437500e+02
4.867365722656250000e+02
4.888135070800781250e+02
4.945138854980468750e+02
4.653161926269531250e+02
5.198370971679687500e+02
4.684757995605468750e+02
4.837704162597656250e+02
4.758842468261718750e+02
4.674137573242187500e+02
4.880354919433593750e+02
4.636986083984375000e+02
4.750161132812500000e+02
4.860846862792968750e+02
5.266975097656250000e+02
5.093803100585937500e+02
5.066733703613281250e+02
5.031228027343750000e+02
5.053359985351562500e+02
5.182749023437500000e+02
5.195922851562500000e+02
5.184369506835937500e+02
5.103281555175781250e+02
4.919024353027343750e+02
4.877904357910156250e+02
5.132681274414062500e+02
4.893767395019531250e+02
5.142911987304687500e+02
5.206110229492187500e+02
5.214717407226562500e+02
4.993761901855468750e+02
4.911438598632812500e+02
4.930512084960937500e+02
4.927021484375000000e+02
5.384447631835937500e+02
5.122009887695312500e+02
5.117265319824218750e+02
5.047019958496093750e+02
4.926587524414062500e+02
4.860121459960937500e+02
5.047191772460937500e+02
5.115179443359375000e+02
4.936301879882812500e+02
5.114671325683593750e+02
5.343898315429687500e+02
5.163445434570312500e+02
4.942596130371093750e+02
4.882382507324218750e+02
4.894875488281250000e+02
4.920636291503906250e+02
4.982814636230468750e+02
4.931007385253906250e+02
5.044481506347656250e+02
5.086892395019531250e+02
5.523240966796875000e+02
5.166173095703125000e+02
5.484105224609375000e+02
5.250769042968750000e+02
5.666776123046875000e+02
5.585136108398437500e+02
5.282638549804687500e+02
5.313530273437500000e+02
5.694016113281250000e+02
5.644723510742187500e+02
5.579511108398437500e+02
5.553615112304687500e+02
5.392609252929687500e+02
5.471098632812500000e+02
5.248607177734375000e+02
5.345249633789062500e+02
5.112347412109375000e+02
5.395803222656250000e+02
5.430775146484375000e+02
5.327081298828125000e+02
5.175280761718750000e+02
5.639057617187500000e+02
5.352177734375000000e+02
5.159307250976562500e+02
5.448289794921875000e+02
5.406752929687500000e+02
5.269412231445312500e+02
5.490371093750000000e+02
5.010066833496093750e+02
5.312725830078125000e+02
5.369338989257812500e+02
5.515020141601562500e+02
5.274673461914062500e+02
5.997063598632812500e+02
5.632299194335937500e+02
5.206522216796875000e+02
5.312279052734375000e+02
5.074315490722656250e+02
5.191049194335937500e+02
5.402344970703125000e+02
5.665392456054687500e+02
5.435576782226562500e+02
5.463218994140625000e+02
5.669782714843750000e+02
5.960777587890625000e+02
5.629870605468750000e+02
5.598063964843750000e+02
5.717968139648437500e+02
6.175861816406250000e+02
5.779750976562500000e+02
5.415133056640625000e+02
5.983009643554687500e+02
5.311167602539062500e+02
5.535285034179687500e+02
5.430112304687500000e+02
5.523157958984375000e+02
5.526469116210937500e+02
5.477216186523437500e+02
5.706346435546875000e+02
5.458321533203125000e+02
5.541963500976562500e+02
5.774966430664062500e+02
5.465064086914062500e+02
5.619320068359375000e+02
5.746990966796875000e+02
5.927922973632812500e+02
5.615407714843750000e+02
5.706321411132812500e+02
5.855762329101562500e+02
5.910247802734375000e+02
6.215894775390625000e+02
6.019459838867187500e+02
5.704041137695312500e+02
5.945228271484375000e+02
5.775958862304687500e+02
6.061143188476562500e+02
5.779553222656250000e+02
5.747036132812500000e+02
6.005138549804687500e+02
6.216567382812500000e+02
6.294871215820312500e+02
6.036853637695312500e+02
6.211381835937500000e+02
6.024913330078125000e+02
6.144426269531250000e+02
6.280312500000000000e+02
6.030920410156250000e+02
6.309301757812500000e+02
6.045807495117187500e+02
6.171436157226562500e+02
6.450369262695312500e+02
6.345929565429687500e+02
6.596135864257812500e+02
6.761599731445312500e+02
6.611364135742187500e+02
6.400231323242187500e+02
6.305082397460937500e+02
6.710908813476562500e+02
6.809381103515625000e+02
6.643533325195312500e+02
6.785038452148437500e+02
6.650360107421875000e+02
6.810020751953125000e+02
6.723936157226562500e+02
6.850343627929687500e+02
6.605701293945312500e+02
6.629403076171875000e+02
6.776184082031250000e+02
6.782814941406250000e+02
6.946311035156250000e+02
7.043293457031250000e+02
7.034351196289062500e+02
6.772991943359375000e+02
7.023385009765625000e+02
6.673044433593750000e+02
6.631179809570312500e+02
6.808962402343750000e+02
6.978626098632812500e+02
6.954813842773437500e+02
6.958848876953125000e+02
6.924410400390625000e+02
7.256329345703125000e+02
6.945572509765625000e+02
7.620513916015625000e+02
7.186062622070312500e+02
7.311101074218750000e+02
7.201369018554687500e+02
7.514995117187500000e+02
7.494082031250000000e+02
7.504748535156250000e+02
7.220361328125000000e+02
7.213026733398437500e+02
7.191217651367187500e+02
7.215304565429687500e+02
7.160930175781250000e+02
7.596297607421875000e+02
7.153181152343750000e+02
7.482663574218750000e+02
7.465382690429687500e+02
7.487711181640625000e+02
7.653991088867187500e+02
8.047092895507812500e+02
7.795414428710937500e+02
7.555956420898437500e+02
7.536864624023437500e+02
7.503222656250000000e+02
7.184254760742187500e+02
7.551352539062500000e+02
7.760332641601562500e+02
8.189887695312500000e+02
8.203024902343750000e+02
7.980793457031250000e+02
7.922661132812500000e+02
7.731298828125000000e+02
8.051505126953125000e+02
8.023782348632812500e+02
7.831786499023437500e+02
8.193222656250000000e+02
7.953292236328125000e+02
7.958170166015625000e+02
8.032683105468750000e+02
8.387280273437500000e+02
8.480283813476562500e+02
8.269193725585937500e+02
8.416691284179687500e+02
8.719227294921875000e+02
8.223178710937500000e+02
8.172626953125000000e+02
8.068024902343750000e+02
8.238369750976562500e+02
8.588287963867187500e+02
8.472346801757812500e+02
8.461295166015625000e+02
9.185819702148437500e+02
9.241464843750000000e+02
8.595176391601562500e+02
8.495918579101562500e+02
8.656608276367187500e+02
8.684019775390625000e+02
8.923842773437500000e+02
9.480182495117187500e+02
9.806962890625000000e+02
9.139118041992187500e+02
9.705006713867187500e+02
9.880081176757812500e+02
9.422483520507812500e+02
1.146135375976562500e+03
1.022210449218750000e+03
9.211902465820312500e+02
9.716018676757812500e+02
9.438590087890625000e+02
9.730545654296875000e+02
9.528106079101562500e+02
1.008467407226562500e+03
9.971574096679687500e+02
1.038543334960937500e+03
9.716881103515625000e+02
1.038116577148437500e+03
1.013678344726562500e+03
9.904004516601562500e+02
1.019325378417968750e+03
1.000723266601562500e+03
1.015054016113281250e+03
9.958070068359375000e+02
1.011632019042968750e+03
1.041374633789062500e+03
1.030339965820312500e+03
1.021594726562500000e+03
1.022461669921875000e+03
1.057498413085937500e+03
1.042470336914062500e+03
1.062047729492187500e+03
1.064159423828125000e+03
1.063501220703125000e+03
1.053030151367187500e+03
1.028900146484375000e+03
1.056742553710937500e+03
1.084948730468750000e+03
1.065302734375000000e+03
1.033419555664062500e+03
1.062593750000000000e+03
1.088818359375000000e+03
1.090366821289062500e+03
1.107644531250000000e+03
1.115792480468750000e+03
1.094678466796875000e+03
1.091962036132812500e+03
1.103937133789062500e+03
1.081140380859375000e+03
1.094615356445312500e+03
1.101616699218750000e+03
1.099894165039062500e+03
1.109075195312500000e+03
1.141581787109375000e+03
1.076517456054687500e+03
1.054723510742187500e+03
1.091447021484375000e+03
1.090682006835937500e+03
1.135684692382812500e+03
1.109202026367187500e+03
1.145273925781250000e+03
1.127240356445312500e+03
1.131451293945312500e+03
1.113233886718750000e+03
1.137880249023437500e+03
1.116047607421875000e+03
1.113453735351562500e+03
1.143266967773437500e+03
1.133313232421875000e+03
1.153406005859375000e+03
1.182071044921875000e+03
1.120608520507812500e+03
1.123977172851562500e+03
1.134408935546875000e+03
1.203768554687500000e+03
1.178335205078125000e+03
1.128499511718750000e+03
1.139097045898437500e+03
1.145749145507812500e+03
1.197871337890625000e+03
1.212450805664062500e+03
1.253727539062500000e+03
1.222607299804687500e+03
1.240505004882812500e+03
1.267255615234375000e+03
1.194017944335937500e+03
1.175941772460937500e+03
1.222764526367187500e+03
1.240533447265625000e+03
1.275547241210937500e+03
1.280604248046875000e+03
1.289085205078125000e+03
1.228836791992187500e+03
1.232245483398437500e+03
1.268350463867187500e+03
1.221038940429687500e+03
1.249510498046875000e+03
1.285366943359375000e+03
1.266390258789062500e+03
1.222328491210937500e+03
1.313529052734375000e+03
1.319649291992187500e+03
1.311047729492187500e+03
1.278985107421875000e+03
1.318413940429687500e+03
1.288459350585937500e+03
1.262049560546875000e+03
1.297178710937500000e+03
1.277859252929687500e+03
1.240273803710937500e+03
1.283093139648437500e+03
1.251645751953125000e+03
1.290155029296875000e+03
1.271220458984375000e+03
1.305721191406250000e+03
1.322446777343750000e+03
1.328518554687500000e+03
1.376282836914062500e+03
1.395409301757812500e+03
1.422450195312500000e+03
1.392252685546875000e+03
1.416148925781250000e+03
1.463918457031250000e+03
1.496752929687500000e+03
1.444896484375000000e+03
1.412311401367187500e+03
1.363134521484375000e+03
1.378772827148437500e+03
1.359477539062500000e+03
1.437081542968750000e+03
1.451340087890625000e+03
1.403230712890625000e+03
1.425860839843750000e+03
1.368906738281250000e+03
1.334594238281250000e+03
1.387238037109375000e+03
1.373841918945312500e+03
1.353764160156250000e+03
1.395178588867187500e+03
1.374151000976562500e+03
1.336797241210937500e+03
1.377688110351562500e+03
1.395163696289062500e+03
1.449973632812500000e+03
1.416551757812500000e+03
1.399390258789062500e+03
1.365209960937500000e+03
1.387934692382812500e+03
1.427929565429687500e+03
1.498806518554687500e+03
1.471318237304687500e+03
1.474795532226562500e+03
1.481336425781250000e+03
1.528905639648437500e+03
1.534776000976562500e+03
1.465043701171875000e+03
1.492450927734375000e+03
1.478974243164062500e+03
1.509224243164062500e+03
1.478347045898437500e+03
1.521501831054687500e+03
1.537547851562500000e+03
1.560651245117187500e+03
1.477180053710937500e+03
1.547651367187500000e+03
1.481616943359375000e+03
1.503567993164062500e+03
1.511282958984375000e+03
1.517325805664062500e+03
1.590724853515625000e+03
1.575002197265625000e+03
1.617192504882812500e+03
1.656478881835937500e+03
1.684285522460937500e+03
1.646302734375000000e+03
1.617262695312500000e+03
1.624307495117187500e+03
1.593970703125000000e+03
1.579355957031250000e+03
1.548979370117187500e+03
1.584547729492187500e+03
1.578439331054687500e+03
1.619965576171875000e+03
1.629437500000000000e+03
1.670678344726562500e+03
1.647506347656250000e+03
1.634783203125000000e+03
1.673564575195312500e+03
1.594788940429687500e+03
1.652480468750000000e+03
1.607891235351562500e+03
1.711792480468750000e+03
1.678750854492187500e+03
1.743504394531250000e+03
1.712211791992187500e+03
1.721379272460937500e+03
1.706665161132812500e+03
