0.000000000000000000e+00
1.452157735824584961e+00
1.349282622337341309e+00
1.800101995468139648e+00
1.801812410354614258e+00
1.895026445388793945e+00
1.723168492317199707e+00
1.659744381904602051e+00
1.656050801277160645e+00
1.637156248092651367e+00
1.608905434608459473e+00
1.551117300987243652e+00
1.537460207939147949e+00
1.413005590438842773e+00
1.367764353752136230e+00
1.250716924667358398e+00
1.134572982788085938e+00
1.072150111198425293e+00
1.025456786155700684e+00
9.655756950378417969e-01
9.067960381507873535e-01
8.552082180976867676e-01
8.164438605308532715e-01
7.952694892883300781e-01
7.693419456481933594e-01
7.565735578536987305e-01
7.466346621513366699e-01
7.358402013778686523e-01
7.146363854408264160e-01
6.975352764129638672e-01
6.829723715782165527e-01
6.839444637298583984e-01
6.569945216178894043e-01
6.444413065910339355e-01
6.318569183349609375e-01
6.284824013710021973e-01
6.459979414939880371e-01
6.643011569976806641e-01
6.771911978721618652e-01
6.842402219772338867e-01
7.063278555870056152e-01
7.168719768524169922e-01
7.204530239105224609e-01
7.568033337593078613e-01
7.638663053512573242e-01
8.085786700248718262e-01
8.305823206901550293e-01
8.411319851875305176e-01
9.308719635009765625e-01
9.115533232688903809e-01
9.213787913322448730e-01
9.402684569358825684e-01
9.852393865585327148e-01
9.920926690101623535e-01
1.028914213180541992e+00
1.067079424858093262e+00
1.105805516242980957e+00
1.153829574584960938e+00
1.169059514999389648e+00
1.207365155220031738e+00
1.251028299331665039e+00
1.292177438735961914e+00
1.334648251533508301e+00
1.356135964393615723e+00
1.398480892181396484e+00
1.433556199073791504e+00
1.458836197853088379e+00
1.505223274230957031e+00
1.535997033119201660e+00
1.532525062561035156e+00
1.554885506629943848e+00
1.570644497871398926e+00
1.650557875633239746e+00
1.646275043487548828e+00
1.666904211044311523e+00
1.723864555358886719e+00
1.730202794075012207e+00
1.746093273162841797e+00
1.762831807136535645e+00
1.762703418731689453e+00
1.811599850654602051e+00
1.832206010818481445e+00
1.863778591156005859e+00
1.876107931137084961e+00
1.857465028762817383e+00
1.860378861427307129e+00
1.874403119087219238e+00
1.881482362747192383e+00
1.902140259742736816e+00
1.921298146247863770e+00
1.924882531166076660e+00
1.913334012031555176e+00
1.913425803184509277e+00
1.901309251785278320e+00
1.903888463973999023e+00
1.926660895347595215e+00
1.932958841323852539e+00
1.936343669891357422e+00
1.900298953056335449e+00
1.903751254081726074e+00
1.937521934509277344e+00
1.926372528076171875e+00
1.952899098396301270e+00
1.985861063003540039e+00
1.947957634925842285e+00
1.949868798255920410e+00
1.988245606422424316e+00
1.962577342987060547e+00
1.992713093757629395e+00
1.953340172767639160e+00
2.017928600311279297e+00
4.834011554718017578e+00
4.370484352111816406e+00
4.208851337432861328e+00
4.003579616546630859e+00
3.635686635971069336e+00
3.677886247634887695e+00
3.393019199371337891e+00
3.291740894317626953e+00
3.255005359649658203e+00
3.141200065612792969e+00
3.220647335052490234e+00
3.107059478759765625e+00
3.209151983261108398e+00
3.101438522338867188e+00
3.027795553207397461e+00
2.955674886703491211e+00
3.053565502166748047e+00
3.096893072128295898e+00
3.018448829650878906e+00
2.974391222000122070e+00
2.879166364669799805e+00
2.932047128677368164e+00
3.050648927688598633e+00
2.995361089706420898e+00
3.028563261032104492e+00
3.152783870697021484e+00
3.083116292953491211e+00
3.128710746765136719e+00
3.101888179779052734e+00
3.280756235122680664e+00
3.371399879455566406e+00
3.349573612213134766e+00
3.575124502182006836e+00
3.548315525054931641e+00
3.500126361846923828e+00
3.526472568511962891e+00
3.503823995590209961e+00
3.564231634140014648e+00
3.471637487411499023e+00
3.663664102554321289e+00
3.483614206314086914e+00
3.521543502807617188e+00
3.438541173934936523e+00
3.505940198898315430e+00
3.429087162017822266e+00
3.605927467346191406e+00
3.439797878265380859e+00
3.441961050033569336e+00
6.219897270202636719e+00
7.316207885742187500e+00
6.785020351409912109e+00
5.903591632843017578e+00
9.552829742431640625e+00
6.986307144165039062e+00
6.939850807189941406e+00
6.364900588989257812e+00
6.375214099884033203e+00
6.346907615661621094e+00
6.188220500946044922e+00
6.008238315582275391e+00
5.706055164337158203e+00
5.636986255645751953e+00
5.606531143188476562e+00
5.337860584259033203e+00
5.148651599884033203e+00
4.953782558441162109e+00
4.969561576843261719e+00
4.999455928802490234e+00
6.390120983123779297e+00
6.268421173095703125e+00
6.385859489440917969e+00
5.540599822998046875e+00
5.758219718933105469e+00
5.827095508575439453e+00
5.621388435363769531e+00
5.373602867126464844e+00
5.334320545196533203e+00
5.181353569030761719e+00
5.120887279510498047e+00
5.096442222595214844e+00
5.106394767761230469e+00
5.030665874481201172e+00
5.016739368438720703e+00
7.233056545257568359e+00
6.490486145019531250e+00
6.240416049957275391e+00
5.890998840332031250e+00
5.885200500488281250e+00
5.645555496215820312e+00
5.720691204071044922e+00
5.700309753417968750e+00
5.209301471710205078e+00
5.322161197662353516e+00
5.293239593505859375e+00
5.331349372863769531e+00
5.349990367889404297e+00
5.310708522796630859e+00
5.165871143341064453e+00
5.314728260040283203e+00
5.267706871032714844e+00
5.413870334625244141e+00
5.247757911682128906e+00
5.375082969665527344e+00
5.187703132629394531e+00
5.319159984588623047e+00
5.364477157592773438e+00
5.115050315856933594e+00
5.289414882659912109e+00
5.173676490783691406e+00
5.156903266906738281e+00
5.169077873229980469e+00
5.366240978240966797e+00
5.379479408264160156e+00
5.333774089813232422e+00
5.311630249023437500e+00
5.563569545745849609e+00
5.556242942810058594e+00
5.393693447113037109e+00
5.291178226470947266e+00
5.689455032348632812e+00
5.661035060882568359e+00
5.554666042327880859e+00
5.494617938995361328e+00
5.661458492279052734e+00
5.605897426605224609e+00
5.563960552215576172e+00
5.517147064208984375e+00
7.372022628784179688e+00
6.690005779266357422e+00
6.531126022338867188e+00
6.820184707641601562e+00
7.955916881561279297e+00
7.697565555572509766e+00
7.934529304504394531e+00
8.017407417297363281e+00
8.751166343688964844e+00
7.816682815551757812e+00
7.856627941131591797e+00
7.711257934570312500e+00
7.640496253967285156e+00
7.501793384552001953e+00
7.751879215240478516e+00
7.430102348327636719e+00
7.288621425628662109e+00
7.218371868133544922e+00
7.337034225463867188e+00
7.181464672088623047e+00
7.320145130157470703e+00
7.411571502685546875e+00
6.713929176330566406e+00
7.148426532745361328e+00
8.031680107116699219e+00
7.945964813232421875e+00
8.300968170166015625e+00
9.056834220886230469e+00
8.621017456054687500e+00
8.424236297607421875e+00
8.258863449096679688e+00
8.414462089538574219e+00
9.733053207397460938e+00
9.341072082519531250e+00
9.159491539001464844e+00
8.958555221557617188e+00
8.669718742370605469e+00
8.760283470153808594e+00
8.712794303894042969e+00
1.056222057342529297e+01
9.297865867614746094e+00
1.057060146331787109e+01
9.480063438415527344e+00
1.000539875030517578e+01
9.320403099060058594e+00
9.431009292602539062e+00
8.827512741088867188e+00
9.089742660522460938e+00
8.999634742736816406e+00
1.011152935028076172e+01
9.494287490844726562e+00
9.659991264343261719e+00
9.545089721679687500e+00
9.497830390930175781e+00
9.462227821350097656e+00
9.610555648803710938e+00
9.445648193359375000e+00
9.506411552429199219e+00
9.973957061767578125e+00
9.476862907409667969e+00
9.460906028747558594e+00
9.297175407409667969e+00
9.896515846252441406e+00
9.263843536376953125e+00
9.055189132690429688e+00
9.368158340454101562e+00
8.858232498168945312e+00
9.312167167663574219e+00
9.140460968017578125e+00
9.127682685852050781e+00
9.453080177307128906e+00
9.267198562622070312e+00
9.045514106750488281e+00
8.894461631774902344e+00
9.050990104675292969e+00
8.812863349914550781e+00
9.166908264160156250e+00
9.047611236572265625e+00
8.703490257263183594e+00
8.688481330871582031e+00
8.681818008422851562e+00
8.532252311706542969e+00
8.572744369506835938e+00
8.823259353637695312e+00
8.946837425231933594e+00
8.868972778320312500e+00
8.687414169311523438e+00
8.458867073059082031e+00
8.686715126037597656e+00
9.016091346740722656e+00
8.694876670837402344e+00
8.711106300354003906e+00
8.931717872619628906e+00
8.567235946655273438e+00
8.877922058105468750e+00
9.679656028747558594e+00
9.579490661621093750e+00
9.127772331237792969e+00
9.520363807678222656e+00
9.053905487060546875e+00
9.104959487915039062e+00
9.280158042907714844e+00
9.135623931884765625e+00
9.269421577453613281e+00
9.201291084289550781e+00
9.417987823486328125e+00
9.636638641357421875e+00
9.446156501770019531e+00
9.214941024780273438e+00
9.051337242126464844e+00
9.474227905273437500e+00
9.305063247680664062e+00
1.218223667144775391e+01
1.131546688079833984e+01
1.238235569000244141e+01
1.138842582702636719e+01
1.082614135742187500e+01
1.052320957183837891e+01
1.059530067443847656e+01
1.065142154693603516e+01
1.078996849060058594e+01
1.053969860076904297e+01
1.062929725646972656e+01
1.102503871917724609e+01
1.048520565032958984e+01
1.051854896545410156e+01
1.066760730743408203e+01
1.030386924743652344e+01
1.129392337799072266e+01
1.119506454467773438e+01
1.105957221984863281e+01
1.139029312133789062e+01
1.095715999603271484e+01
1.120810794830322266e+01
1.108066272735595703e+01
1.092073154449462891e+01
1.047315597534179688e+01
1.042982387542724609e+01
1.259200763702392578e+01
1.214348411560058594e+01
1.276986122131347656e+01
1.246198177337646484e+01
1.201048851013183594e+01
1.151665401458740234e+01
1.158485603332519531e+01
1.334781837463378906e+01
1.307211399078369141e+01
1.245266819000244141e+01
1.385318470001220703e+01
1.470621299743652344e+01
1.442000579833984375e+01
1.444144248962402344e+01
1.391064739227294922e+01
1.392252445220947266e+01
1.470992469787597656e+01
1.508014011383056641e+01
1.491716384887695312e+01
1.494844722747802734e+01
1.463829135894775391e+01
1.461114406585693359e+01
1.419251346588134766e+01
1.464497470855712891e+01
1.428657150268554688e+01
1.475260734558105469e+01
1.423281097412109375e+01
1.431152629852294922e+01
1.499371910095214844e+01
1.391892623901367188e+01
1.444999027252197266e+01
1.366000652313232422e+01
1.405382633209228516e+01
1.454424571990966797e+01
1.561265277862548828e+01
1.531531429290771484e+01
1.557332038879394531e+01
1.620952606201171875e+01
1.631287765502929688e+01
1.526605892181396484e+01
1.559026145935058594e+01
1.574737167358398438e+01
1.659617614746093750e+01
1.820377731323242188e+01
1.842772102355957031e+01
1.746186637878417969e+01
1.665637969970703125e+01
1.808999443054199219e+01
1.751980590820312500e+01
1.710959815979003906e+01
1.816408157348632812e+01
1.766642570495605469e+01
1.834710884094238281e+01
1.715969085693359375e+01
1.787887573242187500e+01
1.752130699157714844e+01
1.782074546813964844e+01
1.793080902099609375e+01
1.757603836059570312e+01
1.838922882080078125e+01
1.772273254394531250e+01
1.754527664184570312e+01
1.891179275512695312e+01
2.017356681823730469e+01
2.058516120910644531e+01
1.886886787414550781e+01
1.950354385375976562e+01
1.943401336669921875e+01
1.910109329223632812e+01
1.990516853332519531e+01
2.024288749694824219e+01
1.928246879577636719e+01
1.980095481872558594e+01
2.002504539489746094e+01
2.044352340698242188e+01
1.946125411987304688e+01
2.005618667602539062e+01
2.140167999267578125e+01
2.146396255493164062e+01
2.094485473632812500e+01
2.094002723693847656e+01
2.092921829223632812e+01
2.201589775085449219e+01
2.238430023193359375e+01
2.102929496765136719e+01
2.109363746643066406e+01
2.288844490051269531e+01
2.279742622375488281e+01
2.339201927185058594e+01
2.440262031555175781e+01
2.359948348999023438e+01
2.429568672180175781e+01
2.469425773620605469e+01
2.435257720947265625e+01
2.408545684814453125e+01
2.384446334838867188e+01
2.377826118469238281e+01
2.373825645446777344e+01
2.450224304199218750e+01
2.359648895263671875e+01
2.407660484313964844e+01
2.471800231933593750e+01
2.632668685913085938e+01
2.673829269409179688e+01
2.640708351135253906e+01
2.641141319274902344e+01
2.608043670654296875e+01
2.650993537902832031e+01
2.572558593750000000e+01
2.579674148559570312e+01
2.833724212646484375e+01
2.612225723266601562e+01
2.639444732666015625e+01
2.718772697448730469e+01
2.635325813293457031e+01
2.598335075378417969e+01
2.841951179504394531e+01
2.666061782836914062e+01
2.651535224914550781e+01
2.784535598754882812e+01
2.706868362426757812e+01
2.809145736694335938e+01
3.002291679382324219e+01
3.000555992126464844e+01
2.879302597045898438e+01
2.953610229492187500e+01
3.068017005920410156e+01
3.079057121276855469e+01
3.181799697875976562e+01
3.165414047241210938e+01
3.103026962280273438e+01
3.102323532104492188e+01
3.243184280395507812e+01
3.267522048950195312e+01
3.331556320190429688e+01
3.303454589843750000e+01
3.241061019897460938e+01
3.381576919555664062e+01
3.468598175048828125e+01
3.298878097534179688e+01
3.370243835449218750e+01
3.251460647583007812e+01
3.306077575683593750e+01
3.208902740478515625e+01
3.537514114379882812e+01
3.467646026611328125e+01
3.520978927612304688e+01
3.539377593994140625e+01
3.523593902587890625e+01
3.479354858398437500e+01
3.697714614868164062e+01
3.654457855224609375e+01
3.698385238647460938e+01
3.579407882690429688e+01
3.754557800292968750e+01
3.674571990966796875e+01
3.717406082153320312e+01
3.793877029418945312e+01
3.906370925903320312e+01
3.746305847167968750e+01
3.864594650268554688e+01
3.818473052978515625e+01
4.046415710449218750e+01
3.934062576293945312e+01
3.950291442871093750e+01
3.867671203613281250e+01
4.378569412231445312e+01
4.308088302612304688e+01
4.221689605712890625e+01
4.299183273315429688e+01
4.369749069213867188e+01
4.263024139404296875e+01
4.252096176147460938e+01
4.152520370483398438e+01
4.120177841186523438e+01
4.197238159179687500e+01
4.394379043579101562e+01
4.406752014160156250e+01
4.122427749633789062e+01
4.101574707031250000e+01
4.289842987060546875e+01
4.234493255615234375e+01
4.395331192016601562e+01
4.288018417358398438e+01
4.357536697387695312e+01
4.254436874389648438e+01
4.524350738525390625e+01
4.438256072998046875e+01
4.302174377441406250e+01
4.462513351440429688e+01
4.496679306030273438e+01
4.556103134155273438e+01
4.675284576416015625e+01
4.759768295288085938e+01
4.834166336059570312e+01
4.853209304809570312e+01
4.792182159423828125e+01
4.649459457397460938e+01
4.666810989379882812e+01
4.754953384399414062e+01
4.849667739868164062e+01
4.831660079956054688e+01
4.744618988037109375e+01
5.069435882568359375e+01
5.281723785400390625e+01
5.417192077636718750e+01
5.350388336181640625e+01
5.144684219360351562e+01
5.412017059326171875e+01
5.284188842773437500e+01
5.467269134521484375e+01
5.262527465820312500e+01
5.469057846069335938e+01
5.505927658081054688e+01
5.162826156616210938e+01
5.497606658935546875e+01
5.469963455200195312e+01
5.594794082641601562e+01
5.601937484741210938e+01
5.508448410034179688e+01
5.472002029418945312e+01
5.609633636474609375e+01
5.449209213256835938e+01
5.584499359130859375e+01
5.551184463500976562e+01
5.530752182006835938e+01
5.461172485351562500e+01
5.362891387939453125e+01
5.586764907836914062e+01
5.525849914550781250e+01
5.588133621215820312e+01
5.633914184570312500e+01
5.653636550903320312e+01
5.596128082275390625e+01
5.586792373657226562e+01
5.448492813110351562e+01
5.727412414550781250e+01
5.768871688842773438e+01
5.814138793945312500e+01
5.763357543945312500e+01
5.766946792602539062e+01
5.616581726074218750e+01
5.792458343505859375e+01
5.921731948852539062e+01
6.062420272827148438e+01
6.058717727661132812e+01
6.168181228637695312e+01
6.055233764648437500e+01
5.998292922973632812e+01
6.087762451171875000e+01
5.888905715942382812e+01
6.231432723999023438e+01
6.159347152709960938e+01
6.138368606567382812e+01
6.109758758544921875e+01
6.390671920776367188e+01
6.400972747802734375e+01
6.386159515380859375e+01
6.587399291992187500e+01
6.466366577148437500e+01
6.220596694946289062e+01
6.285671234130859375e+01
6.407505798339843750e+01
6.505937957763671875e+01
6.284472656250000000e+01
6.987553405761718750e+01
6.561645507812500000e+01
6.685092163085937500e+01
6.378206253051757812e+01
6.494294738769531250e+01
6.490229034423828125e+01
6.493505096435546875e+01
6.501527404785156250e+01
6.602511596679687500e+01
6.498376464843750000e+01
6.599979400634765625e+01
6.763687133789062500e+01
6.626841735839843750e+01
6.492071533203125000e+01
6.679451751708984375e+01
6.752082061767578125e+01
6.532073211669921875e+01
6.483466339111328125e+01
6.530770111083984375e+01
6.584841156005859375e+01
6.477665710449218750e+01
6.680905914306640625e+01
6.707366943359375000e+01
6.522764587402343750e+01
6.655035400390625000e+01
6.650505065917968750e+01
6.690447235107421875e+01
6.517634582519531250e+01
6.497348022460937500e+01
6.465344238281250000e+01
6.411515808105468750e+01
6.398808670043945312e+01
6.323924255371093750e+01
6.496230316162109375e+01
6.506130981445312500e+01
7.023728942871093750e+01
6.755274963378906250e+01
6.698642730712890625e+01
6.979272460937500000e+01
6.719446563720703125e+01
6.581175231933593750e+01
6.630594635009765625e+01
6.664120483398437500e+01
6.397935104370117188e+01
6.446263885498046875e+01
6.445083618164062500e+01
6.505258941650390625e+01
6.351405715942382812e+01
6.358499908447265625e+01
6.394626617431640625e+01
6.674599456787109375e+01
6.361947631835937500e+01
6.606854248046875000e+01
7.024674987792968750e+01
6.985427093505859375e+01
6.906760406494140625e+01
6.879917907714843750e+01
7.129292297363281250e+01
7.175821685791015625e+01
7.164402770996093750e+01
7.050381469726562500e+01
6.949082946777343750e+01
7.132485961914062500e+01
7.226836395263671875e+01
7.100096130371093750e+01
7.080352020263671875e+01
7.027329254150390625e+01
7.045954895019531250e+01
7.053642272949218750e+01
7.082006835937500000e+01
6.963372802734375000e+01
6.880120086669921875e+01
6.856154632568359375e+01
6.964768981933593750e+01
6.741854858398437500e+01
6.759998321533203125e+01
6.827557373046875000e+01
7.121379089355468750e+01
7.179656982421875000e+01
7.048313903808593750e+01
7.245769500732421875e+01
7.186970520019531250e+01
7.767591094970703125e+01
7.801212310791015625e+01
7.248310089111328125e+01
7.342457580566406250e+01
7.324634552001953125e+01
7.307046508789062500e+01
7.326761627197265625e+01
7.387889099121093750e+01
8.496393585205078125e+01
7.548452758789062500e+01
7.659868621826171875e+01
7.436215972900390625e+01
7.732139587402343750e+01
7.692293548583984375e+01
7.392423248291015625e+01
7.163835144042968750e+01
7.795167541503906250e+01
7.769515991210937500e+01
7.810803222656250000e+01
7.668823242187500000e+01
8.026709747314453125e+01
7.884069061279296875e+01
7.668576812744140625e+01
8.000633239746093750e+01
7.922562408447265625e+01
7.833283996582031250e+01
8.217070770263671875e+01
8.118682861328125000e+01
7.831173706054687500e+01
7.778984069824218750e+01
7.593560791015625000e+01
7.953710174560546875e+01
8.032478332519531250e+01
7.800432586669921875e+01
7.978906250000000000e+01
7.733951568603515625e+01
8.164854431152343750e+01
8.291746520996093750e+01
8.307752227783203125e+01
8.085745239257812500e+01
7.854076385498046875e+01
7.937552642822265625e+01
7.716456604003906250e+01
7.771651458740234375e+01
7.594420623779296875e+01
7.707728576660156250e+01
7.509506225585937500e+01
7.705130004882812500e+01
7.448864746093750000e+01
7.579687500000000000e+01
7.575371551513671875e+01
7.554689025878906250e+01
7.515304565429687500e+01
7.889621734619140625e+01
7.541902160644531250e+01
7.732201385498046875e+01
7.571296691894531250e+01
7.236180877685546875e+01
7.939871978759765625e+01
7.617618560791015625e+01
7.766534423828125000e+01
7.767332458496093750e+01
7.633768463134765625e+01
7.536006164550781250e+01
7.405376434326171875e+01
7.477811431884765625e+01
7.888230895996093750e+01
7.876195526123046875e+01
7.788163757324218750e+01
7.699712371826171875e+01
7.447144317626953125e+01
7.943975067138671875e+01
8.093189239501953125e+01
8.101070404052734375e+01
7.951837158203125000e+01
7.741579437255859375e+01
7.996067047119140625e+01
7.776798248291015625e+01
7.950378417968750000e+01
7.809751129150390625e+01
7.641221618652343750e+01
8.448586273193359375e+01
7.857872009277343750e+01
7.825998687744140625e+01
7.665049743652343750e+01
7.176461791992187500e+01
7.500218963623046875e+01
7.189095306396484375e+01
7.334524536132812500e+01
7.609473419189453125e+01
7.112732696533203125e+01
7.582884979248046875e+01
7.110816955566406250e+01
7.062593078613281250e+01
6.897541809082031250e+01
7.263958740234375000e+01
7.416107940673828125e+01
7.612898254394531250e+01
7.946994018554687500e+01
7.657250213623046875e+01
8.171147155761718750e+01
7.726600646972656250e+01
7.587139892578125000e+01
7.702775573730468750e+01
7.936287689208984375e+01
7.675151824951171875e+01
7.511592864990234375e+01
7.832897949218750000e+01
7.781770324707031250e+01
7.652153015136718750e+01
7.804804992675781250e+01
7.546463775634765625e+01
7.422126770019531250e+01
7.353010559082031250e+01
7.632058715820312500e+01
7.526836395263671875e+01
7.706998443603515625e+01
7.486000061035156250e+01
7.347762298583984375e+01
7.373881530761718750e+01
7.452201843261718750e+01
7.183568572998046875e+01
7.298870849609375000e+01
7.287513732910156250e+01
7.203892517089843750e+01
7.012242126464843750e+01
7.297023773193359375e+01
7.156002807617187500e+01
7.268353271484375000e+01
7.612934875488281250e+01
7.596415710449218750e+01
7.200730133056640625e+01
7.329045104980468750e+01
7.481681060791015625e+01
7.522254180908203125e+01
7.281567382812500000e+01
7.353710937500000000e+01
7.385678100585937500e+01
7.337400054931640625e+01
7.085076141357421875e+01
7.157746124267578125e+01
6.890016937255859375e+01
7.405316925048828125e+01
7.254008483886718750e+01
7.103230285644531250e+01
6.897735595703125000e+01
7.182423400878906250e+01
7.242010498046875000e+01
7.391175842285156250e+01
7.641615295410156250e+01
7.656343078613281250e+01
7.665818023681640625e+01
7.636442565917968750e+01
7.830690765380859375e+01
7.536535644531250000e+01
7.465024566650390625e+01
7.564254760742187500e+01
7.514320373535156250e+01
7.346644592285156250e+01
7.286466979980468750e+01
7.520289611816406250e+01
7.591881561279296875e+01
8.007867431640625000e+01
8.333251190185546875e+01
7.632431030273437500e+01
8.119960784912109375e+01
8.041479492187500000e+01
7.806529998779296875e+01
7.740435028076171875e+01
8.216632080078125000e+01
7.718614959716796875e+01
7.971848297119140625e+01
8.014597320556640625e+01
7.953498840332031250e+01
2.579489135742187500e+02
1.347770843505859375e+02
9.108273315429687500e+01
9.930453491210937500e+01
8.937086486816406250e+01
8.477684020996093750e+01
8.749214935302734375e+01
8.659259033203125000e+01
8.632095336914062500e+01
8.918688964843750000e+01
8.433068847656250000e+01
8.431491851806640625e+01
8.199637603759765625e+01
8.105515289306640625e+01
8.196833038330078125e+01
7.877406311035156250e+01
8.139085388183593750e+01
8.002701568603515625e+01
8.059017181396484375e+01
7.898899078369140625e+01
7.966905212402343750e+01
8.093794250488281250e+01
7.981421661376953125e+01
7.717389678955078125e+01
7.773152160644531250e+01
9.165614318847656250e+01
8.777537536621093750e+01
8.188251495361328125e+01
7.978720092773437500e+01
7.925304412841796875e+01
8.337890625000000000e+01
8.276556396484375000e+01
8.475323486328125000e+01
9.211979675292968750e+01
9.051696777343750000e+01
9.089235687255859375e+01
8.649550628662109375e+01
8.780820465087890625e+01
8.749320220947265625e+01
8.585326385498046875e+01
8.501229858398437500e+01
8.453195190429687500e+01
8.402754974365234375e+01
8.882353210449218750e+01
8.952569580078125000e+01
9.228828430175781250e+01
9.297418212890625000e+01
9.391220855712890625e+01
9.301215362548828125e+01
9.139498138427734375e+01
9.079854583740234375e+01
9.101998138427734375e+01
9.285581207275390625e+01
9.381816101074218750e+01
9.637647247314453125e+01
9.512410736083984375e+01
9.211693572998046875e+01
9.268511199951171875e+01
9.356459045410156250e+01
9.080487823486328125e+01
9.169597625732421875e+01
9.636925506591796875e+01
9.680249786376953125e+01
9.854362487792968750e+01
1.007758865356445312e+02
9.550831604003906250e+01
9.347136688232421875e+01
9.629900360107421875e+01
9.442372894287109375e+01
9.595311737060546875e+01
9.428145599365234375e+01
9.369165802001953125e+01
9.247842407226562500e+01
1.010138473510742188e+02
9.403276062011718750e+01
1.061847839355468750e+02
9.849438476562500000e+01
9.565391540527343750e+01
9.599919128417968750e+01
9.752619171142578125e+01
9.654609680175781250e+01
9.892065429687500000e+01
9.717981719970703125e+01
9.663670349121093750e+01
1.043746719360351562e+02
1.064389038085937500e+02
1.013185043334960938e+02
1.003696746826171875e+02
1.051829071044921875e+02
1.027099990844726562e+02
1.063474731445312500e+02
1.045166854858398438e+02
9.999546813964843750e+01
1.022145538330078125e+02
1.002275924682617188e+02
1.054401626586914062e+02
1.050683898925781250e+02
1.025800628662109375e+02
1.032157440185546875e+02
1.058920593261718750e+02
1.051716842651367188e+02
1.055121612548828125e+02
1.009551391601562500e+02
1.032532043457031250e+02
1.040680770874023438e+02
1.057903289794921875e+02
1.080879669189453125e+02
1.039073410034179688e+02
1.086271286010742188e+02
1.074869842529296875e+02
1.051456756591796875e+02
1.043407287597656250e+02
1.318981933593750000e+02
1.159827880859375000e+02
1.109347000122070312e+02
1.107689208984375000e+02
1.050117950439453125e+02
1.105409545898437500e+02
1.118089065551757812e+02
1.155450134277343750e+02
1.120352630615234375e+02
1.158086624145507812e+02
1.132710647583007812e+02
1.140565414428710938e+02
1.175890960693359375e+02
1.170925598144531250e+02
1.189904327392578125e+02
1.144886856079101562e+02
1.178401260375976562e+02
1.171217651367187500e+02
1.083195953369140625e+02
1.147171859741210938e+02
1.189918975830078125e+02
1.139919662475585938e+02
1.146218872070312500e+02
1.134768371582031250e+02
1.166965026855468750e+02
1.184401550292968750e+02
1.223040237426757812e+02
1.198973464965820312e+02
1.228519058227539062e+02
1.247313308715820312e+02
1.190739669799804688e+02
1.251254196166992188e+02
1.238609848022460938e+02
1.234206085205078125e+02
1.246321640014648438e+02
1.265853271484375000e+02
1.667023162841796875e+02
1.252526550292968750e+02
1.300334777832031250e+02
1.215149841308593750e+02
1.326184387207031250e+02
1.258192138671875000e+02
1.292996826171875000e+02
1.250611114501953125e+02
1.381091613769531250e+02
1.337712097167968750e+02
1.347316589355468750e+02
1.319526062011718750e+02
1.279236068725585938e+02
1.380109710693359375e+02
1.342420349121093750e+02
1.385105438232421875e+02
1.340375976562500000e+02
1.409695892333984375e+02
1.357152709960937500e+02
1.367652740478515625e+02
1.367221221923828125e+02
1.420197448730468750e+02
1.427637329101562500e+02
1.438376464843750000e+02
1.420452117919921875e+02
1.441605377197265625e+02
1.372188110351562500e+02
1.417637786865234375e+02
1.409680633544921875e+02
1.380939788818359375e+02
1.499963836669921875e+02
1.484868164062500000e+02
1.500433502197265625e+02
1.518708343505859375e+02
1.474024047851562500e+02
1.567653350830078125e+02
1.533561248779296875e+02
1.529539794921875000e+02
1.580228271484375000e+02
1.552182769775390625e+02
1.566506195068359375e+02
1.570537719726562500e+02
1.553988342285156250e+02
1.559354095458984375e+02
1.599894561767578125e+02
1.530418243408203125e+02
1.559279022216796875e+02
1.570371551513671875e+02
1.588134918212890625e+02
1.543777008056640625e+02
1.626043853759765625e+02
1.613181915283203125e+02
1.646914367675781250e+02
1.623562164306640625e+02
1.631766052246093750e+02
1.701201477050781250e+02
1.728923492431640625e+02
1.623960418701171875e+02
1.631340026855468750e+02
1.630925750732421875e+02
1.644995727539062500e+02
1.647250976562500000e+02
1.585378570556640625e+02
1.662498168945312500e+02
1.704592437744140625e+02
1.676695098876953125e+02
1.681845092773437500e+02
1.659693603515625000e+02
1.651654357910156250e+02
1.624590454101562500e+02
1.579712677001953125e+02
1.644813385009765625e+02
1.714011077880859375e+02
1.603934783935546875e+02
1.688121490478515625e+02
1.678424072265625000e+02
1.647069396972656250e+02
1.613554382324218750e+02
1.674865875244140625e+02
1.657861785888671875e+02
1.669129638671875000e+02
1.671755676269531250e+02
1.685425262451171875e+02
1.686271514892578125e+02
1.709361267089843750e+02
1.802304077148437500e+02
1.731679382324218750e+02
1.727749023437500000e+02
1.749616546630859375e+02
1.802103424072265625e+02
1.778044433593750000e+02
1.910005645751953125e+02
1.836999206542968750e+02
1.870584564208984375e+02
1.963885650634765625e+02
1.823532867431640625e+02
1.882189178466796875e+02
1.828217620849609375e+02
2.019452819824218750e+02
2.039088439941406250e+02
2.011495513916015625e+02
2.026670074462890625e+02
2.102409820556640625e+02
2.100221557617187500e+02
1.960019989013671875e+02
2.047087249755859375e+02
2.048041076660156250e+02
2.068707275390625000e+02
2.037664337158203125e+02
2.138043823242187500e+02
2.224453277587890625e+02
2.212139434814453125e+02
2.189075622558593750e+02
2.170672912597656250e+02
2.077974395751953125e+02
2.046676635742187500e+02
2.172978820800781250e+02
2.288493194580078125e+02
2.154871978759765625e+02
2.130088958740234375e+02
2.089420013427734375e+02
2.165161895751953125e+02
2.222658386230468750e+02
2.247896575927734375e+02
2.148911285400390625e+02
2.120590667724609375e+02
2.066673126220703125e+02
2.041714630126953125e+02
2.052179412841796875e+02
2.096048889160156250e+02
2.161982574462890625e+02
2.117591094970703125e+02
2.123289337158203125e+02
2.190639038085937500e+02
2.166227874755859375e+02
2.163101806640625000e+02
2.252584838867187500e+02
2.241076812744140625e+02
2.269214630126953125e+02
2.222009277343750000e+02
2.204589233398437500e+02
2.208368682861328125e+02
2.204552154541015625e+02
2.122043151855468750e+02
2.193774414062500000e+02
2.186129150390625000e+02
2.169541320800781250e+02
2.133673706054687500e+02
2.223409118652343750e+02
2.211626434326171875e+02
2.112046508789062500e+02
2.319391021728515625e+02
2.243945770263671875e+02
2.163604431152343750e+02
2.171640930175781250e+02
2.253643646240234375e+02
2.226546630859375000e+02
2.380951690673828125e+02
2.330197143554687500e+02
2.358934783935546875e+02
2.337267150878906250e+02
2.361688385009765625e+02
2.323941497802734375e+02
2.364323120117187500e+02
2.386167449951171875e+02
2.381741638183593750e+02
2.353716430664062500e+02
2.356255493164062500e+02
2.407678833007812500e+02
2.402972412109375000e+02
2.433458709716796875e+02
2.413253173828125000e+02
2.708995666503906250e+02
2.704844360351562500e+02
2.618961486816406250e+02
2.745441284179687500e+02
2.579269104003906250e+02
2.728058776855468750e+02
2.619023437500000000e+02
2.635194396972656250e+02
2.550860137939453125e+02
2.449291839599609375e+02
2.492081146240234375e+02
2.616601562500000000e+02
2.595656738281250000e+02
2.535332946777343750e+02
2.577811584472656250e+02
2.670086059570312500e+02
2.672353820800781250e+02
2.577682800292968750e+02
2.667221679687500000e+02
2.830216979980468750e+02
2.682954711914062500e+02
2.657760009765625000e+02
2.708017883300781250e+02
2.526540374755859375e+02
2.639064941406250000e+02
2.755589904785156250e+02
2.681599426269531250e+02
2.695593261718750000e+02
2.734710388183593750e+02
2.908607482910156250e+02
2.839841003417968750e+02
2.800323486328125000e+02
2.745679931640625000e+02
2.759343261718750000e+02
2.735989379882812500e+02
2.749254760742187500e+02
2.793219909667968750e+02
2.754758605957031250e+02
2.711261901855468750e+02
2.824848022460937500e+02
2.779373168945312500e+02
2.752822570800781250e+02
2.925098266601562500e+02
2.910348205566406250e+02
2.835972595214843750e+02
2.703887634277343750e+02
2.801786804199218750e+02
2.846232604980468750e+02
2.871249694824218750e+02
2.787024536132812500e+02
2.993199768066406250e+02
2.936017456054687500e+02
2.984873962402343750e+02
3.027443542480468750e+02
2.932659301757812500e+02
2.895382385253906250e+02
2.931643676757812500e+02
2.995772094726562500e+02
2.868050537109375000e+02
2.814254150390625000e+02
2.765571899414062500e+02
2.860027465820312500e+02
2.916768798828125000e+02
3.033335876464843750e+02
2.942947998046875000e+02
2.920839538574218750e+02
2.905939025878906250e+02
2.924226989746093750e+02
2.936592102050781250e+02
2.927935791015625000e+02
2.876088562011718750e+02
2.903161315917968750e+02
2.872539367675781250e+02
2.928669433593750000e+02
2.829019470214843750e+02
2.921353149414062500e+02
3.049244995117187500e+02
3.030677795410156250e+02
2.922277526855468750e+02
3.075145568847656250e+02
3.052124938964843750e+02
3.081436462402343750e+02
3.103911132812500000e+02
2.988816223144531250e+02
2.940966491699218750e+02
2.985935363769531250e+02
2.971804504394531250e+02
3.029544982910156250e+02
3.194729309082031250e+02
3.367561645507812500e+02
3.281536254882812500e+02
3.189961853027343750e+02
3.177712097167968750e+02
2.922959899902343750e+02
2.968648681640625000e+02
2.918461914062500000e+02
3.005820617675781250e+02
3.050919189453125000e+02
3.274699401855468750e+02
3.210324401855468750e+02
3.144859008789062500e+02
3.156696472167968750e+02
3.153510742187500000e+02
3.141444396972656250e+02
3.132672119140625000e+02
3.108972473144531250e+02
3.115769348144531250e+02
3.158420715332031250e+02
3.176899414062500000e+02
3.085720520019531250e+02
3.167371826171875000e+02
3.178516540527343750e+02
3.342600708007812500e+02
3.323271179199218750e+02
3.040079650878906250e+02
3.133356933593750000e+02
3.093821105957031250e+02
3.192063598632812500e+02
3.052011108398437500e+02
3.334200134277343750e+02
3.212811889648437500e+02
3.102403259277343750e+02
3.131375732421875000e+02
3.244107360839843750e+02
3.255482177734375000e+02
3.331381835937500000e+02
3.369326782226562500e+02
3.458614501953125000e+02
3.345627746582031250e+02
3.301203613281250000e+02
3.308316955566406250e+02
3.350918273925781250e+02
3.126714477539062500e+02
3.120543518066406250e+02
3.196447753906250000e+02
3.098945922851562500e+02
3.128267517089843750e+02
3.240416564941406250e+02
3.412356262207031250e+02
3.386295776367187500e+02
3.416153869628906250e+02
3.413924865722656250e+02
3.458321228027343750e+02
3.300866699218750000e+02
3.316693725585937500e+02
3.431991882324218750e+02
3.310480041503906250e+02
3.452706604003906250e+02
3.451917724609375000e+02
3.392653198242187500e+02
3.410737609863281250e+02
3.985939941406250000e+02
3.417508850097656250e+02
3.369405517578125000e+02
3.521276855468750000e+02
3.414845886230468750e+02
3.380039062500000000e+02
3.473498840332031250e+02
3.544175720214843750e+02
3.507309875488281250e+02
3.421974487304687500e+02
3.455080566406250000e+02
3.592097473144531250e+02
3.375129394531250000e+02
3.695606384277343750e+02
3.555802001953125000e+02
3.511496582031250000e+02
3.458557739257812500e+02
3.499469299316406250e+02
3.529245910644531250e+02
3.398154907226562500e+02
3.466944885253906250e+02
3.547985534667968750e+02
3.471591796875000000e+02
3.452495117187500000e+02
3.385475769042968750e+02
3.518293457031250000e+02
3.544991760253906250e+02
3.457820129394531250e+02
3.559197998046875000e+02
3.512689208984375000e+02
3.715628967285156250e+02
3.435893554687500000e+02
3.508307495117187500e+02
3.527726440429687500e+02
3.446571350097656250e+02
3.413401184082031250e+02
3.504088134765625000e+02
3.575785217285156250e+02
3.752313232421875000e+02
3.615825500488281250e+02
3.728040771484375000e+02
3.589317016601562500e+02
3.512341308593750000e+02
3.657466430664062500e+02
3.684809265136718750e+02
3.635476074218750000e+02
3.818114013671875000e+02
3.877875061035156250e+02
3.945275878906250000e+02
4.025807495117187500e+02
3.960036926269531250e+02
4.103601379394531250e+02
4.131858520507812500e+02
4.050808715820312500e+02
3.877435913085937500e+02
3.786096191406250000e+02
4.091841430664062500e+02
4.106246643066406250e+02
4.039510192871093750e+02
4.123042602539062500e+02
4.948640136718750000e+02
4.480468750000000000e+02
4.521903686523437500e+02
4.318444213867187500e+02
4.222427978515625000e+02
4.231024475097656250e+02
4.148410034179687500e+02
4.057166137695312500e+02
4.285213928222656250e+02
4.112445983886718750e+02
4.133585510253906250e+02
4.157766723632812500e+02
4.227118225097656250e+02
4.328756713867187500e+02
4.282093200683593750e+02
4.387446899414062500e+02
4.110015563964843750e+02
4.204242248535156250e+02
4.162364501953125000e+02
4.250236511230468750e+02
4.232907409667968750e+02
4.575408630371093750e+02
4.286526184082031250e+02
4.334800415039062500e+02
4.315204772949218750e+02
4.092495117187500000e+02
4.345091247558593750e+02
4.195734863281250000e+02
4.061350097656250000e+02
4.020679626464843750e+02
4.130748901367187500e+02
4.064136352539062500e+02
4.417368774414062500e+02
4.268219909667968750e+02
4.199302368164062500e+02
4.302086181640625000e+02
4.399274291992187500e+02
4.498153991699218750e+02
4.523887634277343750e+02
4.471748962402343750e+02
4.683505859375000000e+02
4.612426147460937500e+02
4.351927795410156250e+02
4.625306701660156250e+02
4.453459777832031250e+02
4.499880065917968750e+02
4.492213745117187500e+02
4.418031921386718750e+02
4.523034362792968750e+02
4.599700622558593750e+02
4.261685791015625000e+02
4.299031982421875000e+02
4.536943969726562500e+02
4.450897521972656250e+02
4.486934509277343750e+02
4.525494995117187500e+02
4.599576110839843750e+02
4.480316772460937500e+02
4.440129699707031250e+02
4.528110656738281250e+02
4.652749633789062500e+02
4.704860229492187500e+02
4.692666625976562500e+02
4.744754943847656250e+02
4.605392456054687500e+02
4.721473083496093750e+02
4.848625488281250000e+02
4.655635681152343750e+02
4.793972473144531250e+02
4.838345031738281250e+02
5.127170410156250000e+02
5.097629394531250000e+02
4.925807800292968750e+02
4.892093811035156250e+02
4.902523803710937500e+02
4.901938781738281250e+02
4.888728027343750000e+02
5.395682983398437500e+02
4.922256164550781250e+02
4.879986267089843750e+02
4.813864440917968750e+02
5.222100219726562500e+02
4.946389160156250000e+02
5.389432373046875000e+02
5.164400024414062500e+02
5.550596313476562500e+02
5.462201538085937500e+02
5.295175170898437500e+02
5.175926513671875000e+02
5.433678588867187500e+02
5.294428710937500000e+02
5.120554809570312500e+02
5.465435180664062500e+02
5.251524047851562500e+02
5.258093872070312500e+02
5.082021789550781250e+02
5.092168884277343750e+02
5.313696289062500000e+02
5.299870605468750000e+02
5.061325073242187500e+02
5.053386230468750000e+02
5.058283691406250000e+02
5.197817993164062500e+02
4.939725036621093750e+02
5.018968811035156250e+02
5.021820678710937500e+02
5.089799499511718750e+02
5.112595214843750000e+02
4.821541137695312500e+02
4.966440429687500000e+02
4.826070556640625000e+02
5.207810668945312500e+02
4.925608825683593750e+02
5.152992553710937500e+02
5.405516357421875000e+02
5.068138732910156250e+02
5.006089782714843750e+02
5.244302368164062500e+02
5.125319213867187500e+02
5.219051513671875000e+02
4.995101013183593750e+02
5.066162414550781250e+02
5.222640380859375000e+02
5.311281127929687500e+02
5.573233642578125000e+02
5.610476074218750000e+02
5.531834106445312500e+02
5.341143188476562500e+02
5.498696289062500000e+02
5.563076782226562500e+02
6.036068115234375000e+02
5.560247802734375000e+02
5.808461303710937500e+02
5.873068237304687500e+02
5.849441528320312500e+02
5.582548828125000000e+02
6.017124023437500000e+02
6.106677246093750000e+02
6.197938232421875000e+02
6.262964477539062500e+02
6.160754394531250000e+02
6.091996459960937500e+02
6.655303955078125000e+02
6.349151000976562500e+02
6.568770141601562500e+02
6.197694702148437500e+02
6.108913574218750000e+02
6.294224853515625000e+02
6.348886718750000000e+02
6.344329833984375000e+02
6.544736938476562500e+02
6.749398803710937500e+02
6.444022216796875000e+02
6.659249877929687500e+02
6.420021362304687500e+02
6.671491699218750000e+02
6.790888061523437500e+02
6.360910644531250000e+02
6.708703002929687500e+02
6.716457519531250000e+02
6.907898559570312500e+02
6.807844848632812500e+02
6.692287597656250000e+02
6.895166015625000000e+02
6.944265136718750000e+02
6.899833374023437500e+02
6.966287231445312500e+02
7.304793090820312500e+02
7.162062988281250000e+02
7.419757080078125000e+02
7.640004882812500000e+02
7.775332031250000000e+02
7.442372436523437500e+02
7.236147460937500000e+02
7.221973876953125000e+02
7.435131225585937500e+02
7.431178588867187500e+02
7.600823364257812500e+02
7.266959838867187500e+02
7.275386352539062500e+02
6.975969848632812500e+02
7.245435791015625000e+02
7.059981689453125000e+02
7.258806152343750000e+02
7.347497558593750000e+02
7.203943481445312500e+02
7.255616455078125000e+02
6.831993408203125000e+02
7.129520263671875000e+02
7.312644042968750000e+02
7.675444335937500000e+02
8.684780883789062500e+02
8.571891479492187500e+02
8.031245727539062500e+02
8.334646606445312500e+02
7.191802368164062500e+02
7.628148803710937500e+02
7.912500000000000000e+02
8.086823730468750000e+02
7.828572387695312500e+02
7.900765991210937500e+02
7.681759033203125000e+02
8.050036010742187500e+02
8.091777343750000000e+02
8.154866943359375000e+02
8.125946044921875000e+02
8.359067382812500000e+02
8.538217773437500000e+02
8.608071289062500000e+02
8.421952514648437500e+02
8.334584350585937500e+02
8.391610717773437500e+02
8.340426025390625000e+02
8.228551025390625000e+02
8.381375122070312500e+02
8.463623657226562500e+02
8.500825805664062500e+02
8.630019531250000000e+02
8.609486083984375000e+02
8.304082641601562500e+02
8.513450927734375000e+02
8.427122802734375000e+02
8.067592163085937500e+02
8.471968994140625000e+02
8.972221679687500000e+02
8.989826049804687500e+02
8.747230224609375000e+02
8.614401855468750000e+02
8.514010620117187500e+02
8.486093750000000000e+02
8.526425781250000000e+02
8.722969970703125000e+02
9.116560668945312500e+02
9.005208740234375000e+02
8.762047729492187500e+02
8.932628173828125000e+02
9.413617553710937500e+02
8.705062866210937500e+02
9.133958740234375000e+02
9.675895385742187500e+02
9.214375000000000000e+02
9.390041503906250000e+02
9.948552246093750000e+02
9.746443481445312500e+02
9.616804809570312500e+02
9.649407348632812500e+02
9.699962768554687500e+02
9.614324951171875000e+02
9.606771240234375000e+02
9.589644775390625000e+02
1.046869995117187500e+03
9.961464843750000000e+02
9.608397216796875000e+02
9.449970703125000000e+02
1.009768981933593750e+03
1.027948242187500000e+03
1.015004150390625000e+03
1.047959350585937500e+03
1.040715698242187500e+03
1.053283691406250000e+03
1.035539550781250000e+03
1.043205932617187500e+03
1.045015869140625000e+03
1.031574707031250000e+03
1.068728881835937500e+03
1.094388671875000000e+03
1.062374877929687500e+03
1.065039428710937500e+03
1.060325927734375000e+03
1.133963256835937500e+03
1.068328002929687500e+03
1.112014282226562500e+03
1.057454223632812500e+03
1.090161254882812500e+03
1.056226928710937500e+03
1.093092041015625000e+03
1.085191284179687500e+03
1.069103393554687500e+03
1.126227783203125000e+03
1.084600952148437500e+03
1.128362060546875000e+03
1.074206054687500000e+03
1.149916870117187500e+03
1.143955810546875000e+03
1.148290405273437500e+03
1.145396118164062500e+03
1.171866088867187500e+03
1.157887451171875000e+03
1.135165039062500000e+03
1.100285766601562500e+03
1.114978027343750000e+03
1.107279541015625000e+03
1.157704956054687500e+03
1.161432739257812500e+03
1.153956542968750000e+03
1.177960205078125000e+03
1.189515747070312500e+03
1.156376464843750000e+03
1.178081787109375000e+03
1.210040771484375000e+03
1.189564941406250000e+03
1.220621948242187500e+03
1.176722290039062500e+03
1.200282714843750000e+03
1.215506225585937500e+03
1.187003051757812500e+03
1.220300048828125000e+03
1.194528442382812500e+03
1.236077026367187500e+03
1.173431640625000000e+03
1.193863525390625000e+03
1.262579711914062500e+03
1.269522949218750000e+03
1.285546875000000000e+03
1.254778320312500000e+03
1.232729492187500000e+03
1.260783203125000000e+03
1.246143432617187500e+03
1.228531250000000000e+03
1.291347412109375000e+03
1.253496459960937500e+03
1.363944458007812500e+03
1.303213012695312500e+03
1.270529052734375000e+03
1.286983520507812500e+03
1.310797241210937500e+03
1.282574340820312500e+03
1.312375244140625000e+03
1.254082763671875000e+03
1.317544433593750000e+03
1.241147583007812500e+03
1.289560546875000000e+03
1.316453857421875000e+03
1.328013183593750000e+03
1.245087768554687500e+03
1.225324218750000000e+03
1.257136596679687500e+03
1.252333984375000000e+03
1.310079101562500000e+03
1.271890747070312500e+03
1.336701538085937500e+03
1.237313232421875000e+03
1.358889282226562500e+03
1.340164794921875000e+03
1.354440673828125000e+03
1.289948120117187500e+03
1.322573974609375000e+03
1.381280517578125000e+03
1.403921997070312500e+03
1.502354248046875000e+03
1.395437744140625000e+03
1.354756347656250000e+03
1.346869873046875000e+03
1.363003051757812500e+03
1.363496093750000000e+03
1.441344116210937500e+03
1.385827270507812500e+03
1.392314208984375000e+03
1.444729248046875000e+03
1.446940307617187500e+03
1.388753784179687500e+03
1.408274536132812500e+03
1.447077758789062500e+03
1.461675903320312500e+03
1.431015014648437500e+03
1.441393310546875000e+03
1.488644409179687500e+03
1.471320800781250000e+03
1.470349243164062500e+03
1.493631347656250000e+03
1.455357177734375000e+03
1.454006713867187500e+03
1.481966308593750000e+03
1.529448364257812500e+03
1.451572875976562500e+03
1.477052246093750000e+03
1.531877441406250000e+03
1.564077270507812500e+03
1.546410522460937500e+03
1.587090942382812500e+03
1.625686035156250000e+03
1.530321777343750000e+03
1.546583496093750000e+03
1.506912719726562500e+03
1.583560791015625000e+03
1.525009277343750000e+03
1.503140258789062500e+03
1.515000732421875000e+03
1.553951660156250000e+03
1.569285522460937500e+03
1.568718261718750000e+03
1.632921386718750000e+03
1.660942016601562500e+03
1.570077636718750000e+03
1.588259765625000000e+03
1.550792114257812500e+03
1.503850463867187500e+03
1.537872558593750000e+03
1.508440551757812500e+03
1.581086303710937500e+03
1.576512451171875000e+03
1.533513793945312500e+03
1.577235595703125000e+03
1.500626220703125000e+03
1.594660034179687500e+03
1.566028930664062500e+03
1.601694213867187500e+03
1.563024780273437500e+03
1.616066406250000000e+03
1.602190185546875000e+03
1.576839721679687500e+03
1.607758789062500000e+03
1.579500732421875000e+03
1.686052612304687500e+03
1.656943603515625000e+03
1.588119628906250000e+03
1.665115722656250000e+03
1.591030029296875000e+03
1.694462402343750000e+03
1.692847656250000000e+03
1.687485961914062500e+03
1.681462036132812500e+03
1.722286254882812500e+03
1.646038940429687500e+03
1.706288940429687500e+03
1.685945190429687500e+03
1.752321044921875000e+03
1.722848754882812500e+03
1.714645019531250000e+03
1.675203002929687500e+03
1.834328125000000000e+03
1.831519653320312500e+03
1.815715209960937500e+03
1.812907348632812500e+03
1.793403808593750000e+03
1.782055664062500000e+03
1.820019287109375000e+03
1.772196166992187500e+03
1.913651489257812500e+03
1.842116943359375000e+03
1.821755004882812500e+03
1.833302734375000000e+03
1.833423461914062500e+03
1.782029296875000000e+03
1.872498535156250000e+03
1.843675292968750000e+03
1.785608520507812500e+03
1.842840209960937500e+03
1.856137695312500000e+03
1.856965698242187500e+03
1.889734741210937500e+03
1.871033935546875000e+03
1.899734985351562500e+03
1.879654418945312500e+03
1.861968627929687500e+03
1.812275756835937500e+03
1.795505371093750000e+03
1.849758544921875000e+03
1.881844970703125000e+03
1.814646972656250000e+03
1.842115234375000000e+03
1.792078735351562500e+03
1.759260498046875000e+03
1.794384887695312500e+03
1.803966552734375000e+03
1.813212524414062500e+03
1.857488281250000000e+03
1.785806274414062500e+03
1.775310913085937500e+03
1.813397705078125000e+03
1.834286254882812500e+03
1.812420288085937500e+03
1.776006958007812500e+03
1.783051269531250000e+03
1.738262695312500000e+03
1.772202514648437500e+03
1.840504272460937500e+03
1.875432617187500000e+03
1.860717407226562500e+03
1.764000244140625000e+03
1.771519287109375000e+03
1.784119995117187500e+03
1.783351196289062500e+03
1.819083251953125000e+03
1.775978881835937500e+03
1.742901000976562500e+03
1.844391479492187500e+03
1.794031250000000000e+03
1.819553588867187500e+03
1.809818359375000000e+03
1.808961059570312500e+03
1.834201293945312500e+03
1.792924560546875000e+03
1.775786132812500000e+03
1.795503906250000000e+03
1.843193969726562500e+03
1.910443847656250000e+03
1.812604492187500000e+03
1.855091308593750000e+03
1.850154052734375000e+03
1.758754150390625000e+03
1.873181152343750000e+03
1.860457031250000000e+03
1.852467529296875000e+03
1.743124023437500000e+03
1.875088989257812500e+03
1.862509643554687500e+03
1.897515258789062500e+03
1.954997680664062500e+03
1.912926879882812500e+03
2.369584472656250000e+03
1.956109008789062500e+03
1.954741943359375000e+03
1.950172851562500000e+03
2.040627441406250000e+03
1.989753051757812500e+03
1.910932006835937500e+03
2.012498779296875000e+03
1.877170776367187500e+03
1.929003295898437500e+03
1.964341308593750000e+03
1.861502441406250000e+03
1.954498901367187500e+03
2.004229492187500000e+03
2.027378051757812500e+03
2.047439331054687500e+03
2.079136962890625000e+03
2.139543945312500000e+03
2.016775268554687500e+03
2.013528442382812500e+03
2.020386230468750000e+03
2.055693847656250000e+03
2.033319824218750000e+03
1.997838867187500000e+03
2.073490966796875000e+03
2.065841064453125000e+03
2.196986572265625000e+03
2.133260009765625000e+03
2.243020996093750000e+03
2.124994140625000000e+03
2.128002441406250000e+03
2.216825439453125000e+03
2.245760498046875000e+03
2.238229980468750000e+03
2.184212890625000000e+03
2.258430908203125000e+03
2.204563964843750000e+03
2.188840332031250000e+03
2.220247070312500000e+03
2.262962890625000000e+03
2.252127685546875000e+03
2.300510986328125000e+03
2.273940429687500000e+03
2.284178466796875000e+03
2.333343017578125000e+03
2.307772949218750000e+03
2.294239501953125000e+03
2.414502441406250000e+03
2.320176757812500000e+03
2.448909423828125000e+03
2.416440185546875000e+03
2.460003906250000000e+03
2.432713378906250000e+03
2.391851074218750000e+03
2.327642089843750000e+03
2.390885009765625000e+03
2.491555175781250000e+03
2.545794677734375000e+03
2.484794677734375000e+03
2.539873046875000000e+03
2.497069091796875000e+03
2.473126220703125000e+03
