0.000000000000000000e+00
0.000000000000000000e+00
1.277699947357177734e+00
1.242055177688598633e+00
1.284920811653137207e+00
1.280510544776916504e+00
1.233075618743896484e+00
1.159283876419067383e+00
1.122035145759582520e+00
1.151188015937805176e+00
1.237793445587158203e+00
1.210794210433959961e+00
1.147693395614624023e+00
1.117282509803771973e+00
1.060436725616455078e+00
1.021909952163696289e+00
9.835273027420043945e-01
9.622386693954467773e-01
9.497793912887573242e-01
9.308081269264221191e-01
9.337700009346008301e-01
9.124133586883544922e-01
8.872609734535217285e-01
8.719769120216369629e-01
8.691021800041198730e-01
8.555060029029846191e-01
8.460588455200195312e-01
8.260708451271057129e-01
8.277317285537719727e-01
8.043029904365539551e-01
7.959191799163818359e-01
7.729457616806030273e-01
7.428417205810546875e-01
7.326611280441284180e-01
7.084460258483886719e-01
7.020411491394042969e-01
6.923768520355224609e-01
6.852640509605407715e-01
6.896494030952453613e-01
6.938728094100952148e-01
7.450367212295532227e-01
7.570356726646423340e-01
8.023016452789306641e-01
8.293847441673278809e-01
8.658787012100219727e-01
8.904402256011962891e-01
1.010844945907592773e+00
1.074385523796081543e+00
1.114434838294982910e+00
1.152666211128234863e+00
1.194112181663513184e+00
1.234255909919738770e+00
1.280446171760559082e+00
1.332730174064636230e+00
1.362817406654357910e+00
1.410480737686157227e+00
1.483666539192199707e+00
1.554391264915466309e+00
1.636170864105224609e+00
1.684288978576660156e+00
1.741870641708374023e+00
1.808491230010986328e+00
1.886142373085021973e+00
1.935127735137939453e+00
1.985845208168029785e+00
2.102482795715332031e+00
2.128474473953247070e+00
2.136723279953002930e+00
2.227397680282592773e+00
2.307893037796020508e+00
2.317289113998413086e+00
2.350602149963378906e+00
2.421569824218750000e+00
2.516283512115478516e+00
2.607527256011962891e+00
2.628226995468139648e+00
2.674319744110107422e+00
2.697946310043334961e+00
2.769297361373901367e+00
2.765764951705932617e+00
2.841376543045043945e+00
2.853071212768554688e+00
2.868329763412475586e+00
2.840985298156738281e+00
2.918180942535400391e+00
2.925053119659423828e+00
2.887137174606323242e+00
3.020871400833129883e+00
3.024503469467163086e+00
3.041544437408447266e+00
3.043191909790039062e+00
3.051025390625000000e+00
3.067102432250976562e+00
3.109475135803222656e+00
3.094640254974365234e+00
3.155674219131469727e+00
3.297429084777832031e+00
3.226879358291625977e+00
3.349475145339965820e+00
3.221787929534912109e+00
3.197727680206298828e+00
3.110077857971191406e+00
3.106700181961059570e+00
3.161877393722534180e+00
3.208825826644897461e+00
3.210479974746704102e+00
3.183863162994384766e+00
3.175514698028564453e+00
3.396845102310180664e+00
8.952233314514160156e+00
7.534431934356689453e+00
7.982164382934570312e+00
6.332909107208251953e+00
7.008128166198730469e+00
6.424275398254394531e+00
6.110971450805664062e+00
5.588552951812744141e+00
5.408475875854492188e+00
5.423901557922363281e+00
5.001288890838623047e+00
5.296733379364013672e+00
4.906714916229248047e+00
4.906774044036865234e+00
5.028438091278076172e+00
4.828448295593261719e+00
4.786314010620117188e+00
4.805390834808349609e+00
4.623177528381347656e+00
4.663552284240722656e+00
4.453883171081542969e+00
4.585989475250244141e+00
4.439246177673339844e+00
4.435713768005371094e+00
4.432070255279541016e+00
4.976366043090820312e+00
5.047075271606445312e+00
4.778100013732910156e+00
4.844976902008056641e+00
4.692753314971923828e+00
5.097439765930175781e+00
4.848034381866455078e+00
4.730900287628173828e+00
4.676128864288330078e+00
4.837273597717285156e+00
4.742165088653564453e+00
4.787264823913574219e+00
4.733485221862792969e+00
4.745333194732666016e+00
4.624084472656250000e+00
4.646546363830566406e+00
4.557359218597412109e+00
4.455688476562500000e+00
4.433671951293945312e+00
4.348842144012451172e+00
4.436323165893554688e+00
8.792819023132324219e+00
7.657937049865722656e+00
8.540446281433105469e+00
7.493647575378417969e+00
7.448392391204833984e+00
7.216894626617431641e+00
7.149317264556884766e+00
6.903611183166503906e+00
6.431771755218505859e+00
5.663959980010986328e+00
6.406649589538574219e+00
6.286899089813232422e+00
6.122004985809326172e+00
6.157392024993896484e+00
6.007228374481201172e+00
5.722171306610107422e+00
5.976931095123291016e+00
5.653032779693603516e+00
5.707787990570068359e+00
5.542463779449462891e+00
7.206315517425537109e+00
7.105010509490966797e+00
6.627892971038818359e+00
6.362503528594970703e+00
7.808163166046142578e+00
7.574268817901611328e+00
7.104519367218017578e+00
6.814611434936523438e+00
7.000086784362792969e+00
6.679649353027343750e+00
6.789609432220458984e+00
6.935091018676757812e+00
6.776895999908447266e+00
6.449672698974609375e+00
6.361478328704833984e+00
6.716554164886474609e+00
6.373770713806152344e+00
6.411428451538085938e+00
6.263412952423095703e+00
6.327231884002685547e+00
6.094503402709960938e+00
6.150771141052246094e+00
6.320018768310546875e+00
6.152378082275390625e+00
6.275369167327880859e+00
6.251382827758789062e+00
6.297938346862792969e+00
6.137248039245605469e+00
6.172052860260009766e+00
6.185221195220947266e+00
6.243623733520507812e+00
6.127973556518554688e+00
6.204596042633056641e+00
6.134825229644775391e+00
6.237964153289794922e+00
6.198120117187500000e+00
6.209574222564697266e+00
6.241003513336181641e+00
6.183622360229492188e+00
6.250595569610595703e+00
7.331596374511718750e+00
9.359653472900390625e+00
9.296717643737792969e+00
8.956298828125000000e+00
9.566480636596679688e+00
9.270013809204101562e+00
1.144370174407958984e+01
1.103645515441894531e+01
1.068012142181396484e+01
1.031060981750488281e+01
1.057869911193847656e+01
1.075159072875976562e+01
1.343835926055908203e+01
1.307050228118896484e+01
1.234594535827636719e+01
1.295013904571533203e+01
1.296933937072753906e+01
1.363397884368896484e+01
1.337140846252441406e+01
1.220413398742675781e+01
1.223232650756835938e+01
1.387398242950439453e+01
1.376849174499511719e+01
1.292819118499755859e+01
1.270803356170654297e+01
1.253946113586425781e+01
1.252411746978759766e+01
1.229647541046142578e+01
1.392426586151123047e+01
1.357501411437988281e+01
1.332393646240234375e+01
1.300367450714111328e+01
1.292719554901123047e+01
1.331359195709228516e+01
1.345742988586425781e+01
1.453428936004638672e+01
1.461125564575195312e+01
1.401020526885986328e+01
1.492922115325927734e+01
1.575212478637695312e+01
1.444510173797607422e+01
1.512916278839111328e+01
1.658976936340332031e+01
1.705489730834960938e+01
1.708346939086914062e+01
1.642821502685546875e+01
1.595583152770996094e+01
1.624293518066406250e+01
1.530949878692626953e+01
1.534538555145263672e+01
1.542991828918457031e+01
1.538635158538818359e+01
1.530731105804443359e+01
1.535776329040527344e+01
1.485608959197998047e+01
1.509455966949462891e+01
1.537511157989501953e+01
1.434231185913085938e+01
1.490683364868164062e+01
1.456042385101318359e+01
1.446088695526123047e+01
1.482659816741943359e+01
1.469146919250488281e+01
1.479872417449951172e+01
1.474183559417724609e+01
1.432804489135742188e+01
1.444039630889892578e+01
1.437308120727539062e+01
1.509612464904785156e+01
1.445172309875488281e+01
1.422023677825927734e+01
1.464494132995605469e+01
1.506240653991699219e+01
1.437066364288330078e+01
1.466670513153076172e+01
1.425257587432861328e+01
1.447098064422607422e+01
1.443780708312988281e+01
1.504159355163574219e+01
1.452686119079589844e+01
1.454315948486328125e+01
1.442612075805664062e+01
1.492677593231201172e+01
1.516513633728027344e+01
1.438902664184570312e+01
1.504240894317626953e+01
1.536609363555908203e+01
1.425426959991455078e+01
1.472335052490234375e+01
1.499181079864501953e+01
1.426509380340576172e+01
1.473711872100830078e+01
1.480238723754882812e+01
1.463474655151367188e+01
1.453022766113281250e+01
1.478561019897460938e+01
1.498224163055419922e+01
1.438790798187255859e+01
1.460397815704345703e+01
1.484948635101318359e+01
1.485005664825439453e+01
1.417402553558349609e+01
1.607309341430664062e+01
1.635004615783691406e+01
1.564403057098388672e+01
1.596500968933105469e+01
1.607598304748535156e+01
1.618390274047851562e+01
1.623324394226074219e+01
1.620331382751464844e+01
1.546339416503906250e+01
1.566975784301757812e+01
1.644780540466308594e+01
1.577381420135498047e+01
1.618332290649414062e+01
1.593096733093261719e+01
1.613016510009765625e+01
1.584230136871337891e+01
1.593543815612792969e+01
1.572636890411376953e+01
1.586432456970214844e+01
1.604890823364257812e+01
1.578134727478027344e+01
1.571023082733154297e+01
1.765540504455566406e+01
1.686993789672851562e+01
1.646253967285156250e+01
1.676391029357910156e+01
1.676057624816894531e+01
1.723424911499023438e+01
1.673417472839355469e+01
1.739368820190429688e+01
1.764506340026855469e+01
1.761072158813476562e+01
1.689500617980957031e+01
1.700603485107421875e+01
1.618818855285644531e+01
1.673050498962402344e+01
1.657528495788574219e+01
1.665121841430664062e+01
1.609382438659667969e+01
1.647413825988769531e+01
1.620262908935546875e+01
1.788978576660156250e+01
1.705416679382324219e+01
1.693918037414550781e+01
1.771655845642089844e+01
1.724466133117675781e+01
1.791404342651367188e+01
1.737362098693847656e+01
1.799586105346679688e+01
1.719399261474609375e+01
1.655758094787597656e+01
1.706512451171875000e+01
1.713142776489257812e+01
1.723940467834472656e+01
1.712430953979492188e+01
1.699683952331542969e+01
1.758919906616210938e+01
1.669458389282226562e+01
1.709588432312011719e+01
1.747105407714843750e+01
1.690682792663574219e+01
1.841175460815429688e+01
1.738415908813476562e+01
1.944487190246582031e+01
1.816135215759277344e+01
1.765739631652832031e+01
1.812940406799316406e+01
1.906315040588378906e+01
1.747930145263671875e+01
1.854519462585449219e+01
1.867069816589355469e+01
1.879839324951171875e+01
1.849238204956054688e+01
1.883968544006347656e+01
1.855754280090332031e+01
1.831847572326660156e+01
1.855927085876464844e+01
1.950099945068359375e+01
1.907076263427734375e+01
2.142324256896972656e+01
2.113185119628906250e+01
2.057764244079589844e+01
2.152161026000976562e+01
2.037774658203125000e+01
2.056920242309570312e+01
2.082398033142089844e+01
2.066697692871093750e+01
2.059180259704589844e+01
2.037812423706054688e+01
2.046184158325195312e+01
1.975750350952148438e+01
2.033290481567382812e+01
1.990380859375000000e+01
2.112768936157226562e+01
2.114577293395996094e+01
2.049019622802734375e+01
2.087911796569824219e+01
2.159383201599121094e+01
2.220625686645507812e+01
2.124112701416015625e+01
2.132290267944335938e+01
2.088366317749023438e+01
2.140627670288085938e+01
2.085618019104003906e+01
2.060408210754394531e+01
2.010992050170898438e+01
2.028742218017578125e+01
2.007706260681152344e+01
2.069648170471191406e+01
2.077477645874023438e+01
2.125216102600097656e+01
1.970602416992187500e+01
2.093112945556640625e+01
2.246355247497558594e+01
2.262478446960449219e+01
2.157093811035156250e+01
2.207474136352539062e+01
5.889099502563476562e+01
2.599420356750488281e+01
2.682713127136230469e+01
2.466184997558593750e+01
2.493628501892089844e+01
2.445280838012695312e+01
2.418729209899902344e+01
2.468070220947265625e+01
2.554675674438476562e+01
2.451330947875976562e+01
2.357216835021972656e+01
2.380046081542968750e+01
2.491562271118164062e+01
2.564935302734375000e+01
2.523763275146484375e+01
2.562584877014160156e+01
2.590544891357421875e+01
2.559990310668945312e+01
2.600483131408691406e+01
2.479828643798828125e+01
2.528662109375000000e+01
2.504663276672363281e+01
2.589065551757812500e+01
2.690047454833984375e+01
2.784066009521484375e+01
2.884702110290527344e+01
2.755742073059082031e+01
2.873527145385742188e+01
2.859762573242187500e+01
2.973623466491699219e+01
3.018435096740722656e+01
2.919945716857910156e+01
3.016560554504394531e+01
3.021948432922363281e+01
2.987434768676757812e+01
2.999548530578613281e+01
3.222783279418945312e+01
3.282663345336914062e+01
3.260256195068359375e+01
3.266374969482421875e+01
3.121055984497070312e+01
3.047752571105957031e+01
3.295981979370117188e+01
3.119862937927246094e+01
3.139323806762695312e+01
3.174880599975585938e+01
2.982757568359375000e+01
3.293379592895507812e+01
3.386163711547851562e+01
3.373914718627929688e+01
3.554503250122070312e+01
3.427740478515625000e+01
3.388251495361328125e+01
3.283560943603515625e+01
3.346044921875000000e+01
3.314517593383789062e+01
3.206544494628906250e+01
3.245745849609375000e+01
3.312776565551757812e+01
3.230971908569335938e+01
3.125629234313964844e+01
3.129892921447753906e+01
3.214750289916992188e+01
3.104128074645996094e+01
3.078284263610839844e+01
3.042250633239746094e+01
3.103044891357421875e+01
3.166363716125488281e+01
3.275096130371093750e+01
3.283817291259765625e+01
3.377900314331054688e+01
3.868923568725585938e+01
3.816848754882812500e+01
3.816263961791992188e+01
3.646283340454101562e+01
3.500162887573242188e+01
3.662376403808593750e+01
3.745595550537109375e+01
3.704091262817382812e+01
3.697225570678710938e+01
3.820839691162109375e+01
3.694787216186523438e+01
3.683396148681640625e+01
3.747000122070312500e+01
3.528092956542968750e+01
3.862187194824218750e+01
3.889664077758789062e+01
3.778062438964843750e+01
3.694058990478515625e+01
3.776189041137695312e+01
3.672212219238281250e+01
3.630410766601562500e+01
3.580332183837890625e+01
3.610540008544921875e+01
3.916463470458984375e+01
3.898954391479492188e+01
3.870082092285156250e+01
3.934654617309570312e+01
3.880770492553710938e+01
3.720191574096679688e+01
3.738869857788085938e+01
3.800045394897460938e+01
3.655205535888671875e+01
3.728781127929687500e+01
3.806691360473632812e+01
3.685061264038085938e+01
3.657346725463867188e+01
3.641331863403320312e+01
3.618576812744140625e+01
3.577261734008789062e+01
3.639724349975585938e+01
3.606631088256835938e+01
3.586024093627929688e+01
3.614160156250000000e+01
3.775891876220703125e+01
3.538704681396484375e+01
3.772040176391601562e+01
3.674328613281250000e+01
3.607020950317382812e+01
3.729769515991210938e+01
3.923183441162109375e+01
3.893515396118164062e+01
3.862624740600585938e+01
3.859095382690429688e+01
3.902781295776367188e+01
4.042771530151367188e+01
4.016698455810546875e+01
3.863458633422851562e+01
3.963521194458007812e+01
4.001358032226562500e+01
4.009904861450195312e+01
3.925749969482421875e+01
4.038183975219726562e+01
4.180075073242187500e+01
4.068194580078125000e+01
4.094456100463867188e+01
4.089820861816406250e+01
3.975743484497070312e+01
4.067975997924804688e+01
4.011854171752929688e+01
4.072574996948242188e+01
4.153280258178710938e+01
4.214934539794921875e+01
4.167155456542968750e+01
4.025484466552734375e+01
3.978006362915039062e+01
4.248942565917968750e+01
4.211910247802734375e+01
4.416994476318359375e+01
4.335166549682617188e+01
4.214284133911132812e+01
4.432846832275390625e+01
4.340091323852539062e+01
4.232669067382812500e+01
4.703945159912109375e+01
4.568827438354492188e+01
4.592104721069335938e+01
4.300550842285156250e+01
4.275228500366210938e+01
4.106103897094726562e+01
4.231174087524414062e+01
4.344496917724609375e+01
4.378829193115234375e+01
4.628178787231445312e+01
4.403608703613281250e+01
4.236088943481445312e+01
4.743036651611328125e+01
4.690663909912109375e+01
4.784393692016601562e+01
4.555200958251953125e+01
4.638494491577148438e+01
4.504691696166992188e+01
4.452451705932617188e+01
4.433584213256835938e+01
4.586309814453125000e+01
4.596846008300781250e+01
4.787203216552734375e+01
4.999304962158203125e+01
5.058106231689453125e+01
4.764211654663085938e+01
4.837467956542968750e+01
4.682832717895507812e+01
4.550337600708007812e+01
4.853976821899414062e+01
4.619971466064453125e+01
4.794908523559570312e+01
4.726956176757812500e+01
4.688946151733398438e+01
4.544240570068359375e+01
4.415241241455078125e+01
4.577279281616210938e+01
4.523166656494140625e+01
4.612586975097656250e+01
4.548746109008789062e+01
4.434184265136718750e+01
4.512422943115234375e+01
4.646652221679687500e+01
4.452742004394531250e+01
4.553227615356445312e+01
4.850601577758789062e+01
4.472015762329101562e+01
4.616486740112304688e+01
4.683224868774414062e+01
4.600909423828125000e+01
4.785574340820312500e+01
4.739489746093750000e+01
5.043587493896484375e+01
5.398896026611328125e+01
5.093135070800781250e+01
5.293433761596679688e+01
5.482860946655273438e+01
5.293671417236328125e+01
5.126459503173828125e+01
5.029877471923828125e+01
5.169916915893554688e+01
5.303773498535156250e+01
5.591049957275390625e+01
5.676385116577148438e+01
5.261008834838867188e+01
5.296089553833007812e+01
5.968746566772460938e+01
5.664194488525390625e+01
5.523166275024414062e+01
5.714996719360351562e+01
5.618379974365234375e+01
5.923903656005859375e+01
5.768275833129882812e+01
5.797018432617187500e+01
5.917435455322265625e+01
5.940476226806640625e+01
5.983897018432617188e+01
5.984107208251953125e+01
6.151236724853515625e+01
6.307708740234375000e+01
6.271979522705078125e+01
6.507270812988281250e+01
6.126901245117187500e+01
6.412263488769531250e+01
6.331903076171875000e+01
6.346540451049804688e+01
6.148318862915039062e+01
6.218825149536132812e+01
6.089541244506835938e+01
6.026194000244140625e+01
5.946099090576171875e+01
6.050653839111328125e+01
5.978474426269531250e+01
6.176318740844726562e+01
6.282623291015625000e+01
6.424339294433593750e+01
6.330047225952148438e+01
6.146343612670898438e+01
6.277222061157226562e+01
6.477925872802734375e+01
6.437438964843750000e+01
6.146758651733398438e+01
6.483339691162109375e+01
6.655973815917968750e+01
6.548126220703125000e+01
6.304613113403320312e+01
6.446133422851562500e+01
6.516531372070312500e+01
6.171501159667968750e+01
6.436712646484375000e+01
6.438895416259765625e+01
6.435049438476562500e+01
6.459317779541015625e+01
6.745195770263671875e+01
6.531946563720703125e+01
6.248875427246093750e+01
6.296111679077148438e+01
6.419287872314453125e+01
6.501685333251953125e+01
6.357075500488281250e+01
6.543465423583984375e+01
6.447416687011718750e+01
6.315990447998046875e+01
6.568827819824218750e+01
6.514015960693359375e+01
6.823316955566406250e+01
6.556699371337890625e+01
6.509037017822265625e+01
6.629322052001953125e+01
6.376640319824218750e+01
6.443376922607421875e+01
6.518162536621093750e+01
6.398773574829101562e+01
6.242309188842773438e+01
6.421974182128906250e+01
6.234020996093750000e+01
6.233295440673828125e+01
6.242692565917968750e+01
6.397714996337890625e+01
7.001565551757812500e+01
6.608978271484375000e+01
6.538264465332031250e+01
6.684723663330078125e+01
6.373892211914062500e+01
6.586140441894531250e+01
6.749411010742187500e+01
6.377134323120117188e+01
6.404479980468750000e+01
6.751296997070312500e+01
6.573059844970703125e+01
6.547554016113281250e+01
6.465406799316406250e+01
6.943083190917968750e+01
6.958235931396484375e+01
6.850478363037109375e+01
6.527031707763671875e+01
6.310947799682617188e+01
6.419769287109375000e+01
6.898858642578125000e+01
6.832767486572265625e+01
6.504661560058593750e+01
6.746199798583984375e+01
6.364352416992187500e+01
7.115876770019531250e+01
6.773012542724609375e+01
6.473393249511718750e+01
6.660123443603515625e+01
6.446572113037109375e+01
6.592530059814453125e+01
6.267213439941406250e+01
6.576763153076171875e+01
6.443501281738281250e+01
6.303673934936523438e+01
6.457575988769531250e+01
6.320199203491210938e+01
6.318029022216796875e+01
6.494080352783203125e+01
6.409980773925781250e+01
6.538033294677734375e+01
6.588875579833984375e+01
6.770486450195312500e+01
6.525220489501953125e+01
6.717462921142578125e+01
6.744807434082031250e+01
6.710383605957031250e+01
6.626093292236328125e+01
6.797186279296875000e+01
6.401430511474609375e+01
7.050487518310546875e+01
7.148712158203125000e+01
7.212682342529296875e+01
6.752082824707031250e+01
6.766018676757812500e+01
6.655516052246093750e+01
6.841155242919921875e+01
6.764492034912109375e+01
7.081378173828125000e+01
6.814392089843750000e+01
6.794929504394531250e+01
7.282538604736328125e+01
6.885751342773437500e+01
6.930080413818359375e+01
6.724526977539062500e+01
6.500496673583984375e+01
6.652274322509765625e+01
6.885682678222656250e+01
6.692800903320312500e+01
6.964951324462890625e+01
6.743788909912109375e+01
6.854647064208984375e+01
6.539978790283203125e+01
6.308702468872070312e+01
6.667653656005859375e+01
6.659562683105468750e+01
6.484918975830078125e+01
6.942059326171875000e+01
6.768437957763671875e+01
6.853038787841796875e+01
6.970795440673828125e+01
7.027758026123046875e+01
7.655783843994140625e+01
7.001405334472656250e+01
7.073862457275390625e+01
8.153159332275390625e+01
7.309145355224609375e+01
7.692537689208984375e+01
7.382551574707031250e+01
7.255625152587890625e+01
7.283242797851562500e+01
7.516929626464843750e+01
7.746000671386718750e+01
7.422037506103515625e+01
7.514377593994140625e+01
7.907408142089843750e+01
7.800304412841796875e+01
7.755652618408203125e+01
7.402218627929687500e+01
7.193539428710937500e+01
7.135015869140625000e+01
7.248249053955078125e+01
7.508985900878906250e+01
7.414147186279296875e+01
7.805557250976562500e+01
7.458580780029296875e+01
7.965059661865234375e+01
7.714321899414062500e+01
7.609448242187500000e+01
7.939225769042968750e+01
7.948976898193359375e+01
8.195185089111328125e+01
7.930246734619140625e+01
7.739334869384765625e+01
7.496457672119140625e+01
7.912899017333984375e+01
8.080142211914062500e+01
7.782907867431640625e+01
7.983590698242187500e+01
8.224863433837890625e+01
1.031388397216796875e+02
1.031330642700195312e+02
1.050514450073242188e+02
1.056658706665039062e+02
9.635524749755859375e+01
9.278977966308593750e+01
9.362985992431640625e+01
8.831642913818359375e+01
8.689574432373046875e+01
8.650106811523437500e+01
8.921934509277343750e+01
8.778839874267578125e+01
8.562321472167968750e+01
8.295925140380859375e+01
8.130167388916015625e+01
8.724861145019531250e+01
8.569556427001953125e+01
8.685091400146484375e+01
8.664470672607421875e+01
8.857954406738281250e+01
8.768533325195312500e+01
8.885370635986328125e+01
9.705950164794921875e+01
9.551833343505859375e+01
1.067876205444335938e+02
9.156508636474609375e+01
9.105886840820312500e+01
8.998222351074218750e+01
8.625970458984375000e+01
9.300172424316406250e+01
9.025444030761718750e+01
8.955702972412109375e+01
9.166826629638671875e+01
9.033650970458984375e+01
8.873774719238281250e+01
9.439620208740234375e+01
9.585761260986328125e+01
8.812825775146484375e+01
9.220321655273437500e+01
8.863937377929687500e+01
8.925615692138671875e+01
9.031584930419921875e+01
8.940341949462890625e+01
9.622135925292968750e+01
9.121670532226562500e+01
8.783192443847656250e+01
8.943393707275390625e+01
8.962847900390625000e+01
9.263756561279296875e+01
9.942858886718750000e+01
1.082502670288085938e+02
1.010114517211914062e+02
1.080045928955078125e+02
1.038126754760742188e+02
9.372215270996093750e+01
9.943398284912109375e+01
1.003464813232421875e+02
1.038343505859375000e+02
1.015716247558593750e+02
1.040334701538085938e+02
9.875781250000000000e+01
1.023013305664062500e+02
9.821408081054687500e+01
1.026951217651367188e+02
1.042540969848632812e+02
1.065883102416992188e+02
1.037396545410156250e+02
9.956591033935546875e+01
9.582026672363281250e+01
9.832765960693359375e+01
9.046050262451171875e+01
9.829091644287109375e+01
9.874928283691406250e+01
9.503150177001953125e+01
9.508820343017578125e+01
9.399384307861328125e+01
9.390756988525390625e+01
9.487373352050781250e+01
9.364050292968750000e+01
1.015782165527343750e+02
1.044255676269531250e+02
9.688082885742187500e+01
1.007822952270507812e+02
9.885162353515625000e+01
9.635961914062500000e+01
1.000523986816406250e+02
9.766210937500000000e+01
9.714587402343750000e+01
9.397682952880859375e+01
9.514933013916015625e+01
9.945818328857421875e+01
9.471551513671875000e+01
9.009313964843750000e+01
9.330329132080078125e+01
8.899865722656250000e+01
9.328645324707031250e+01
8.935144805908203125e+01
8.656646728515625000e+01
8.627861022949218750e+01
8.932135772705078125e+01
8.695423126220703125e+01
9.009743499755859375e+01
9.327067565917968750e+01
8.549443817138671875e+01
8.648880004882812500e+01
8.773475646972656250e+01
8.609603118896484375e+01
8.242403411865234375e+01
8.624066162109375000e+01
8.617429351806640625e+01
9.084481048583984375e+01
8.959910583496093750e+01
8.658990478515625000e+01
9.098898315429687500e+01
8.817336273193359375e+01
8.702828216552734375e+01
8.381713867187500000e+01
8.446945190429687500e+01
9.057588958740234375e+01
8.925056457519531250e+01
8.275664520263671875e+01
8.897824859619140625e+01
8.983929443359375000e+01
9.039450836181640625e+01
9.186235809326171875e+01
8.997058105468750000e+01
9.242208862304687500e+01
9.254549407958984375e+01
9.545615386962890625e+01
9.110057830810546875e+01
9.284794616699218750e+01
9.740708160400390625e+01
9.067438507080078125e+01
9.243624877929687500e+01
9.232929992675781250e+01
9.405406188964843750e+01
1.056033401489257812e+02
1.080609664916992188e+02
1.048525238037109375e+02
9.865415954589843750e+01
9.846473693847656250e+01
9.705228424072265625e+01
1.059895477294921875e+02
9.525349426269531250e+01
9.987625885009765625e+01
1.001871871948242188e+02
9.960007476806640625e+01
9.887834167480468750e+01
9.418837738037109375e+01
9.445376586914062500e+01
9.554751586914062500e+01
9.095601654052734375e+01
9.526179504394531250e+01
1.030677719116210938e+02
9.773664093017578125e+01
1.012890625000000000e+02
1.079340133666992188e+02
9.683641052246093750e+01
9.740573120117187500e+01
1.018623733520507812e+02
9.934773254394531250e+01
1.072654190063476562e+02
9.804768371582031250e+01
1.000450134277343750e+02
1.060914077758789062e+02
1.018084869384765625e+02
1.092920150756835938e+02
1.031114196777343750e+02
1.056839675903320312e+02
1.031818389892578125e+02
1.031740036010742188e+02
1.004112243652343750e+02
9.683892059326171875e+01
9.878644561767578125e+01
9.839604187011718750e+01
9.335951232910156250e+01
9.474613952636718750e+01
1.419848785400390625e+02
1.195302200317382812e+02
1.038348236083984375e+02
9.865342712402343750e+01
9.595185089111328125e+01
9.764338684082031250e+01
1.039308319091796875e+02
1.007623672485351562e+02
1.016836700439453125e+02
9.972120666503906250e+01
1.005156097412109375e+02
1.004256134033203125e+02
9.624898529052734375e+01
1.043784790039062500e+02
9.871567535400390625e+01
9.981049346923828125e+01
1.044530639648437500e+02
1.068595886230468750e+02
1.110068893432617188e+02
1.013554153442382812e+02
1.065716552734375000e+02
1.010194091796875000e+02
9.813095092773437500e+01
9.424996948242187500e+01
9.688213348388671875e+01
9.654547119140625000e+01
9.722077178955078125e+01
9.474849700927734375e+01
9.440764617919921875e+01
9.159673309326171875e+01
9.390364074707031250e+01
1.158259658813476562e+02
9.883793640136718750e+01
9.569645690917968750e+01
9.386289978027343750e+01
9.638082122802734375e+01
8.764390563964843750e+01
8.947189331054687500e+01
8.968653106689453125e+01
9.318553161621093750e+01
9.669390869140625000e+01
9.412409973144531250e+01
9.642242431640625000e+01
1.001826324462890625e+02
9.956021881103515625e+01
1.012990798950195312e+02
9.984528350830078125e+01
1.015025939941406250e+02
9.915876770019531250e+01
1.042766876220703125e+02
1.040166320800781250e+02
1.028655166625976562e+02
1.011457366943359375e+02
1.004514083862304688e+02
1.012364349365234375e+02
1.101955184936523438e+02
1.163458404541015625e+02
1.145213394165039062e+02
1.147639846801757812e+02
1.156087188720703125e+02
1.081694183349609375e+02
1.134224243164062500e+02
1.166014404296875000e+02
1.046689529418945312e+02
1.071221084594726562e+02
1.090334243774414062e+02
1.034407653808593750e+02
1.104779891967773438e+02
1.078862380981445312e+02
1.102073898315429688e+02
1.130408782958984375e+02
1.056460342407226562e+02
1.071679534912109375e+02
1.092394790649414062e+02
1.049302368164062500e+02
9.949594879150390625e+01
1.011003341674804688e+02
1.099202270507812500e+02
1.080647430419921875e+02
1.074119186401367188e+02
1.087656784057617188e+02
1.086458053588867188e+02
1.080396423339843750e+02
1.112351837158203125e+02
1.051224822998046875e+02
1.140538558959960938e+02
1.144542846679687500e+02
1.089903259277343750e+02
1.059867095947265625e+02
1.083810958862304688e+02
1.091460113525390625e+02
1.055502777099609375e+02
1.083062286376953125e+02
1.122140655517578125e+02
1.082539978027343750e+02
1.101085205078125000e+02
1.077750854492187500e+02
1.059739151000976562e+02
1.066398925781250000e+02
1.030122528076171875e+02
1.024078140258789062e+02
9.838398742675781250e+01
1.045795211791992188e+02
1.025458679199218750e+02
1.049449539184570312e+02
1.044138946533203125e+02
1.025323944091796875e+02
1.056375579833984375e+02
9.944125366210937500e+01
9.855524444580078125e+01
1.024257812500000000e+02
1.046343460083007812e+02
9.957937622070312500e+01
1.079338912963867188e+02
1.091643295288085938e+02
1.022502670288085938e+02
1.035160293579101562e+02
1.003922042846679688e+02
1.085557785034179688e+02
1.099385604858398438e+02
1.060167694091796875e+02
1.016525726318359375e+02
1.029920959472656250e+02
1.111400451660156250e+02
1.067727050781250000e+02
1.065785064697265625e+02
1.132174377441406250e+02
1.108712387084960938e+02
1.091437683105468750e+02
1.172951278686523438e+02
1.111699218750000000e+02
1.101800613403320312e+02
1.096836395263671875e+02
1.094075469970703125e+02
1.200296401977539062e+02
1.132148132324218750e+02
1.103225555419921875e+02
1.121338882446289062e+02
1.075043716430664062e+02
1.099641265869140625e+02
1.070992660522460938e+02
1.067880783081054688e+02
1.127656707763671875e+02
1.124901809692382812e+02
1.074846496582031250e+02
1.102282333374023438e+02
1.065189361572265625e+02
1.030055084228515625e+02
1.067331695556640625e+02
1.029267501831054688e+02
1.044669342041015625e+02
1.099491119384765625e+02
1.106488876342773438e+02
1.086617736816406250e+02
1.105856552124023438e+02
1.120219345092773438e+02
1.129907608032226562e+02
1.095205535888671875e+02
1.091527175903320312e+02
1.161442489624023438e+02
1.136255722045898438e+02
1.084022216796875000e+02
1.096505355834960938e+02
1.191253890991210938e+02
1.114276504516601562e+02
1.168161849975585938e+02
1.208287200927734375e+02
1.144884719848632812e+02
1.212045135498046875e+02
1.152125701904296875e+02
1.245970764160156250e+02
1.263576126098632812e+02
1.262613754272460938e+02
1.205427627563476562e+02
1.284191741943359375e+02
1.262173461914062500e+02
1.272594223022460938e+02
1.262037429809570312e+02
1.284401245117187500e+02
1.279384155273437500e+02
1.342722930908203125e+02
1.319654388427734375e+02
1.286933746337890625e+02
1.319640045166015625e+02
1.262839050292968750e+02
1.279412002563476562e+02
1.269030151367187500e+02
1.247302246093750000e+02
1.330586547851562500e+02
1.235829544067382812e+02
1.333562927246093750e+02
1.273390121459960938e+02
1.297080230712890625e+02
1.272416687011718750e+02
1.373833770751953125e+02
1.334604644775390625e+02
1.270209121704101562e+02
1.257059402465820312e+02
1.280236511230468750e+02
1.312880096435546875e+02
1.302768707275390625e+02
1.327092590332031250e+02
1.319016571044921875e+02
1.298245697021484375e+02
1.360520324707031250e+02
1.366954040527343750e+02
1.375679779052734375e+02
1.314968109130859375e+02
1.336539611816406250e+02
1.374499816894531250e+02
1.286964111328125000e+02
1.380118560791015625e+02
1.407816162109375000e+02
1.353128051757812500e+02
1.450742187500000000e+02
1.490632324218750000e+02
1.425092773437500000e+02
1.432949676513671875e+02
1.407370910644531250e+02
1.510351257324218750e+02
1.533364868164062500e+02
1.560189361572265625e+02
1.422137756347656250e+02
1.371617431640625000e+02
1.457896881103515625e+02
1.520452728271484375e+02
1.493245544433593750e+02
1.405814056396484375e+02
1.481468811035156250e+02
1.445692443847656250e+02
1.397184753417968750e+02
1.394993743896484375e+02
1.432860260009765625e+02
1.436246337890625000e+02
1.465831298828125000e+02
1.451852874755859375e+02
1.499998168945312500e+02
1.472114257812500000e+02
1.517477111816406250e+02
1.400446624755859375e+02
1.472113647460937500e+02
1.527730102539062500e+02
1.557428588867187500e+02
1.512805328369140625e+02
1.471740875244140625e+02
1.453748474121093750e+02
1.387247772216796875e+02
1.390927581787109375e+02
1.387350006103515625e+02
1.379550323486328125e+02
1.496927795410156250e+02
1.465786895751953125e+02
1.508281250000000000e+02
1.492205963134765625e+02
1.573979797363281250e+02
1.527388763427734375e+02
1.624501342773437500e+02
1.560500793457031250e+02
1.598397216796875000e+02
1.574102478027343750e+02
1.621671142578125000e+02
1.553128509521484375e+02
1.515730590820312500e+02
1.599660644531250000e+02
1.629353790283203125e+02
1.627424316406250000e+02
1.610369110107421875e+02
1.570550842285156250e+02
1.607752227783203125e+02
1.669425964355468750e+02
1.499941864013671875e+02
1.647663116455078125e+02
1.606256713867187500e+02
1.639193725585937500e+02
1.591471099853515625e+02
1.535187225341796875e+02
1.611081085205078125e+02
1.554505920410156250e+02
1.559057617187500000e+02
1.545394134521484375e+02
1.498599395751953125e+02
1.562990112304687500e+02
1.558264770507812500e+02
1.622699890136718750e+02
1.574985961914062500e+02
1.517251281738281250e+02
1.550126800537109375e+02
1.534131164550781250e+02
1.584702758789062500e+02
1.621941070556640625e+02
1.576362304687500000e+02
1.602835998535156250e+02
1.508631134033203125e+02
1.533708190917968750e+02
1.636253509521484375e+02
1.649537506103515625e+02
1.723498992919921875e+02
1.638228454589843750e+02
1.655427551269531250e+02
1.708373107910156250e+02
1.637777862548828125e+02
1.692612609863281250e+02
1.723614044189453125e+02
1.761577148437500000e+02
1.684618072509765625e+02
1.737464752197265625e+02
1.776810913085937500e+02
1.657851562500000000e+02
1.745829925537109375e+02
1.743925933837890625e+02
1.801676940917968750e+02
1.820689697265625000e+02
1.972847290039062500e+02
1.777305603027343750e+02
1.787660675048828125e+02
1.815961914062500000e+02
1.919354095458984375e+02
1.891276855468750000e+02
1.898649444580078125e+02
1.863247222900390625e+02
1.912590026855468750e+02
1.929322509765625000e+02
1.951748809814453125e+02
1.880264434814453125e+02
1.826993408203125000e+02
1.953271942138671875e+02
1.922514953613281250e+02
1.911571807861328125e+02
1.915696258544921875e+02
1.911446533203125000e+02
1.872988128662109375e+02
1.836138763427734375e+02
1.941193389892578125e+02
1.978330535888671875e+02
1.887668304443359375e+02
1.778273315429687500e+02
1.798820343017578125e+02
1.782125244140625000e+02
1.769500885009765625e+02
1.896556549072265625e+02
1.956286315917968750e+02
1.962934112548828125e+02
1.885693817138671875e+02
1.850090332031250000e+02
1.892943420410156250e+02
1.874498901367187500e+02
1.849206695556640625e+02
1.835242767333984375e+02
1.884301910400390625e+02
1.747742156982421875e+02
1.693079681396484375e+02
1.681254119873046875e+02
1.671784667968750000e+02
1.693092498779296875e+02
1.697169952392578125e+02
1.621780700683593750e+02
1.594746856689453125e+02
1.600987701416015625e+02
1.621709136962890625e+02
1.669741516113281250e+02
1.781408843994140625e+02
1.737646636962890625e+02
1.629674987792968750e+02
1.744714508056640625e+02
1.650401916503906250e+02
1.755579376220703125e+02
1.724843139648437500e+02
1.798744964599609375e+02
1.871837158203125000e+02
1.758710632324218750e+02
1.664074401855468750e+02
1.670602569580078125e+02
1.805369720458984375e+02
1.801288757324218750e+02
1.843780670166015625e+02
1.733162689208984375e+02
1.885587158203125000e+02
1.823666534423828125e+02
1.853511505126953125e+02
1.814712219238281250e+02
1.749798736572265625e+02
1.803362884521484375e+02
1.781554107666015625e+02
1.766361846923828125e+02
1.700339965820312500e+02
1.703846588134765625e+02
1.743372497558593750e+02
1.642373809814453125e+02
1.762228393554687500e+02
1.823221893310546875e+02
1.747292785644531250e+02
1.854762573242187500e+02
1.725116271972656250e+02
1.742985534667968750e+02
1.824009094238281250e+02
1.968956756591796875e+02
1.922402954101562500e+02
1.864015197753906250e+02
1.811604919433593750e+02
1.786456756591796875e+02
1.802054901123046875e+02
1.772021942138671875e+02
1.751199340820312500e+02
1.745183563232421875e+02
1.743144073486328125e+02
1.755187377929687500e+02
1.807454223632812500e+02
1.855506591796875000e+02
1.824624786376953125e+02
1.751609954833984375e+02
1.824177398681640625e+02
1.803096313476562500e+02
1.817156524658203125e+02
1.800905609130859375e+02
1.705206604003906250e+02
1.718630828857421875e+02
1.816507873535156250e+02
1.844023742675781250e+02
1.777481079101562500e+02
1.765097656250000000e+02
1.741230316162109375e+02
1.724579925537109375e+02
1.889342193603515625e+02
1.852668457031250000e+02
1.908758392333984375e+02
1.902630462646484375e+02
1.790685577392578125e+02
1.775195312500000000e+02
1.748562469482421875e+02
1.756011810302734375e+02
1.791338806152343750e+02
1.850859680175781250e+02
1.803913421630859375e+02
1.832925872802734375e+02
1.877096099853515625e+02
1.868030242919921875e+02
1.814144744873046875e+02
1.889153900146484375e+02
1.909825897216796875e+02
1.884945373535156250e+02
2.072848968505859375e+02
1.995796508789062500e+02
1.921274566650390625e+02
1.961072235107421875e+02
1.902644042968750000e+02
1.947335815429687500e+02
1.813145141601562500e+02
1.905104217529296875e+02
1.965187072753906250e+02
1.852404937744140625e+02
1.976886596679687500e+02
1.908948822021484375e+02
1.911538696289062500e+02
1.922316589355468750e+02
1.994392547607421875e+02
1.942645568847656250e+02
2.143464050292968750e+02
1.910857543945312500e+02
1.924019012451171875e+02
1.947344970703125000e+02
1.963906402587890625e+02
1.960746612548828125e+02
1.905370941162109375e+02
2.021254119873046875e+02
1.924975280761718750e+02
1.970685729980468750e+02
1.961826782226562500e+02
1.935131835937500000e+02
1.975999908447265625e+02
1.981881866455078125e+02
1.927233428955078125e+02
1.949757232666015625e+02
1.925534973144531250e+02
1.836142883300781250e+02
1.959976806640625000e+02
2.005282135009765625e+02
2.013030700683593750e+02
1.959613494873046875e+02
2.015617065429687500e+02
2.018556823730468750e+02
1.943364715576171875e+02
2.036509399414062500e+02
1.947190551757812500e+02
1.994376831054687500e+02
2.098373413085937500e+02
2.003110046386718750e+02
1.945629425048828125e+02
2.075184936523437500e+02
2.164083862304687500e+02
2.152776489257812500e+02
2.086991271972656250e+02
2.164175567626953125e+02
2.128527984619140625e+02
1.998676910400390625e+02
2.040274353027343750e+02
2.073313903808593750e+02
2.048119964599609375e+02
2.028739471435546875e+02
1.947025604248046875e+02
2.051074676513671875e+02
2.008953094482421875e+02
2.074427795410156250e+02
2.020363159179687500e+02
1.949471588134765625e+02
2.281200256347656250e+02
2.050599060058593750e+02
2.071918182373046875e+02
2.085065460205078125e+02
2.000483245849609375e+02
1.897867431640625000e+02
1.886298522949218750e+02
1.906265563964843750e+02
1.986853179931640625e+02
1.927963714599609375e+02
2.045622100830078125e+02
2.024976806640625000e+02
2.071536560058593750e+02
1.952908020019531250e+02
1.970484466552734375e+02
1.987478179931640625e+02
2.081998443603515625e+02
1.968928375244140625e+02
1.991702270507812500e+02
2.199992980957031250e+02
2.208992156982421875e+02
2.224201965332031250e+02
2.139409942626953125e+02
2.054112243652343750e+02
2.174487152099609375e+02
2.072644500732421875e+02
2.116322174072265625e+02
2.188788757324218750e+02
2.035018768310546875e+02
2.069693450927734375e+02
2.013027801513671875e+02
2.011714630126953125e+02
2.037220916748046875e+02
2.070488891601562500e+02
2.096658935546875000e+02
2.157628479003906250e+02
2.232316741943359375e+02
2.198591918945312500e+02
2.212284393310546875e+02
2.227033386230468750e+02
2.293832092285156250e+02
2.314413299560546875e+02
2.275865631103515625e+02
2.110930633544921875e+02
2.294661560058593750e+02
2.194990386962890625e+02
2.189752349853515625e+02
2.204616394042968750e+02
2.170721435546875000e+02
2.243856964111328125e+02
2.275773773193359375e+02
2.136729431152343750e+02
2.194983520507812500e+02
2.226578674316406250e+02
2.301749572753906250e+02
2.239969635009765625e+02
2.212576904296875000e+02
2.201543273925781250e+02
2.069969024658203125e+02
2.219374542236328125e+02
2.145950012207031250e+02
2.135468597412109375e+02
2.111847534179687500e+02
2.172547454833984375e+02
2.087347106933593750e+02
2.195044403076171875e+02
2.185570983886718750e+02
2.163985595703125000e+02
2.160646514892578125e+02
2.151537017822265625e+02
2.198886871337890625e+02
2.185867767333984375e+02
2.244679870605468750e+02
2.188859100341796875e+02
2.252750549316406250e+02
2.133144836425781250e+02
2.199412841796875000e+02
2.163398437500000000e+02
2.267054138183593750e+02
2.384782257080078125e+02
2.353645019531250000e+02
2.371065216064453125e+02
2.241503143310546875e+02
2.254657440185546875e+02
2.276782684326171875e+02
2.237278289794921875e+02
2.291333923339843750e+02
2.307306365966796875e+02
2.312409057617187500e+02
2.209519500732421875e+02
2.257180328369140625e+02
2.234310607910156250e+02
2.337642669677734375e+02
2.290811004638671875e+02
2.311179656982421875e+02
2.377886505126953125e+02
2.291630249023437500e+02
2.256864013671875000e+02
2.355204925537109375e+02
2.370011901855468750e+02
2.371269683837890625e+02
2.265955352783203125e+02
2.279365386962890625e+02
2.325722961425781250e+02
2.397443389892578125e+02
2.314979400634765625e+02
2.299192352294921875e+02
2.355674133300781250e+02
2.382129058837890625e+02
2.373744964599609375e+02
2.303541870117187500e+02
2.378815917968750000e+02
2.378649444580078125e+02
2.380173339843750000e+02
2.318993377685546875e+02
2.318959960937500000e+02
2.363001556396484375e+02
2.322959747314453125e+02
2.379914245605468750e+02
2.357227630615234375e+02
2.339443054199218750e+02
2.427224121093750000e+02
2.294745941162109375e+02
2.499129943847656250e+02
2.518009948730468750e+02
2.504367523193359375e+02
2.635884399414062500e+02
2.633717651367187500e+02
2.795286254882812500e+02
2.723343811035156250e+02
2.703382873535156250e+02
2.680538330078125000e+02
2.756210327148437500e+02
2.811148071289062500e+02
2.793306884765625000e+02
4.310838623046875000e+02
3.484775085449218750e+02
2.984311218261718750e+02
2.963998718261718750e+02
2.913489074707031250e+02
2.817962646484375000e+02
2.966397399902343750e+02
2.807776794433593750e+02
2.889413146972656250e+02
2.919939575195312500e+02
2.873372497558593750e+02
2.804325866699218750e+02
2.909599914550781250e+02
2.959262390136718750e+02
2.903135375976562500e+02
2.979631652832031250e+02
2.902261352539062500e+02
2.970993041992187500e+02
2.941309509277343750e+02
2.894314270019531250e+02
2.971216735839843750e+02
2.978937072753906250e+02
2.864968566894531250e+02
3.004617919921875000e+02
2.919955749511718750e+02
2.939651489257812500e+02
2.994600830078125000e+02
3.014335021972656250e+02
2.903824462890625000e+02
2.931084594726562500e+02
2.874887390136718750e+02
2.978671569824218750e+02
3.072829589843750000e+02
3.117838745117187500e+02
3.104055480957031250e+02
3.109604492187500000e+02
3.006680603027343750e+02
2.929796752929687500e+02
3.183083801269531250e+02
3.122881469726562500e+02
3.004338989257812500e+02
3.383845825195312500e+02
3.146264953613281250e+02
2.995125732421875000e+02
3.001019287109375000e+02
3.119042053222656250e+02
3.083919982910156250e+02
3.190950012207031250e+02
3.034194946289062500e+02
2.978210754394531250e+02
2.923638000488281250e+02
2.995199279785156250e+02
3.013875732421875000e+02
3.097848205566406250e+02
3.061217651367187500e+02
3.298624877929687500e+02
3.515250244140625000e+02
3.254741821289062500e+02
3.248142395019531250e+02
3.339540405273437500e+02
3.317124938964843750e+02
3.237424316406250000e+02
3.260030822753906250e+02
3.259351196289062500e+02
3.343987426757812500e+02
3.376520690917968750e+02
3.252663879394531250e+02
3.353840942382812500e+02
3.373354492187500000e+02
3.453336181640625000e+02
3.329476013183593750e+02
3.558659362792968750e+02
3.532529907226562500e+02
3.715061035156250000e+02
3.732544860839843750e+02
3.678320922851562500e+02
3.505600891113281250e+02
3.507037353515625000e+02
3.537622985839843750e+02
3.687648620605468750e+02
3.565756225585937500e+02
3.649184875488281250e+02
3.750623779296875000e+02
3.806046752929687500e+02
3.713823852539062500e+02
3.694253540039062500e+02
3.695326232910156250e+02
3.768122558593750000e+02
3.771361389160156250e+02
3.750583801269531250e+02
3.761127014160156250e+02
3.849491271972656250e+02
4.476103820800781250e+02
3.904865722656250000e+02
3.939478759765625000e+02
3.880907287597656250e+02
4.044501953125000000e+02
4.174692687988281250e+02
4.045982666015625000e+02
4.182591247558593750e+02
3.978918151855468750e+02
3.913622741699218750e+02
4.062168884277343750e+02
4.006062316894531250e+02
4.067403869628906250e+02
4.022470092773437500e+02
4.123473815917968750e+02
4.002030944824218750e+02
4.014230041503906250e+02
4.077454223632812500e+02
4.082802734375000000e+02
4.267784729003906250e+02
4.241336975097656250e+02
4.068196105957031250e+02
4.492803649902343750e+02
4.369429321289062500e+02
4.404675292968750000e+02
4.408295593261718750e+02
4.256064453125000000e+02
4.302718811035156250e+02
4.544781188964843750e+02
4.420294494628906250e+02
4.196766662597656250e+02
4.337702941894531250e+02
4.246986389160156250e+02
4.093588867187500000e+02
4.142907409667968750e+02
4.161811218261718750e+02
4.405140686035156250e+02
4.230252990722656250e+02
4.185696105957031250e+02
4.539068298339843750e+02
4.569021911621093750e+02
4.578913879394531250e+02
4.570851745605468750e+02
4.423223571777343750e+02
4.405663146972656250e+02
4.252271423339843750e+02
4.481161804199218750e+02
4.428491821289062500e+02
4.345489501953125000e+02
4.534158630371093750e+02
4.324218750000000000e+02
4.310130004882812500e+02
4.218030700683593750e+02
4.385466003417968750e+02
4.493533020019531250e+02
4.322612609863281250e+02
4.494790649414062500e+02
4.537656860351562500e+02
4.595199279785156250e+02
4.581692504882812500e+02
4.424143066406250000e+02
4.343971862792968750e+02
4.208861999511718750e+02
4.166027832031250000e+02
4.197850646972656250e+02
4.317526550292968750e+02
4.160307922363281250e+02
3.953752746582031250e+02
4.025463867187500000e+02
4.072620544433593750e+02
3.968945007324218750e+02
4.093185424804687500e+02
4.051539306640625000e+02
4.106282348632812500e+02
4.006079711914062500e+02
4.232815856933593750e+02
4.060855102539062500e+02
4.200248107910156250e+02
4.210854187011718750e+02
4.099357604980468750e+02
4.213736877441406250e+02
4.086525573730468750e+02
4.047449035644531250e+02
3.914351196289062500e+02
4.086432495117187500e+02
4.179181213378906250e+02
4.036425170898437500e+02
4.213896179199218750e+02
4.352314453125000000e+02
4.134545898437500000e+02
4.324682006835937500e+02
4.752521362304687500e+02
4.533201599121093750e+02
4.395148620605468750e+02
4.111773681640625000e+02
4.313752441406250000e+02
4.476193847656250000e+02
4.673251342773437500e+02
4.271340026855468750e+02
4.187951660156250000e+02
4.357502136230468750e+02
4.395346069335937500e+02
4.323746948242187500e+02
4.247235107421875000e+02
4.666753234863281250e+02
4.634906005859375000e+02
4.674723815917968750e+02
4.523500366210937500e+02
4.355311279296875000e+02
4.460107421875000000e+02
4.383123779296875000e+02
4.418468322753906250e+02
4.448016357421875000e+02
4.198724975585937500e+02
4.371907348632812500e+02
4.455220031738281250e+02
4.248659973144531250e+02
4.303192138671875000e+02
4.188843078613281250e+02
4.132938232421875000e+02
4.257575683593750000e+02
4.132268066406250000e+02
4.358667907714843750e+02
4.616076965332031250e+02
4.470767517089843750e+02
4.243594360351562500e+02
4.477487487792968750e+02
4.568598632812500000e+02
4.474591979980468750e+02
4.642795715332031250e+02
4.516403503417968750e+02
4.650103149414062500e+02
4.942128295898437500e+02
4.686844482421875000e+02
4.632917480468750000e+02
5.002504272460937500e+02
4.718474426269531250e+02
4.718314514160156250e+02
4.859808959960937500e+02
4.607450256347656250e+02
4.576206970214843750e+02
4.851156616210937500e+02
4.894476928710937500e+02
4.838513488769531250e+02
5.045754394531250000e+02
4.947958984375000000e+02
4.887946166992187500e+02
4.787356262207031250e+02
4.674129333496093750e+02
4.988298645019531250e+02
4.864419250488281250e+02
4.799333801269531250e+02
4.671151123046875000e+02
4.700848388671875000e+02
4.711778869628906250e+02
4.769522399902343750e+02
4.939684448242187500e+02
4.779467773437500000e+02
4.614531555175781250e+02
4.643903198242187500e+02
4.790679016113281250e+02
4.897880554199218750e+02
4.949627990722656250e+02
4.793820495605468750e+02
5.171390380859375000e+02
5.251076049804687500e+02
5.088078613281250000e+02
4.792258300781250000e+02
4.873380432128906250e+02
5.028545837402343750e+02
4.974587097167968750e+02
4.920151062011718750e+02
5.066218872070312500e+02
5.187977905273437500e+02
5.025720520019531250e+02
4.809775390625000000e+02
5.156184082031250000e+02
4.974187316894531250e+02
5.078211669921875000e+02
5.144849243164062500e+02
5.156691284179687500e+02
5.241293334960937500e+02
5.114883422851562500e+02
5.488010253906250000e+02
5.265422363281250000e+02
5.395297241210937500e+02
5.278287353515625000e+02
5.503035278320312500e+02
5.373272705078125000e+02
5.582760009765625000e+02
5.643610839843750000e+02
5.808549194335937500e+02
6.026503906250000000e+02
5.619597778320312500e+02
5.597411499023437500e+02
5.764931030273437500e+02
5.884487304687500000e+02
6.111084594726562500e+02
6.083538818359375000e+02
5.777059936523437500e+02
5.948363647460937500e+02
5.790360107421875000e+02
5.803081665039062500e+02
5.943028564453125000e+02
5.974122314453125000e+02
5.810788574218750000e+02
6.259564819335937500e+02
6.112095947265625000e+02
6.101563720703125000e+02
6.013436279296875000e+02
5.769092407226562500e+02
5.734096679687500000e+02
5.635209350585937500e+02
5.969899902343750000e+02
5.476424560546875000e+02
5.771284790039062500e+02
5.709110107421875000e+02
5.777151489257812500e+02
5.897788696289062500e+02
5.745892333984375000e+02
5.767615356445312500e+02
5.796813964843750000e+02
6.079581298828125000e+02
6.061174316406250000e+02
6.467651367187500000e+02
6.037367553710937500e+02
5.893513793945312500e+02
5.834514770507812500e+02
5.772357788085937500e+02
6.115054931640625000e+02
6.169100952148437500e+02
6.326522827148437500e+02
5.666127319335937500e+02
5.922180175781250000e+02
6.184855346679687500e+02
6.919186401367187500e+02
6.126365356445312500e+02
6.124116210937500000e+02
6.305020141601562500e+02
6.216499023437500000e+02
6.135200195312500000e+02
6.635072021484375000e+02
6.391244506835937500e+02
6.085720214843750000e+02
6.103549194335937500e+02
6.517151489257812500e+02
