-9.419415083797882460e+01
9.542721098921903433e+01
2.587937450957214196e+02
1.996342810902752660e+02
3.673778162693344029e+02
3.576587475448904456e+02
3.891711997615722680e+02
4.436001952973790026e+02
4.550934350801531991e+02
4.700927820362381908e+02
5.050243274161827003e+02
4.847559296403650251e+02
4.508745296597322749e+02
4.746032012577149430e+02
4.548265475476042639e+02
3.912153763185758066e+02
3.804858291105813919e+02
4.077279985618021101e+02
4.611257943119198899e+02
4.580713076889655895e+02
4.482393835603108414e+02
4.303393131333806991e+02
4.461665893987840832e+02
3.021053122326091511e+02
3.226959806738928478e+02
3.345852365721898423e+02
3.825734386788887491e+02
3.927064871064013687e+02
4.009581520965265327e+02
3.706326042035501018e+02
3.858226545081282097e+02
3.317562727842610570e+02
3.434070576639110755e+02
3.722421112945235677e+02
3.090642599964145347e+02
2.623735371150570472e+02
2.730550074864648877e+02
3.173989683020722623e+02
2.456118728964969193e+02
3.791368659433990729e+02
3.759406356250200361e+02
4.407329583293612814e+02
4.505724706089339406e+02
5.311776866106440593e+02
4.156366173499615684e+02
3.288854776125645571e+02
5.320392119811411931e+02
4.041335746780360410e+02
3.595981046716299261e+02
3.592859704158963723e+02
4.733884439600732321e+02
4.728160077711916642e+02
5.603509561706723616e+02
3.870758915628039176e+02
5.552780889510332827e+02
4.530109679308230852e+02
5.699347958702155665e+02
6.700803060667219597e+02
4.231367073242303150e+02
5.411212019162513798e+02
5.328894897657189631e+02
4.380957308321700907e+02
3.716811952785216135e+02
5.479766473994561693e+02
4.627355772335068878e+02
6.586896544117961412e+02
6.374303061613873069e+02
5.172161378265249141e+02
7.597312854213935225e+02
5.399687137711582636e+02
8.425769727879911670e+02
3.870515691061837060e+02
5.160268561267014320e+02
5.653045203628533955e+02
5.381324995390366439e+02
5.621434261702154345e+02
7.720926754903375695e+02
6.455427725746507122e+02
6.610723990927180012e+02
5.743008260561618954e+02
6.124693183038783673e+02
4.267632469989119386e+02
5.925530943890667004e+02
7.700553072811694619e+02
7.011928211571331531e+02
7.643240162854492610e+02
6.712343188580960032e+02
4.491443075089491686e+02
4.546180919795148725e+02
5.307163736173876032e+02
5.004339488154024593e+02
8.731044892831914694e+02
7.084136623677022726e+02
7.350378981226592714e+02
6.064848815996376743e+02
5.115435956751036315e+02
6.042687399472522429e+02
7.725727350720217146e+02
5.431641344033944279e+02
8.557377287185693149e+02
6.617496224338101456e+02
5.458974666466400549e+02
6.739669327101321414e+02
7.792665101775235144e+02
4.201870269956622792e+02
3.009559786435863771e+02
9.271521120699533185e+02
7.405930074908122833e+02
8.796035393450467836e+02
7.617179149460853296e+02
9.257370214907004993e+02
9.127196895238339494e+02
8.396199711069263003e+02
4.618456886205802903e+02
8.024485372650394766e+02
7.500163689928772328e+02
6.549477411181915159e+02
7.362222478480215386e+02
6.849618929384863577e+02
6.916425397614025314e+02
3.710078568796195100e+02
8.906605538314476007e+02
8.108697946402867274e+02
8.952917725255047117e+02
5.302356899690270211e+02
5.111225537519840145e+02
7.712282137875151875e+02
6.698943881726252130e+02
3.963998140869961162e+02
7.407120076519876193e+02
7.835997989738136766e+02
7.586042816877403538e+02
6.228565982913994503e+02
7.378329076552524839e+02
6.072802686154287812e+02
6.221225098940944918e+02
4.645954980023913663e+02
5.877471997065637197e+02
7.431134580995770875e+02
5.089824740554584537e+02
4.891358561509449601e+02
4.581307409904202359e+02
7.211301423819851379e+02
5.729627428399007840e+02
7.047583536866007989e+02
4.896279631853773253e+02
4.685694901525470186e+02
4.201538327888748654e+02
4.516421283252133207e+02
5.873511448773141410e+02
5.997564173130940617e+02
4.511997368096942296e+02
8.794160888965762979e+01
3.440545810262589725e+02
3.270809823396374441e+02
3.943245742170931294e+02
1.178481876913824351e+02
4.192915928172569693e+02
3.151470221433204415e+02
3.699915970654360535e+02
4.381181589879737430e+02
4.387315330066941215e+02
2.466553966031556229e+02
4.264855530834219053e+02
3.895937329942950100e+02
3.209005294975081028e+02
3.591978989844502621e+02
3.630880213685392164e+02
2.935953860808880336e+02
3.103159751487243057e+02
2.670013591144582961e+02
4.068815854368402825e+02
2.379103275983217713e+02
1.915493780133711539e+02
1.882237362016324198e+02
3.284241777559785760e+02
1.475101665888447258e+02
7.308827097184203581e+01
2.108831136002043536e+02
2.595629153390883630e+02
5.545615446612056587e+01
2.497318253139193587e+02
2.696310840446600992e+02
2.394389857089532256e+02
-1.144345755581112201e+02
1.626107491016340987e+02
-1.198391962802528212e+02
-4.688215551915067003e+00
-9.953174387610033591e+01
9.489672087625710617e+01
4.888095877403065259e+01
-4.944377360596845250e+01
-2.861188806203952026e+02
-3.337808597562487876e+02
-1.572957295130007935e+02
-5.943483692261863638e+01
-2.466908057203214355e+01
-3.857514127275890559e+01
-1.621808833721956233e+01
-1.909033276842783948e+02
-6.898130218930009505e+01
