-4.174118553473781503e+02
1.706107182217452305e+02
2.023710355389137590e+02
3.015303204079523880e+02
4.317829202065945537e+02
3.773254577288564633e+02
4.925505839580006864e+02
5.178284656360568761e+02
3.756846072252468502e+02
5.667563775573670455e+02
6.113326087355364962e+02
6.157442431607639719e+02
4.849879630731423958e+02
4.774806608451864349e+02
5.959020080358127416e+02
5.452580255519869752e+02
6.067455897079382794e+02
6.732833592265657217e+02
6.238424533796896867e+02
5.227397979014115208e+02
5.346461555382418283e+02
5.935380104977310793e+02
6.971005446887094195e+02
5.417835827979035912e+02
5.734740254731379991e+02
6.225891726242575714e+02
6.606549118653157393e+02
5.838776286528182027e+02
4.577715772159031076e+02
7.378029974162525377e+02
7.316896142293192042e+02
6.285757618615373303e+02
8.259692783031759973e+02
3.592459723433071872e+02
8.385983786233327919e+02
6.339726671522273591e+02
9.325950829791323713e+02
7.801462800332840288e+02
9.736259171885251362e+02
8.444711011342075153e+02
8.865360084900872835e+02
7.130972903211531957e+02
9.379206431239133508e+02
8.180862805075282722e+02
7.441069611439727396e+02
8.599267995557050881e+02
9.262355487817847006e+02
1.087322233095740785e+03
9.626384789924320557e+02
1.027101136888264136e+03
9.942332059115640277e+02
7.211470053979032855e+02
9.895835972297834360e+02
8.234074559985194810e+02
7.164171281436886147e+02
9.668511036536604024e+02
7.729637821935536977e+02
5.839837780562039597e+02
9.177273603697612998e+02
8.893996131486128434e+02
8.393536920092390119e+02
1.107091350121228515e+03
9.720654475507031975e+02
7.672323131761943387e+02
8.285504127561061978e+02
9.235616153935832244e+02
1.195448219650064630e+03
1.135097505288219054e+03
1.132303547464331814e+03
1.185515730887875407e+03
1.018633559567237171e+03
8.698343755869276492e+02
1.022744087924730024e+03
1.263016457201886624e+03
1.015006887452490218e+03
8.804705986365673880e+02
9.375494599679932435e+02
1.163091388389239000e+03
1.073990392114335464e+03
1.076342908868037739e+03
1.159010472671203161e+03
1.125887091838074411e+03
1.046060933698172903e+03
6.860465365080819993e+02
1.035439161116869400e+03
7.703879744455892933e+02
9.595953090273676480e+02
8.555540493483437103e+02
8.038365178873176546e+02
6.368520558340381967e+02
8.625287995747036121e+02
6.894960137474743078e+02
7.872157647283015649e+02
8.499786164310520462e+02
6.378882706549226214e+02
5.045824482900367229e+02
8.961140975022275370e+02
5.925323119947815940e+02
5.690384000277397263e+02
7.981872318149651164e+02
6.720357479237998177e+02
8.927445325362953099e+02
6.068712553057605419e+02
6.166764634548668482e+02
7.510144881658920895e+02
7.889027034178748181e+02
6.594130334570078276e+02
6.659732631026847685e+02
6.468210788078571341e+02
5.952988106598829745e+02
5.588416554331990937e+02
5.000447427003876442e+02
6.782980228554639552e+02
6.437923160826287585e+02
4.366056548666533672e+02
6.551745002390026684e+02
5.748399306792006200e+02
5.737371037465286463e+02
3.752450100281898244e+02
6.946968280054344405e+02
7.335678674001195532e+02
6.308260672035523839e+02
5.214397035403513883e+02
5.560548338528814156e+02
3.538795971930233009e+02
4.325541466656903822e+02
5.307404861008236594e+02
5.349327469642687447e+02
8.531671419102913205e+02
8.234593995089853706e+02
7.275227355303659351e+02
5.593021325308168343e+02
5.691874036763048252e+02
5.560677162578358548e+02
5.730952809872740090e+02
7.995679768426932696e+02
5.328486274657830108e+02
4.879086572523383438e+02
4.892780381398101781e+02
5.202275035382799615e+02
5.803485217454328904e+02
5.320589705725607246e+02
5.708157276486776937e+02
3.419257254320556285e+02
5.198536239165977122e+02
6.127408807300191711e+02
4.208009995805776953e+02
2.971667654615044967e+02
3.964616963083282712e+02
4.314922802041862155e+02
1.074593861286275569e+02
1.904723365469080250e+02
2.490096165029468409e+02
6.535397859695532929e+01
9.859148801064208101e+01
3.407221097687555584e+02
3.437306954200764153e+02
2.949973163874070679e+02
1.438429782862792194e+02
3.851477892646143175e+01
7.765620991217301139e+01
3.067005607630143800e+02
1.230165062839926549e+02
1.424735216475033042e+02
2.660486289060562513e+02
3.060273668490569889e+02
2.117167938030953280e+02
3.237260862366055107e+02
1.053055161267667756e+02
1.041349827104950876e+01
2.594313728422501413e+02
2.364774690453170365e+02
3.914024265893140608e+01
2.196360681958623786e+02
3.009678191206365909e+02
2.536078436145250237e+02
1.083005744037963751e+02
1.947745042360040202e+02
8.743981658067255580e+01
-7.525837874192802257e-01
2.491738217026723703e+02
2.210043742724214439e+02
1.301202072481218863e+02
3.011192196992582808e+02
-1.190884970049185121e+01
1.650149017219275152e+02
2.399079193862240516e+02
3.283345528954941805e+00
8.644649353024546201e+01
1.289437545954136795e+02
2.796075111942945455e+02
1.136945191469372247e+02
-1.224107602135733330e+01
1.420917049347246461e+02
5.017797383283294499e-01
-7.554094611456947916e+01
1.323300153916568718e+02
-1.116155901724800117e+02
-9.010356372857373231e+01
-1.297443966941310123e+02
9.831518664176323341e+01
