-3.325082847146561562e+02
1.387269072317603857e+01
1.745200850613906596e+02
2.011496173972643078e+02
3.873943497414385888e+02
3.245271815008234739e+02
3.534145693711002991e+02
3.994242403226557485e+02
4.724806028585370541e+02
4.727680919050328043e+02
5.061583156407860997e+02
4.969928834671371760e+02
4.694428324316023691e+02
5.230463855166185567e+02
5.389651295887219931e+02
4.672988363100433844e+02
5.283299474555890356e+02
5.232570692303294209e+02
5.664678601447210440e+02
5.281265248246902502e+02
5.317093547939937253e+02
6.202936406899872281e+02
6.238218052138597614e+02
6.352716150454569970e+02
6.091875000829592182e+02
6.767011407396046252e+02
7.405662174016708832e+02
6.926802499651766993e+02
7.216434949926224363e+02
7.028892846825390279e+02
6.276785541910992379e+02
5.940625028357264910e+02
6.688340132575503958e+02
6.193661784647385957e+02
6.131567310550553884e+02
7.422092052080778330e+02
6.876490327539986538e+02
8.541856213966486848e+02
7.916804650232063523e+02
7.547393368211779716e+02
7.034341642324640134e+02
7.886231221026466756e+02
4.577344939182415260e+02
8.161439382777090259e+02
7.908030842081956280e+02
6.783972098685233050e+02
8.318675608820694833e+02
9.560596709032624858e+02
7.851922989850806971e+02
9.085180624841783583e+02
6.842319764895930803e+02
8.948273479984967480e+02
9.185571871220848834e+02
9.364628742609027086e+02
9.360106496755904573e+02
1.000703724174236982e+03
9.192235977317517381e+02
7.776616315711778498e+02
9.505368731914262526e+02
9.571445490198220796e+02
9.782673638365147326e+02
8.219216185184981214e+02
8.699046295152251105e+02
9.950939281801080369e+02
9.335265823469828774e+02
9.591045830251608777e+02
9.755736287024612921e+02
9.907035110537897253e+02
8.758040956176733971e+02
7.802133972644761570e+02
9.295575479533263206e+02
1.012158933219820256e+03
7.014019487037405725e+02
9.725298823137829913e+02
8.699173618533656054e+02
1.061710619750435171e+03
9.978767099721708291e+02
1.059619907110401073e+03
8.573183193945058065e+02
1.072769713049822258e+03
1.127227549601329656e+03
1.003760399309229797e+03
1.111391466001344725e+03
9.539237511318684710e+02
1.010486768776574536e+03
1.116691786230700245e+03
8.955886617841393900e+02
1.066514081011973531e+03
1.038005827443305407e+03
9.590311821122526226e+02
1.092260189313988349e+03
9.210172106620287877e+02
8.832012846757276066e+02
9.876045612150455781e+02
8.877358679833271253e+02
1.097593591566527948e+03
1.066664397727472078e+03
1.142553389946814150e+03
1.054632974757147849e+03
1.194701181831960866e+03
8.820136805103072675e+02
9.007031425659972683e+02
1.111568484785666669e+03
1.132448652793574183e+03
1.136421891007943941e+03
1.015609214452530068e+03
9.728005966914572582e+02
7.635325851513111957e+02
9.093651889988983612e+02
6.920815153923600747e+02
9.345558176638717214e+02
9.129163973806025751e+02
9.065476476318463028e+02
1.041009672428571776e+03
8.935557577124136515e+02
9.553822249231747037e+02
9.355799726623214383e+02
7.866031206196714720e+02
1.017130730702595770e+03
7.326353847609191234e+02
8.643657103781739579e+02
9.699809680860935259e+02
9.254610847510066378e+02
1.004663905919154445e+03
7.989992339809689383e+02
1.008946425099979024e+03
8.476615405321783783e+02
8.947270098274123029e+02
7.634382216041284437e+02
9.225304806617253917e+02
8.161600968641844247e+02
5.740312352319588172e+02
8.434693632159429626e+02
8.295358018359395373e+02
6.486154638209241057e+02
7.057066170517848605e+02
6.307097543099069981e+02
1.007619352074735616e+03
9.218011649129000489e+02
8.929047671641089892e+02
8.859409851321186125e+02
8.757539841513601004e+02
7.347293071322781088e+02
1.052339332126345198e+03
9.090415801310218740e+02
8.856679354044806587e+02
9.809619913857968641e+02
7.526362401688929822e+02
7.990321124942653341e+02
6.834368757418739051e+02
6.413278145542903985e+02
7.633498729454935301e+02
6.917980357535624307e+02
8.493805424109275464e+02
7.695425965271053883e+02
5.632367289445846836e+02
6.375865791300418550e+02
5.700732554241479875e+02
8.203772352324115218e+02
5.266434646259866668e+02
4.203896588432415911e+02
5.341632089850232887e+02
4.884158157935970621e+02
6.199699364635080201e+02
2.206884316370375529e+02
6.457582337199385165e+02
4.891366047199325067e+02
6.448979080790707030e+02
5.552788979218336181e+02
4.436003490587229976e+02
5.183875586291410400e+02
3.581698407015124985e+02
5.185277569906725148e+02
3.660931528038627221e+02
4.589031878270961897e+02
5.238430032065674595e+02
6.132085284054728618e+02
7.268101412873805884e+02
3.385141256229532019e+02
3.300049738029732111e+02
5.577408868076053068e+02
7.117579696471224224e+02
4.725158256761427538e+02
5.561078173959894002e+02
5.715810852032169578e+02
5.274732075366313211e+02
5.490653992795872682e+02
5.104942353202204686e+02
2.287029905068122275e+02
3.197881804413738109e+02
4.471524660808889280e+02
4.523517384290659606e+02
6.594444955137385023e+02
4.124861279545839352e+02
6.230575396676015316e+02
4.469108906872494344e+02
3.414053971000697061e+02
4.601767955589081112e+02
4.222779740773065100e+02
3.104442796343722648e+02
1.404366698750429805e+02
