-1.886654690419933615e+02
-1.003083307632845056e+01
2.843039575337975293e+02
2.341527562457200133e+02
3.894693356486460516e+02
3.805646183830734799e+02
3.738860092821767580e+02
3.905258308411295047e+02
5.312017405081070365e+02
5.679724035915830882e+02
5.777151437062635750e+02
5.826910945090714904e+02
5.780575942861221392e+02
4.910147981149208931e+02
4.800867892056804749e+02
5.085178692991502203e+02
6.086818715459892246e+02
5.890782002564216100e+02
5.755091216477919716e+02
6.432153620597341614e+02
5.439350836596503314e+02
6.291829031053763401e+02
5.203580267411130080e+02
5.249507674201021246e+02
5.276908671550797862e+02
5.407363048930676541e+02
6.755915189800210783e+02
7.431343859047523210e+02
6.789214594456927898e+02
5.909165861060866973e+02
5.864620389466814459e+02
6.865636178407011130e+02
5.915030238402139275e+02
5.026858705742247366e+02
6.068430766999126718e+02
6.052894750629845930e+02
5.109477156322589622e+02
7.237155569261362871e+02
7.525917824132332044e+02
6.083696087658327087e+02
7.064047990898176295e+02
6.594596671396050169e+02
5.927041933812644174e+02
5.266878860435904244e+02
6.172464287739442170e+02
5.103060859835633778e+02
5.983020956420386938e+02
6.277359487901892408e+02
5.351230906332175437e+02
5.035706628278958306e+02
4.447025568477437218e+02
5.668767170802491364e+02
4.747883382777666839e+02
5.721987865171777230e+02
5.823094900726340484e+02
5.460328950373331054e+02
5.713193310437380887e+02
5.252323135438733743e+02
4.382505202911258380e+02
4.926000737082616752e+02
5.481629428070332324e+02
5.598142066049391588e+02
6.104037813351308159e+02
4.795495046270805801e+02
4.371493412588845899e+02
6.044283434258134093e+02
5.825382860188640279e+02
4.037183231114414639e+02
5.494179174187314629e+02
6.660848843439287066e+02
5.383472402880958043e+02
6.940421562846120196e+02
4.569107674502311056e+02
5.553971932582232967e+02
4.886520670704154554e+02
5.567542055360370341e+02
4.122417321494451130e+02
5.693238396860000421e+02
4.433072563806265975e+02
3.996359276783856558e+02
6.082437585661365347e+02
4.034115812179683189e+02
3.618688677732912993e+02
4.077693301919980513e+02
4.482547421830053054e+02
4.500008547378604931e+02
1.548205012739478832e+02
5.002028921901696776e+02
2.581539337669054817e+02
4.895875787828605326e+02
3.887937513356674799e+02
3.829219131082012950e+02
6.192771179374719850e+02
2.257914505302331349e+02
3.857734925811358835e+02
2.892684900632131075e+02
9.604594141573745958e+01
3.565016467361532477e+02
1.999816959985802356e+01
1.641332293259828989e-01
2.383559925842238556e+02
-1.584198772321891013e+01
1.067895181910720623e+02
2.587621796059967210e+02
1.393617807452344550e+02
2.466102808610650641e+02
1.976711422909585849e+02
1.302075965679759975e+02
-1.195016715134403285e+01
4.205192376017913602e+01
1.030812511782293939e+02
2.032383063602270852e+02
-9.297558333042960044e+01
-1.396667638239279654e+02
6.203179623911128004e+01
1.204681868968630098e+01
2.000737598449842558e+00
1.392294431885829624e+02
-1.511707492629910234e+02
-2.929584651450872457e+02
2.061957531438635556e+02
1.588246240675038905e+02
-1.299373140747067623e+02
-2.717661145992793692e+01
2.368488505422122259e+01
-6.350805953967962836e+01
-2.711386792273429478e+02
-6.539798958346156610e+01
-2.443409548212773643e+02
-1.678866075362612094e+02
-9.128285157381831993e+01
-2.530605429951365863e+02
-2.943163763458685480e+02
-1.154263342307753248e+02
-2.599341751782684540e+01
-1.172062549338679389e+02
-2.474696748178955659e+02
-8.247349595242204146e+01
-3.564416176878158637e+01
-2.206708075513452911e+02
-1.167367131357506196e+02
-9.710296582249510777e+01
-1.541819760425315167e+02
-2.268357155443146951e+02
-1.225163798049813977e+02
-1.415403122916877408e+02
-4.481412977000009050e+02
-3.950109345446931002e+02
-5.237605626305082751e+02
-1.241098093251197270e+02
-1.118050348594971837e+02
-5.163114383037145672e+02
-3.545981248524687999e+02
-2.119679005149927491e+02
-4.047050275129391252e+02
-4.140353820440474237e+02
-1.262516909699167797e+02
-3.003658569846687669e+02
-4.939172981399382252e+02
-5.868631671302593986e+02
-7.852307218673491889e+02
-8.956686237952092142e+02
-2.140289916835864403e+02
-3.393080121749311502e+02
-5.236950350995883809e+02
-7.934172968557231798e+02
-7.308501708077540115e+02
-4.446160316333617857e+02
-6.719942445956601205e+02
-4.529685070365905517e+02
-3.559948942337628068e+02
-5.775759774376256246e+02
-3.002762043344231415e+02
-9.047430817638885401e+02
-1.074040665978838888e+03
-4.339726170905324807e+02
-6.012266137199959530e+02
-4.581191402394441070e+02
-2.851132635324985358e+02
-5.421338751329976731e+02
-6.758306091792940151e+02
-6.318433497327735040e+02
-4.737100552307803696e+02
-4.533014053555721148e+02
-5.709651484217969255e+02
-4.573009456630604177e+02
-6.865750137281848993e+02
-4.820265352739123159e+02
-4.532861790847388761e+02
-6.762753992437025090e+02
-7.249961766911397945e+02
-7.408004493778015558e+02
-8.205124128784802906e+02
-5.662922670037562511e+02
-6.649039823296022860e+02
-5.770277218583474905e+02
-8.921604101549453389e+02
-6.918344833732297730e+02
-5.455353850343661861e+02
-7.943463971661958567e+02
-6.575158371425986843e+02
