-2.396453861738441447e+02
-1.064093010683927609e+01
2.358437681153174310e+02
2.452547532498430769e+02
3.428436251895366240e+02
5.395693490961523366e+02
4.797816040827819961e+02
5.080216698600822269e+02
5.218540607998999121e+02
5.426791554579619969e+02
5.335478440615174804e+02
4.575913501402672523e+02
5.201975923878992489e+02
5.101479117302947088e+02
4.753016989304126696e+02
5.624379717486897334e+02
3.971423812213406563e+02
4.586205695734858523e+02
5.010236497763609123e+02
6.053694793497563751e+02
4.812486817006487172e+02
4.501243276932347612e+02
4.084974957226351080e+02
4.666564194091782269e+02
5.822898195068585210e+02
4.954531092572462398e+02
5.751830983167253635e+02
5.756675416180738694e+02
6.280405554556934931e+02
5.751746955468423721e+02
5.368277711032466186e+02
5.374556732223252311e+02
5.887643678599612258e+02
6.168095420329161698e+02
5.621591098361275272e+02
5.903811837057188541e+02
5.337492800919912952e+02
5.439596792535488703e+02
6.700391209910046655e+02
5.072124523848466993e+02
6.332769587858019804e+02
6.779461227818237603e+02
5.430581774499164567e+02
4.328672249037119286e+02
7.158006742088088004e+02
6.030686803383329107e+02
6.997240098671480837e+02
6.680176185560186468e+02
6.958690790983280294e+02
6.896773342720946403e+02
6.210655772186451031e+02
7.970353629505577828e+02
8.380144097265805385e+02
7.344427348175846646e+02
8.570777331954177498e+02
6.645058609523393898e+02
9.095330521801557779e+02
8.824072979733207376e+02
8.752223237859727760e+02
7.036961542507718832e+02
5.158610263786850965e+02
4.300511593206226166e+02
7.023290898761949848e+02
4.425648385785764845e+02
6.065258076585923845e+02
7.888110497069569647e+02
6.500409731445067791e+02
8.973397194394622147e+02
5.890452792047772164e+02
7.881586126625943507e+02
5.672058193439528395e+02
7.919025938590949636e+02
7.852577333290797696e+02
8.971850002551121861e+02
7.119999625226404305e+02
5.604951997835549946e+02
4.554032525776927400e+02
7.926763563224319569e+02
8.162276892950351339e+02
8.989794565871640089e+02
8.078020543455976394e+02
6.599231395626493395e+02
7.129345190494301505e+02
9.079920614919872150e+02
7.982724855839908287e+02
8.280479830785968716e+02
6.905383722284641408e+02
1.006795140396288616e+03
8.534683357190009474e+02
7.666276391292444714e+02
8.904922619022411254e+02
9.200621251034133365e+02
8.183410036444015532e+02
9.070703310907314290e+02
8.382858033112100884e+02
5.938121336185359951e+02
8.475120952143157638e+02
7.107395689244718824e+02
7.231517457166484064e+02
7.243738496724229208e+02
6.086663190090355329e+02
6.410212162271739089e+02
4.388639306015916191e+02
6.252328294610783814e+02
7.214952273895936514e+02
5.295048361259985086e+02
7.166346735449958487e+02
6.030143185647136761e+02
7.025234154715604973e+02
6.829619566242774908e+02
6.245030287789091972e+02
5.497859309392543992e+02
4.592043573392473945e+02
5.816450144688348018e+02
5.337859187025459278e+02
7.895318986871052402e+02
5.464964345672474337e+02
5.482017783596053278e+02
4.590843454987401628e+02
5.441957954236922888e+02
4.632251768876126334e+02
5.646552534982005227e+02
4.716691635620351235e+02
4.253203013246484261e+02
4.968368093782268033e+02
5.945213604781438335e+02
4.487638298965095487e+02
2.907206981467734863e+02
3.097310789397632789e+02
4.693535459295928263e+02
5.859157686390104800e+02
3.724088455201332977e+02
4.420326856460009139e+02
3.497405610364954214e+02
4.672956999502312101e+02
4.064354276906975656e+02
3.672369561571627514e+02
3.468269943242416389e+02
3.233258268422351307e+02
3.617174359584574859e+02
1.853934366000875684e+02
1.379310460045316518e+02
2.843136213325260542e+02
2.747150987576128500e+02
2.201639744460341603e+02
1.037711465807537650e+02
1.079130696346705065e+02
2.817685729848318488e+02
2.831874904884746229e+02
2.565953577167283015e+02
1.588608491891356493e+02
2.253257936941996888e+02
-3.236117525631458847e+01
1.410329736946316643e+02
1.588172851903778238e+01
6.256584785218809941e+01
2.353699761364447056e+02
5.119095278005323024e+01
-2.937312607064640702e+02
-2.582393437966803162e+01
9.023273048087807524e+01
-3.000347318647074957e+01
-2.124627111551183134e+02
4.697119431473642237e+01
1.944214034798133639e+01
1.141945101701353167e+02
-1.166705390228901678e+02
-1.127365157503208621e+02
6.244386805003307472e+01
4.089243429571384070e+01
8.062476497026258926e+01
-8.326654501511274731e+00
1.312253373230083469e+02
-1.388076226440297773e+02
-9.439144900646360270e+01
1.254651518787573679e+02
-2.979002131258992563e+02
3.560991589291457871e+01
-2.085149472141533806e+02
-3.773980000822669467e+02
-1.446261182526894800e+02
-2.210405789704706763e+02
-5.184754285345896818e+01
-3.683924811191409390e+02
-2.384404932839132130e+02
-1.539197270658530670e+02
-3.889101340995688361e+02
-1.944151867631795199e+02
-1.153321260865010345e+02
-2.151544508453966102e+02
-1.623840490770603253e+02
-8.091793451972893081e+01
-1.704416354941873522e+02
-2.684266201365791744e+02
-1.744402279293018410e+02
-2.219278485539084755e+01
-1.827372002593056948e+02
-3.249935924838850951e+02
-8.184568259570491477e+01
-5.942273324938179258e+02
-3.871146489441906056e+02
