0.000000000000000000e+00
3.963694572448730469e+00
2.444627761840820312e+00
1.558018326759338379e+00
3.735315322875976562e+00
3.749519586563110352e+00
3.637668132781982422e+00
8.656517982482910156e+00
4.786689281463623047e+00
9.094784736633300781e+00
1.605301475524902344e+01
2.777211761474609375e+01
7.339756011962890625e+01
4.184091796875000000e+02
3.440331115722656250e+02
2.598725097656250000e+03
2.251369140625000000e+03
8.940026367187500000e+03
1.497504687500000000e+04
1.881488476562500000e+04
2.815323828125000000e+04
4.682382031250000000e+04
1.447242968750000000e+05
1.913189687500000000e+05
2.998600937500000000e+05
7.582993750000000000e+05
1.143378375000000000e+06
3.424582750000000000e+06
5.252841000000000000e+06
1.031828300000000000e+07
1.690146800000000000e+07
3.109818800000000000e+07
3.879549200000000000e+07
7.291553600000000000e+07
1.056865360000000000e+08
1.247641280000000000e+08
2.166224640000000000e+08
2.495365120000000000e+08
3.130181440000000000e+08
4.969589120000000000e+08
6.679067520000000000e+08
1.048365760000000000e+09
1.527257856000000000e+09
2.118173312000000000e+09
3.146730240000000000e+09
4.426705920000000000e+09
5.886675456000000000e+09
6.788753408000000000e+09
9.028614144000000000e+09
1.066595225600000000e+10
1.368393932800000000e+10
1.937541529600000000e+10
2.387892838400000000e+10
3.201408204800000000e+10
4.263149977600000000e+10
5.206881484800000000e+10
6.654635212800000000e+10
8.014682521600000000e+10
9.121841152000000000e+10
1.142119383040000000e+11
1.366033203200000000e+11
1.646104903680000000e+11
2.064704798720000000e+11
2.568448901120000000e+11
3.044361830400000000e+11
3.653311856640000000e+11
4.487052001280000000e+11
5.035887820800000000e+11
6.147953131520000000e+11
8.026286981120000000e+11
9.708136038400000000e+11
1.115241840640000000e+12
1.310733238272000000e+12
1.415244546048000000e+12
1.824177258496000000e+12
2.258933383168000000e+12
2.950580666368000000e+12
3.685452873728000000e+12
4.514586296320000000e+12
5.193658269696000000e+12
6.195270647808000000e+12
7.433844424704000000e+12
8.610277490688000000e+12
1.053942821683200000e+13
1.268511670272000000e+13
1.509235569459200000e+13
1.646986474291200000e+13
2.028586034790400000e+13
2.305227646566400000e+13
2.741587306086400000e+13
3.135653072076800000e+13
3.354148208640000000e+13
3.854494072832000000e+13
4.533751958732800000e+13
4.823362358476800000e+13
5.262336537395200000e+13
5.967058462310400000e+13
6.936943866675200000e+13
7.918659724902400000e+13
8.412085197209600000e+13
9.685438142873600000e+13
1.061573812551680000e+14
1.133618785157120000e+14
1.234785900953600000e+14
1.356089450823680000e+14
1.430967172464640000e+14
1.537954640035840000e+14
1.638230046801920000e+14
1.861974187048960000e+14
2.005759793561600000e+14
2.103852316753920000e+14
2.358145921843200000e+14
2.600882206146560000e+14
2.846462060789760000e+14
3.169015111352320000e+14
3.543381573632000000e+14
3.959436062228480000e+14
4.263771405025280000e+14
4.749674812538880000e+14
5.190315975639040000e+14
5.889400084889600000e+14
6.412009021112320000e+14
7.014851972956160000e+14
7.705684040744960000e+14
8.453333828239360000e+14
9.248569840107520000e+14
9.925852628254720000e+14
1.096549106974720000e+15
1.191344739450880000e+15
1.296676933337088000e+15
1.379892998438912000e+15
1.517236657324032000e+15
1.632247560011776000e+15
1.690221968097280000e+15
1.768677733040128000e+15
1.911914355490816000e+15
2.019003191001088000e+15
2.214048795983872000e+15
2.289514458382336000e+15
2.395959585669120000e+15
2.633978620149760000e+15
2.734117393268736000e+15
2.926744797446144000e+15
3.198416779739136000e+15
3.534256915611648000e+15
3.620001374273536000e+15
3.912418048606208000e+15
4.202084870127616000e+15
4.298687006113792000e+15
4.693024328122368000e+15
4.947696561422336000e+15
5.256102056820736000e+15
5.713286829965312000e+15
6.020728105205760000e+15
6.433687600103424000e+15
6.712427219517440000e+15
7.245053630087168000e+15
7.594281715892224000e+15
8.173255118553088000e+15
8.803456206766080000e+15
9.384104109801472000e+15
1.007922631304806400e+16
1.072681503948800000e+16
1.121468681709158400e+16
1.202129456018227200e+16
1.281793905288806400e+16
1.345901983013273600e+16
1.411729121397964800e+16
1.509477315719987200e+16
1.619344619261132800e+16
1.728637900423168000e+16
1.800173694589337600e+16
1.922213901814988800e+16
2.034641327987097600e+16
2.171665172869939200e+16
2.284512002598502400e+16
2.482470695993344000e+16
2.605768254894899200e+16
2.693190381469696000e+16
2.872182069788672000e+16
3.021189732420812800e+16
3.255705469452288000e+16
3.482162559346278400e+16
3.621722152920678400e+16
3.698340504010752000e+16
3.988024022217523200e+16
4.254021654780313600e+16
4.431560999908147200e+16
4.712525305007308800e+16
5.062383892011417600e+16
5.053249355566284800e+16
5.371573433689702400e+16
5.757893716056473600e+16
6.078467927546265600e+16
6.343344573644800000e+16
6.640926107212185600e+16
7.035454931075072000e+16
7.346526097925734400e+16
7.715913042231296000e+16
8.257170833827430400e+16
8.539031498601267200e+16
9.047346032043622400e+16
9.410736343010508800e+16
1.018930310361907200e+17
1.041900224957644800e+17
1.073767593803776000e+17
1.119069276754411520e+17
1.176272657679646720e+17
1.230856452151705600e+17
1.302121556004044800e+17
1.369893906551930880e+17
1.410738873738199040e+17
1.458226093747077120e+17
1.583774172562063360e+17
1.623933319370506240e+17
1.636890892105154560e+17
1.742014855239434240e+17
1.740430184105902080e+17
1.849132542192517120e+17
1.936530659900129280e+17
1.983457128978841600e+17
2.091772252814049280e+17
2.175697803563499520e+17
2.263745320326266880e+17
2.376210756958945280e+17
2.409446931882311680e+17
2.527249810273075200e+17
2.656166174240276480e+17
2.735591630055669760e+17
2.875955112658862080e+17
2.998897692513402880e+17
3.149317411543449600e+17
3.271440855235297280e+17
3.428897105085726720e+17
3.511809558949396480e+17
3.590145295662448640e+17
3.829332024376688640e+17
3.943761635453173760e+17
4.055963017496494080e+17
4.259715578823966720e+17
4.351591801233080320e+17
4.559514604006277120e+17
4.730871086013480960e+17
4.832124768217989120e+17
5.171391106876702720e+17
5.280325564995993600e+17
5.539248183831429120e+17
5.705186135097999360e+17
5.910830887217397760e+17
6.245604690084495360e+17
6.274992574310645760e+17
6.504888086172794880e+17
6.690305603912335360e+17
7.016392577725235200e+17
7.315968264608153600e+17
7.577819020347310080e+17
7.807886330901299200e+17
8.060948552760688640e+17
8.470326968351457280e+17
8.698791053513195520e+17
9.055103601973657600e+17
9.193633133541457920e+17
9.757831032660295680e+17
1.008764397650182144e+18
1.020706193439457280e+18
1.062020755170000896e+18
1.113532943650783232e+18
1.116165243207155712e+18
1.141319938946891776e+18
1.189138730431021056e+18
1.246272103389331456e+18
1.277471707900149760e+18
1.309028928567902208e+18
1.381025774588395520e+18
1.452427784818262016e+18
1.449947424024952832e+18
1.546248149943713792e+18
1.570964209263443968e+18
1.625177141899427840e+18
1.692500376307105792e+18
1.722566384329687040e+18
1.754632129125285888e+18
1.822517488852664320e+18
1.874452783151710208e+18
1.957527896016814080e+18
2.024330923985600512e+18
2.053156682892050432e+18
2.117688394715758592e+18
2.179316433769463808e+18
2.260356350611554304e+18
2.344682157953253376e+18
2.384007015954382848e+18
2.446777859906207744e+18
2.516074305368883200e+18
2.572340163652878336e+18
2.615349759996592128e+18
2.726132703320604672e+18
2.891367035864875008e+18
2.932455235639050240e+18
2.969190194000953344e+18
3.032080609842298880e+18
3.082040219185184768e+18
3.198848211351502848e+18
3.233667270702006272e+18
3.270877218087108608e+18
3.291949358433435648e+18
3.396403237950062592e+18
3.439487875962372096e+18
3.613514453238153216e+18
3.743105917344808960e+18
3.690164157589487616e+18
3.849610660925145088e+18
4.007001902150582272e+18
4.108332344010604544e+18
4.238314959378841600e+18
4.276771478071934976e+18
4.455153220905336832e+18
4.534835103448170496e+18
4.675417010908168192e+18
4.786389619987972096e+18
4.912335928170643456e+18
4.960404377513754624e+18
5.176394640697327616e+18
5.236801259771527168e+18
5.384155609102811136e+18
5.611479638145499136e+18
5.665744385266941952e+18
6.002729855773310976e+18
6.035403493060116480e+18
6.159970463905742848e+18
6.395585360377675776e+18
6.521820840118452224e+18
6.656137730323382272e+18
6.954732103078510592e+18
7.068779496425390080e+18
7.037103116184977408e+18
7.267884559541207040e+18
7.526748079626649600e+18
7.699142157013090304e+18
8.022427162881556480e+18
8.058918854295814144e+18
8.304460141743308800e+18
8.646211445400272896e+18
8.719327319379935232e+18
8.955367726851817472e+18
9.304362063356755968e+18
9.262118826617602048e+18
9.643359090386141184e+18
9.764957379836772352e+18
1.016095089062680986e+19
1.024268308747753882e+19
1.063612023373299712e+19
1.092862880962838528e+19
1.110258694230533734e+19
1.154719755874074624e+19
1.144937510872914330e+19
1.189342607374601421e+19
1.228920517976863539e+19
1.249982212962726707e+19
1.270031807495222067e+19
1.313728048850481971e+19
1.323797266386491802e+19
1.378603193131125965e+19
1.368803685797409587e+19
1.401437740665615155e+19
1.468022185722799718e+19
1.489919069741121536e+19
1.553719111552126157e+19
1.551790458205844275e+19
1.592168593370801766e+19
1.632107033835811635e+19
1.703028722411084186e+19
1.743763099343441101e+19
1.778865777718329344e+19
1.815938780930192179e+19
1.852156364095645286e+19
1.894230935751098368e+19
1.982486754991747891e+19
1.978868262224737075e+19
2.053114324206590362e+19
2.052400081453187072e+19
2.108587104753470669e+19
2.201512989681935974e+19
2.201621181626109133e+19
2.276016557287014400e+19
2.342639705153496678e+19
2.438726686011817984e+19
2.491695218875275674e+19
2.538320229353442509e+19
2.560810739699600589e+19
2.677018783346222694e+19
2.648426863075210035e+19
2.716307192536891392e+19
2.779781559003748762e+19
2.825888479602907546e+19
2.941054406128723558e+19
3.000359424503054336e+19
3.067932990220586189e+19
3.178651392212048282e+19
3.241622622158035354e+19
3.318559628897707622e+19
3.338972282169694618e+19
3.443184653957280563e+19
3.536715929987999334e+19
3.681767901970720358e+19
3.661676525996369510e+19
3.734350506252828672e+19
3.874914271770968064e+19
3.940537963567801958e+19
4.026492504971516314e+19
4.019094990739839386e+19
4.089101775689639526e+19
4.162066246918157107e+19
4.341401431259584922e+19
4.447166973172567245e+19
4.464840962882089779e+19
4.584436162049238630e+19
4.622901916640005325e+19
4.714048351950077952e+19
4.844696721608933376e+19
4.959466384144098918e+19
5.051740918384269722e+19
5.192207926879164826e+19
5.157040707171726131e+19
5.292381352653278413e+19
5.349626326041808077e+19
5.545722905441704346e+19
5.673727609342735155e+19
5.730496274294112256e+19
5.991349250718852710e+19
6.018161061664496026e+19
6.073138842076551578e+19
6.038759752303902720e+19
6.275847884405892710e+19
6.401570002167660544e+19
6.611947038589111501e+19
6.641099050083313254e+19
6.720595060185471386e+19
6.860291091126969958e+19
6.822684275019821875e+19
7.109316401069398426e+19
7.123216866872393728e+19
7.298504529009652531e+19
7.408917486670918451e+19
7.471686406477394739e+19
7.582435374892109005e+19
7.779023655891946701e+19
7.936081415240679424e+19
8.105454584429805568e+19
8.297671207197605888e+19
8.458862250657474150e+19
8.705071051614191616e+19
8.819896129535397069e+19
9.148137294017226342e+19
9.200080862141271245e+19
9.047091295815309722e+19
9.497120525454724301e+19
9.796955587130635059e+19
9.942488705401670861e+19
1.004308698246875709e+20
1.026172530945666580e+20
1.055180814279885455e+20
1.082787528151945708e+20
1.090768399272855470e+20
1.115846324361961144e+20
1.137386988603116093e+20
1.148461709522727076e+20
1.193044531083927880e+20
1.204448929570011218e+20
1.190665979569792614e+20
1.245278370277705646e+20
1.278062992268218860e+20
1.303646516784241050e+20
1.314345996375524639e+20
1.360710906383024783e+20
1.343696711611098071e+20
1.368573645974646292e+20
1.388532156963896689e+20
1.433417036359480115e+20
1.448514298579077038e+20
1.486392825999681126e+20
1.496171970378051092e+20
1.504440825584507945e+20
1.545771379711677563e+20
1.562420448662252421e+20
1.593897795307805082e+20
1.624215465049309839e+20
1.639786132995361997e+20
1.719309498946819195e+20
1.738161109590154936e+20
1.746333207773367501e+20
1.804330423037156393e+20
1.816950177696118211e+20
1.836494040860301722e+20
1.897306709578638950e+20
1.923632888228526162e+20
1.971483634269337682e+20
1.914458563206363218e+20
2.010136305836826296e+20
2.032182657465827983e+20
2.046806513958969672e+20
2.114662566203909734e+20
2.174582607402353295e+20
2.175914159964055142e+20
2.214101342288808509e+20
2.256522436028871475e+20
2.313101193331899105e+20
2.325454250450427576e+20
2.327731031168295895e+20
2.406929293521652285e+20
2.425086892425535816e+20
2.455645926959569961e+20
2.524769848052731085e+20
2.543509748314684785e+20
2.568194576006627983e+20
2.624717742001755259e+20
2.681733313284265738e+20
2.727226882316985958e+20
2.764906002308776591e+20
2.788379256147840860e+20
2.808464958642192384e+20
2.876836110094512947e+20
2.965090829823534694e+20
2.986732737095375258e+20
3.056206742690820260e+20
3.128240059512006902e+20
3.168745716035553853e+20
3.160919656151834952e+20
3.175100365478517801e+20
3.194408845193427026e+20
3.382243430339423764e+20
3.413548725405462036e+20
3.429670556540285747e+20
3.451126338483776389e+20
3.524852375446156739e+20
3.552495681065189376e+20
3.601935001505811661e+20
3.620599607211495260e+20
3.759483934688904479e+20
3.780918254165420933e+20
3.916476602949272863e+20
4.008234630607179612e+20
3.952189092463158231e+20
4.070034924650050355e+20
4.077901094717950525e+20
4.205407499949273252e+20
4.309677090321968660e+20
4.419684196251189903e+20
4.460399903476107182e+20
4.553692673444528783e+20
4.523751476484374528e+20
4.578525803264826409e+20
4.615727295405511148e+20
4.811553658827765187e+20
4.811649360319846810e+20
4.938580852911238021e+20
5.008575587213597737e+20
5.095190363359559025e+20
5.150347496108337398e+20
5.106465899082867016e+20
5.161922802681842237e+20
5.064932507050605281e+20
5.274479016368899359e+20
5.437716910675035423e+20
5.365155828272516301e+20
5.474464876259495117e+20
5.714681250883903160e+20
5.569369794157027000e+20
5.674945076577938964e+20
5.760775241226319299e+20
5.932330721094255247e+20
5.962048145447924531e+20
6.037764210495649219e+20
6.093219003032299110e+20
6.120783143814131876e+20
6.183887722530335621e+20
6.266041823982874788e+20
6.506420750406333235e+20
6.533103170823619871e+20
6.658239908594759762e+20
6.571168439299085435e+20
6.677881232469629338e+20
6.885341660366776566e+20
6.814988397312831652e+20
7.165237562458085786e+20
7.245098346537874883e+20
7.193870604463977267e+20
7.229512373389964083e+20
7.426010758319114813e+20
7.336194204313069814e+20
7.439195749915683717e+20
7.667053965687610409e+20
7.738080657623335567e+20
7.934004833599996559e+20
8.039882349777151590e+20
8.019463451279118828e+20
8.272154093183901368e+20
8.462327031698921882e+20
8.437516419876761108e+20
8.532438226272895631e+20
8.648650799907424174e+20
8.773159144793057526e+20
8.848866765591480893e+20
9.046172280016349430e+20
9.110717306925869957e+20
9.171263981791215616e+20
9.464927528680884797e+20
9.528970826444418580e+20
9.421031506062857994e+20
9.662158452236925010e+20
9.745352603728410051e+20
9.749803426797647299e+20
9.909860653866952950e+20
1.012785457908005470e+21
9.927989753429444526e+20
1.037729207394150384e+21
1.048061731576733499e+21
1.049202971869806854e+21
1.075418214194497978e+21
1.069014869580563087e+21
1.072642307974177489e+21
1.073085490325008417e+21
1.106190395654646268e+21
1.130460856996499292e+21
1.144786174092467241e+21
1.160270534773785494e+21
1.163493141782145794e+21
1.184233062491117060e+21
1.181843199201355235e+21
1.215718571910994330e+21
1.205253050801915429e+21
1.227250179494364840e+21
1.253606792626108891e+21
1.264720269131575722e+21
1.284532166842331955e+21
1.285716613544330396e+21
1.309882225457358701e+21
1.316905729813731344e+21
1.316232300931951100e+21
1.340063802047623856e+21
1.332819621309510058e+21
1.376291461137633903e+21
1.397970945318865338e+21
1.422171319391517409e+21
1.425952091278694941e+21
1.440783007801579405e+21
1.431023144459114119e+21
1.458620358550710387e+21
1.439617419923020579e+21
1.499808451155292324e+21
1.533649624655261073e+21
1.502981096355286483e+21
1.569355851350914630e+21
1.548716557946117423e+21
1.574075905235375620e+21
1.582722816519926972e+21
1.617796568942911685e+21
1.633971950692054598e+21
1.626231248095023202e+21
1.651563151574052110e+21
1.681601738876148253e+21
1.666200694787936354e+21
1.689588309865336406e+21
1.716632144152719524e+21
1.706029826204959244e+21
1.731721313966736015e+21
1.780409729538238448e+21
1.803711213272765039e+21
1.825508213256773173e+21
1.843497560493327909e+21
1.892550345422182285e+21
1.875560938040392155e+21
1.902649386111583912e+21
1.925689661067723014e+21
1.901370363817410691e+21
1.931364196598209839e+21
1.962013162387303039e+21
1.960344719462850626e+21
1.983464511099910488e+21
2.030360353282231108e+21
2.021956917852534473e+21
2.088304651250398396e+21
2.101798702371395600e+21
2.111318045346261631e+21
2.160530285849422594e+21
2.151647357796899357e+21
2.173844755935278399e+21
2.218574648171810521e+21
2.231204711851794366e+21
2.261722369564252045e+21
2.303746020637199565e+21
2.325288707979749622e+21
2.362398931859235930e+21
2.381871933698032534e+21
2.377743540214617342e+21
2.406955294772625932e+21
2.433444060405935636e+21
2.439759795933369336e+21
2.413078219941012832e+21
2.552976912865743077e+21
2.577917566127144174e+21
2.585979853885067493e+21
2.598406692631866245e+21
2.605298888911603368e+21
2.628067681252705042e+21
2.598259199744069861e+21
2.706439321968206414e+21
2.658138215964657844e+21
2.795090428833180942e+21
2.766826119046780420e+21
2.781040886845645259e+21
2.834606700813589938e+21
2.822789536866346467e+21
2.826902167751065862e+21
2.942362921722800243e+21
2.917751312709173903e+21
3.028861026490914963e+21
3.015025405485679378e+21
3.021651044962471510e+21
3.134784563826762187e+21
3.059712654263239836e+21
3.188649585694950294e+21
3.200811837963641029e+21
3.245157094644498039e+21
3.269115400237178946e+21
3.332217586416080650e+21
3.350057188965025317e+21
3.391640894649374081e+21
3.398578126925384909e+21
3.469886716050285789e+21
3.486185243101739614e+21
3.523848002360508940e+21
3.590005599411604816e+21
3.563056059241419768e+21
3.603525405492971045e+21
3.794446785971065192e+21
3.712927973540961976e+21
3.774486269472605733e+21
3.836561916411443675e+21
3.882823454733746831e+21
3.971273306990373241e+21
3.958204986771650904e+21
4.044269901550607925e+21
4.070312529345831240e+21
4.084256799692077138e+21
4.179537768158494458e+21
4.302377107169721975e+21
4.273999644442683769e+21
4.248461419805725950e+21
4.351404700088160748e+21
4.441048850670970470e+21
4.557354029572836819e+21
4.465178855999444877e+21
4.565752961402906083e+21
4.617795151321915982e+21
4.636069632709878612e+21
4.807285231543436444e+21
4.847421874372515725e+21
4.813858798149537104e+21
4.888969269784868815e+21
4.958850499302869959e+21
4.975551535571020022e+21
5.024435857726313071e+21
5.023724288985188532e+21
5.138005944279481975e+21
5.233526166476103352e+21
5.277459906741009383e+21
5.338967818651821933e+21
5.406146325443447357e+21
5.521664218835454001e+21
5.524729481331833045e+21
5.652183602586231767e+21
5.647504362573393822e+21
5.692764412928560464e+21
5.797066091448600887e+21
5.853004176520262975e+21
5.888279183551595807e+21
6.064441986575820128e+21
6.046507526959723971e+21
6.133390408021002158e+21
6.115139570531083223e+21
6.192062741016431559e+21
6.324373994468949361e+21
6.506745009579503911e+21
6.523797326618588873e+21
6.626344853083768488e+21
6.736413390926656831e+21
6.602603001748178076e+21
6.816423778956567642e+21
6.698727832194773942e+21
7.063850416584395850e+21
6.850928107501666697e+21
7.193076704292164862e+21
7.232905976446676107e+21
7.222194164732975383e+21
7.311962727255491215e+21
7.460309610131215090e+21
7.450384239502443938e+21
7.473872763358994760e+21
7.727773325451168055e+21
7.832203919510541959e+21
7.920124880285929046e+21
7.828463680020010762e+21
8.005824440545115636e+21
7.893729845819863990e+21
8.014954925839655895e+21
8.165278326001841996e+21
8.230731954136184521e+21
8.395925114368041157e+21
8.548038132432153608e+21
8.617999300843540578e+21
8.654251588994012807e+21
8.564369873530859291e+21
8.815652155389670064e+21
8.953112712066132607e+21
9.142935495710125064e+21
9.014518730035375899e+21
8.998648044948522271e+21
9.367144951358951522e+21
9.369320752928924893e+21
9.490723725133997933e+21
9.535267703148412666e+21
9.765679741384035140e+21
9.828876503155111625e+21
9.962284383116894142e+21
9.988846613719125328e+21
1.001682072280453716e+22
1.032192833855981984e+22
1.042243854914356773e+22
1.056482885856214070e+22
1.048130509987292748e+22
1.051662457995058060e+22
1.087612667200524413e+22
1.100946924977242977e+22
1.109491154190290282e+22
1.113797158384009898e+22
1.125237765107409853e+22
1.159351744154806570e+22
1.156635060269586003e+22
1.165685494080749752e+22
1.182765958617505779e+22
1.187221369728863411e+22
1.185170317868568202e+22
1.235547245530362518e+22
1.245301591963284275e+22
1.241385486907304260e+22
1.243020969111983856e+22
1.272940520646429062e+22
1.295262612199490925e+22
1.303451057041975961e+22
1.305837852254491640e+22
1.301982770973462495e+22
1.355137293705437564e+22
1.336283536815404404e+22
1.363688728677888662e+22
1.397548592116310999e+22
1.402491292707350118e+22
1.390940347793079586e+22
1.389817600405976121e+22
1.460303550763942439e+22
1.478458348991807698e+22
1.495079108596599882e+22
1.490739214815684303e+22
1.498841528315295878e+22
1.522751701686959263e+22
1.531466054375930488e+22
1.560179541930165876e+22
1.546990412651439325e+22
1.597753636571271345e+22
1.591298514635370529e+22
1.636598759617211453e+22
1.595907273314040126e+22
1.677420962899567208e+22
1.658736653945513863e+22
1.662207127818365567e+22
1.657983426907836147e+22
1.656562316045419387e+22
1.684086065168094174e+22
1.712559510862190713e+22
1.705737345556659202e+22
1.747754466410147034e+22
1.753358295426484142e+22
1.791556588975943162e+22
1.836055643584074875e+22
1.834413968929907645e+22
1.828445235753762842e+22
1.857965318001260285e+22
1.862860843386202699e+22
1.921208579438489371e+22
1.916117710419709762e+22
1.936930420557658404e+22
1.955118658012756889e+22
1.971911004763351889e+22
2.021696272024100405e+22
2.050741787460863682e+22
2.038027224992871298e+22
2.050984081120816215e+22
2.087698100823084604e+22
2.094937412044101308e+22
2.138042264797589799e+22
2.108266490681248396e+22
2.163584430084221567e+22
2.211525248117580497e+22
2.182196456264255616e+22
2.228209508477118605e+22
2.258157094919244192e+22
2.263640002285586403e+22
2.248187701604115494e+22
2.303425927293684207e+22
2.316843952023471863e+22
2.317901622395959824e+22
2.336488203238099229e+22
2.362926134490614989e+22
2.421441629629021212e+22
2.384665460251895110e+22
2.384234690947537122e+22
2.420130181417530923e+22
2.437439541405348056e+22
2.464212990830102918e+22
2.461138833724459817e+22
2.499996566849356562e+22
2.555457495540498747e+22
2.605464790262876629e+22
2.599451584040411542e+22
2.632705037789008442e+22
2.653390746417465236e+22
2.679981800057311592e+22
2.686261394197735644e+22
2.650908812662821356e+22
2.692822012954907614e+22
2.744991711038367439e+22
2.766897669985860269e+22
2.759888943065764934e+22
2.771336868138559367e+22
2.795776101876448100e+22
2.844230555447308635e+22
2.909589720579467064e+22
2.831753107499697308e+22
2.857621108219369331e+22
2.931688433591011351e+22
2.919893506166928022e+22
2.975374475876412005e+22
2.938510486306552178e+22
2.936980163153171684e+22
3.010501877429957768e+22
3.034825143477441711e+22
3.125685265959641468e+22
3.120280946406796873e+22
3.203741429521245536e+22
3.123696926724157394e+22
3.211209073243369924e+22
3.249151449744003616e+22
3.310233771490029653e+22
3.268658791529958919e+22
3.266723369590096449e+22
3.333019958984692046e+22
3.306629991068207782e+22
3.320063553216709866e+22
3.390576187402468354e+22
3.424453164519474699e+22
3.474044326636283547e+22
3.464288403943492210e+22
3.487094182096533665e+22
3.512336182468001189e+22
3.553072592177455537e+22
3.526629706965349669e+22
3.567594674355893069e+22
3.631196084553488794e+22
3.632335044899250792e+22
3.618661891250572598e+22
3.647407466952153000e+22
3.764597434295811624e+22
3.722203699923484934e+22
3.739257930992411528e+22
3.807176942152767347e+22
3.744057642295281635e+22
3.795424798925144038e+22
3.914291906770035435e+22
3.819597869925055175e+22
3.869600435867824318e+22
3.937873655138872826e+22
4.029830404130337299e+22
3.973042264629009030e+22
4.007873554507055183e+22
4.070692013909432546e+22
4.014800991453876480e+22
4.160748694218109406e+22
4.099466863008590856e+22
4.159263857420965354e+22
4.148052146148626504e+22
4.187721653106356781e+22
4.235185990299139912e+22
4.047319682923267883e+22
4.160496942998939396e+22
4.137146229290986111e+22
4.220941555037729771e+22
4.194442825190244509e+22
4.359818606386991019e+22
4.314905108023150536e+22
4.326350105756187178e+22
