0.000000000000000000e+00
0.000000000000000000e+00
6.884432792663574219e+00
3.191576302051544189e-01
1.144993305206298828e+00
6.926453113555908203e-01
8.969722986221313477e-01
2.115350961685180664e+00
2.243704795837402344e+00
2.817594289779663086e+00
2.036772727966308594e+00
1.761924028396606445e+00
1.548505067825317383e+00
1.334060311317443848e+00
1.258391618728637695e+00
1.135855197906494141e+00
1.120912790298461914e+00
1.198946833610534668e+00
1.268294453620910645e+00
1.885591030120849609e+00
1.703790068626403809e+00
1.739239454269409180e+00
1.746950984001159668e+00
1.710883259773254395e+00
1.606359362602233887e+00
1.604548931121826172e+00
1.560617208480834961e+00
1.606198191642761230e+00
1.615168690681457520e+00
1.645486831665039062e+00
1.625481843948364258e+00
1.506883740425109863e+00
1.500355243682861328e+00
8.387456893920898438e+00
6.638514995574951172e+00
1.337859725952148438e+01
1.202946281433105469e+01
1.077721691131591797e+01
1.075306701660156250e+01
1.019570064544677734e+01
1.748467254638671875e+01
1.725985527038574219e+01
1.808844566345214844e+01
2.723483276367187500e+01
3.196422958374023438e+01
4.216107177734375000e+01
3.816645812988281250e+01
3.681012344360351562e+01
3.946332550048828125e+01
4.128678512573242188e+01
4.272819519042968750e+01
4.581943893432617188e+01
4.335771560668945312e+01
4.775226974487304688e+01
5.427769088745117188e+01
5.819071960449218750e+01
5.827127075195312500e+01
6.212295913696289062e+01
6.229398345947265625e+01
6.151323318481445312e+01
6.894593811035156250e+01
7.417807769775390625e+01
6.806481933593750000e+01
7.838385009765625000e+01
8.038907623291015625e+01
7.945705413818359375e+01
8.465615844726562500e+01
8.276879882812500000e+01
8.293748474121093750e+01
1.063479995727539062e+02
1.094248733520507812e+02
9.864584350585937500e+01
1.080052795410156250e+02
1.118032531738281250e+02
1.099489059448242188e+02
1.143553619384765625e+02
1.247620697021484375e+02
1.287778472900390625e+02
1.307740936279296875e+02
1.442274017333984375e+02
1.487030181884765625e+02
1.508206939697265625e+02
1.702486114501953125e+02
1.867410583496093750e+02
1.907130889892578125e+02
2.227898101806640625e+02
2.362264099121093750e+02
2.426042327880859375e+02
2.888987426757812500e+02
3.259831848144531250e+02
3.299661865234375000e+02
3.739123840332031250e+02
4.194981994628906250e+02
4.392151794433593750e+02
4.598082275390625000e+02
5.087347106933593750e+02
5.160385742187500000e+02
5.499451293945312500e+02
6.110072021484375000e+02
6.260015869140625000e+02
6.481503295898437500e+02
8.621109008789062500e+02
8.837165527343750000e+02
9.488911132812500000e+02
9.817705078125000000e+02
1.064766479492187500e+03
1.270939331054687500e+03
1.399332763671875000e+03
1.388281005859375000e+03
1.489272705078125000e+03
1.709584350585937500e+03
1.646358276367187500e+03
1.777959106445312500e+03
2.062601318359375000e+03
2.135229980468750000e+03
2.260934570312500000e+03
2.251235107421875000e+03
2.496467041015625000e+03
2.666180419921875000e+03
2.837071533203125000e+03
2.829385009765625000e+03
3.031456054687500000e+03
3.197967773437500000e+03
3.424457031250000000e+03
3.940865478515625000e+03
4.540928222656250000e+03
5.239997070312500000e+03
5.174529785156250000e+03
5.734485839843750000e+03
6.183405273437500000e+03
6.987002929687500000e+03
6.701870117187500000e+03
7.174290039062500000e+03
7.255763671875000000e+03
7.828569335937500000e+03
7.828375000000000000e+03
8.338287109375000000e+03
8.565591796875000000e+03
9.587141601562500000e+03
1.025433789062500000e+04
1.136845117187500000e+04
1.158356152343750000e+04
1.284464843750000000e+04
1.366904101562500000e+04
1.487702636718750000e+04
1.617830957031250000e+04
1.577388964843750000e+04
1.669060546875000000e+04
1.775862304687500000e+04
1.985584375000000000e+04
1.974264843750000000e+04
2.053936132812500000e+04
2.205523632812500000e+04
2.546462695312500000e+04
3.009838085937500000e+04
3.029490039062500000e+04
3.561957031250000000e+04
3.616296875000000000e+04
3.840601171875000000e+04
3.812274218750000000e+04
4.719442968750000000e+04
4.830901562500000000e+04
5.150165625000000000e+04
5.296920312500000000e+04
5.588315234375000000e+04
5.794791015625000000e+04
6.046134375000000000e+04
6.423349609375000000e+04
7.270087500000000000e+04
7.497853125000000000e+04
8.499939062500000000e+04
8.553249218750000000e+04
9.229206250000000000e+04
1.000350156250000000e+05
1.032035312500000000e+05
1.178627421875000000e+05
1.307499843750000000e+05
1.349315781250000000e+05
1.513473593750000000e+05
1.581150468750000000e+05
1.677445156250000000e+05
1.871095937500000000e+05
2.059210625000000000e+05
2.160279843750000000e+05
2.482178281250000000e+05
2.689790000000000000e+05
2.831396562500000000e+05
3.223019062500000000e+05
3.475225625000000000e+05
3.788705937500000000e+05
4.251316562500000000e+05
4.479487187500000000e+05
4.821389375000000000e+05
5.194689375000000000e+05
5.597192500000000000e+05
6.479266250000000000e+05
6.896957500000000000e+05
7.402661875000000000e+05
8.415808750000000000e+05
8.870606875000000000e+05
9.296612500000000000e+05
1.037671312500000000e+06
1.144440875000000000e+06
1.265629500000000000e+06
1.514934500000000000e+06
1.573485875000000000e+06
1.682357250000000000e+06
1.866350500000000000e+06
1.992357625000000000e+06
2.171414500000000000e+06
2.421302500000000000e+06
2.728006500000000000e+06
2.731940250000000000e+06
2.947961750000000000e+06
3.359367000000000000e+06
3.527622250000000000e+06
4.041820250000000000e+06
4.395080500000000000e+06
4.989376500000000000e+06
5.434889500000000000e+06
6.019706000000000000e+06
6.655861000000000000e+06
7.045822500000000000e+06
8.071337000000000000e+06
9.284108000000000000e+06
1.059962100000000000e+07
1.146787400000000000e+07
1.292630000000000000e+07
1.449088300000000000e+07
1.533217400000000000e+07
1.741235800000000000e+07
2.032078400000000000e+07
2.220378400000000000e+07
2.485689600000000000e+07
2.761825600000000000e+07
3.041036000000000000e+07
3.397481600000000000e+07
3.692470400000000000e+07
4.059834800000000000e+07
4.890559600000000000e+07
4.987120400000000000e+07
5.575175200000000000e+07
6.276148400000000000e+07
6.864592800000000000e+07
7.416520000000000000e+07
8.217196000000000000e+07
9.323848000000000000e+07
1.004774160000000000e+08
1.113198320000000000e+08
1.308936640000000000e+08
1.417101600000000000e+08
1.563583520000000000e+08
1.618187680000000000e+08
1.868293440000000000e+08
2.096499200000000000e+08
2.289970720000000000e+08
2.494915200000000000e+08
2.838757760000000000e+08
3.169767360000000000e+08
3.401013120000000000e+08
3.697877760000000000e+08
4.208985280000000000e+08
4.615671040000000000e+08
5.144467840000000000e+08
5.739208960000000000e+08
6.363472000000000000e+08
7.083298560000000000e+08
7.765517440000000000e+08
8.547408640000000000e+08
8.988583040000000000e+08
1.005265600000000000e+09
1.065257792000000000e+09
1.237115520000000000e+09
1.382739840000000000e+09
1.569808128000000000e+09
1.682337664000000000e+09
1.905221760000000000e+09
1.997521280000000000e+09
2.256678144000000000e+09
2.548053760000000000e+09
2.762857728000000000e+09
3.004146432000000000e+09
3.447817728000000000e+09
3.792588800000000000e+09
4.219033344000000000e+09
4.518011904000000000e+09
5.226923008000000000e+09
5.780414464000000000e+09
6.382757888000000000e+09
7.331644928000000000e+09
8.232570880000000000e+09
8.938552320000000000e+09
9.794014208000000000e+09
1.097365401600000000e+10
1.216027750400000000e+10
1.420770611200000000e+10
1.602465484800000000e+10
1.694864588800000000e+10
1.987802316800000000e+10
2.228154368000000000e+10
2.485326848000000000e+10
2.751188582400000000e+10
3.187627827200000000e+10
3.639135846400000000e+10
4.184130355200000000e+10
4.558667776000000000e+10
5.104021504000000000e+10
5.625389465600000000e+10
6.497729740800000000e+10
7.681946419200000000e+10
8.266614374400000000e+10
9.351190937600000000e+10
1.063899545600000000e+11
1.198655160320000000e+11
1.304974540800000000e+11
1.550327152640000000e+11
1.635393863680000000e+11
1.880160665600000000e+11
2.189152092160000000e+11
2.449014620160000000e+11
2.760794112000000000e+11
3.256156160000000000e+11
3.562847928320000000e+11
4.182611722240000000e+11
4.593024696320000000e+11
5.243532083200000000e+11
6.046358568960000000e+11
6.590979768320000000e+11
7.867154432000000000e+11
8.823908597760000000e+11
1.007767781376000000e+12
1.156957863936000000e+12
1.312891469824000000e+12
1.458226724864000000e+12
1.637904809984000000e+12
1.844905377792000000e+12
2.121635332096000000e+12
2.417078042624000000e+12
2.688942342144000000e+12
3.018858430464000000e+12
3.493867028480000000e+12
3.956215119872000000e+12
4.545065779200000000e+12
5.046334914560000000e+12
5.550811119616000000e+12
6.549411987456000000e+12
7.186634768384000000e+12
8.411980234752000000e+12
9.127893925888000000e+12
1.019092559462400000e+13
1.211738305331200000e+13
1.319603116441600000e+13
1.482470457344000000e+13
1.712946937856000000e+13
1.920611857203200000e+13
2.113002694246400000e+13
2.466345543270400000e+13
2.828377731891200000e+13
3.239654404915200000e+13
3.417557067366400000e+13
3.985063175782400000e+13
4.515250883788800000e+13
5.097346878668800000e+13
5.631468424396800000e+13
6.590100091699200000e+13
7.427757545881600000e+13
8.448466590105600000e+13
9.524897801830400000e+13
1.026399540346880000e+14
1.159115791400960000e+14
1.277598000742400000e+14
1.475725093765120000e+14
1.604918548889600000e+14
1.798577953177600000e+14
1.931938197667840000e+14
2.200994410659840000e+14
2.404274709463040000e+14
2.699056769925120000e+14
2.882747823554560000e+14
3.239621689344000000e+14
3.507573290434560000e+14
3.832240605757440000e+14
4.099636545454080000e+14
4.473532239052800000e+14
4.912883234242560000e+14
5.405664293683200000e+14
5.949753099550720000e+14
6.132960298270720000e+14
6.702565571952640000e+14
7.217689856573440000e+14
7.875636567736320000e+14
8.184886963732480000e+14
8.841507603742720000e+14
9.929904661463040000e+14
1.053385021194240000e+15
1.146235503247360000e+15
1.209242941915136000e+15
1.301485820313600000e+15
1.380706760523776000e+15
1.462968403361792000e+15
1.608212788805632000e+15
1.714122521575424000e+15
1.865180413689856000e+15
1.937704023490560000e+15
2.179703955783680000e+15
2.272354184986624000e+15
2.387363477061632000e+15
2.561740491456512000e+15
2.725332842971136000e+15
2.929839321382912000e+15
3.077999855403008000e+15
3.374887590690816000e+15
3.583123442892800000e+15
3.783909942755328000e+15
4.047724819251200000e+15
4.308956809789440000e+15
4.430047775555584000e+15
4.869652173815808000e+15
5.277420126994432000e+15
5.487950833909760000e+15
5.712935716388864000e+15
6.167971932143616000e+15
6.559776565624832000e+15
6.694649813008384000e+15
7.327130455113728000e+15
7.697657820610560000e+15
8.005492085358592000e+15
8.502366114414592000e+15
9.151960053710848000e+15
9.748566444605440000e+15
1.037665065081241600e+16
1.079632479020646400e+16
1.137967154331648000e+16
1.187303873157529600e+16
1.240416082984960000e+16
1.331034202098892800e+16
1.390111155132825600e+16
1.474116098352742400e+16
1.507767918736179200e+16
1.649085549799014400e+16
1.723130249111142400e+16
1.823855929511116800e+16
1.910781987363225600e+16
2.001121255725465600e+16
2.117201981079552000e+16
2.138830362640384000e+16
2.333569333801779200e+16
2.403636571275264000e+16
2.474249484343705600e+16
2.637407346229248000e+16
2.805280437960704000e+16
2.867653241523404800e+16
3.065219374907392000e+16
3.116169927694745600e+16
3.309041447075840000e+16
3.435081772092620800e+16
3.564410968316313600e+16
3.779060978365235200e+16
3.942505529317785600e+16
4.162886743726489600e+16
4.201496352233881600e+16
4.599420347744256000e+16
4.650645563690188800e+16
4.845173651957350400e+16
5.134613645518438400e+16
5.301834331717632000e+16
5.592574411879219200e+16
5.730161541722931200e+16
6.048096925306060800e+16
6.289942238776524800e+16
6.530624045606502400e+16
6.861018270321868800e+16
6.680187262258380800e+16
7.297333260504268800e+16
7.700429685129216000e+16
8.074514464663142400e+16
8.403238376597094400e+16
8.710886884009574400e+16
9.010093203705036800e+16
9.223283354370048000e+16
9.694487652388044800e+16
1.004651777485701120e+17
1.047109590790963200e+17
1.096168597031485440e+17
1.132827860889763840e+17
1.199961463901388800e+17
1.213688437077442560e+17
1.260318467513384960e+17
1.252592336743956480e+17
1.353036847109898240e+17
1.369516378926612480e+17
1.465993284403855360e+17
1.521120907634933760e+17
1.528893424051159040e+17
1.606864603940126720e+17
1.688824090460160000e+17
1.750332832502251520e+17
1.824691601297899520e+17
1.871619272967454720e+17
1.946671077685985280e+17
2.018965169803100160e+17
2.064285836509184000e+17
2.152530749968875520e+17
2.173799771616051200e+17
2.243594536364277760e+17
2.300604386063155200e+17
2.384577009654169600e+17
2.444487680264765440e+17
2.531710563306700800e+17
2.586895739099545600e+17
2.759080634398801920e+17
2.813130564435968000e+17
2.923217276381429760e+17
2.996508659904675840e+17
3.183880559562588160e+17
3.205317943927767040e+17
3.248693334046146560e+17
3.446274886362726400e+17
3.548254589838950400e+17
3.578457487059189760e+17
3.797533117309255680e+17
3.849695323320483840e+17
3.871972803288760320e+17
4.020943228554444800e+17
4.148048834309652480e+17
4.323024427559157760e+17
4.443492075459051520e+17
4.662714078194565120e+17
4.657063275622563840e+17
4.912727560468561920e+17
5.070253904185262080e+17
5.268794780397076480e+17
5.341416149022146560e+17
5.465334201848954880e+17
5.646641951282298880e+17
5.855243015290880000e+17
5.944763877634867200e+17
6.318303024523509760e+17
6.242861408573194240e+17
6.321228412648161280e+17
6.542518871633428480e+17
6.810872551456112640e+17
7.137784846184611840e+17
7.277868812316180480e+17
7.448592731540029440e+17
7.547576953025331200e+17
7.810144452906844160e+17
8.264420738623078400e+17
8.311310786379120640e+17
8.567241359197470720e+17
8.679858837672427520e+17
9.183819305068789760e+17
9.311779093919825920e+17
9.766144714955816960e+17
9.936294826548920320e+17
1.011133707769085952e+18
1.048108978141134848e+18
1.046065741939343360e+18
1.133748633158549504e+18
1.118587673481576448e+18
1.139685171314819072e+18
1.179229794202550272e+18
1.187564092341092352e+18
1.243577062950699008e+18
1.283838567419740160e+18
1.319824208607313920e+18
1.353151642995785728e+18
1.405964759890657280e+18
1.417052097706196992e+18
1.454525103248244736e+18
1.450564387487088640e+18
1.531021288288550912e+18
1.524434389004451840e+18
1.580187874869903360e+18
1.613307089243865088e+18
1.644274421923315712e+18
1.670299587274866688e+18
1.703377707401740288e+18
1.761449513534357504e+18
1.819185831181549568e+18
1.862373548408963072e+18
1.962245350655787008e+18
2.053249729063550976e+18
2.053658884828037120e+18
2.095350991363768320e+18
2.163050533626052608e+18
2.239730611986104320e+18
2.305616922135232512e+18
2.370813426176884736e+18
2.416823039996985344e+18
2.462928586206609408e+18
2.565763159973429248e+18
2.593068981493432320e+18
2.689113521202921472e+18
2.791452764981428224e+18
2.911845714810109952e+18
2.976029431203627008e+18
3.051796227717857280e+18
3.049948498427379712e+18
3.297140427706073088e+18
3.196229999287861248e+18
3.289398216579088384e+18
3.494816125705781248e+18
3.457950325460172800e+18
3.668234947929309184e+18
3.675045322951753728e+18
3.776259216579231744e+18
3.923417577962864640e+18
3.974554214503284736e+18
4.047614288267837440e+18
4.249951090935595008e+18
4.335955989971861504e+18
4.439076436761903104e+18
4.574538193449254912e+18
4.480205868222119936e+18
4.868109172454981632e+18
5.127593916610117632e+18
5.055504436734984192e+18
5.215323399634550784e+18
5.372038990964719616e+18
5.302389877147435008e+18
5.668612461347995648e+18
5.791256386356641792e+18
6.055000638557782016e+18
5.915353315981393920e+18
6.126145088188841984e+18
6.323605831665319936e+18
6.494875108656545792e+18
6.730616998721486848e+18
6.547410323987496960e+18
6.766263715449798656e+18
6.979487607377887232e+18
7.271443128924504064e+18
7.488714872910249984e+18
7.513775491686334464e+18
7.914149456801431552e+18
8.223862091136630784e+18
8.174226837723938816e+18
8.379507857652973568e+18
8.718600542193975296e+18
8.722896883879510016e+18
8.742323605074870272e+18
9.266191417686884352e+18
9.359271674047889408e+18
9.428800391341932544e+18
9.566922141534781440e+18
1.038189885174002483e+19
1.039330518536657306e+19
1.062128892138592666e+19
1.084091087147604378e+19
1.070270555839948390e+19
1.114295001416099430e+19
1.180739698545393664e+19
1.184232297231024128e+19
1.188081577488705126e+19
1.238421947708289843e+19
1.249840266011580826e+19
1.238390061871084339e+19
1.283886863467990221e+19
1.340270149593831834e+19
1.341234971047205274e+19
1.358939307277654426e+19
1.443712093583835136e+19
1.412797454999145677e+19
1.476800466656637747e+19
1.505390077953232077e+19
1.481697141690938163e+19
1.591391128698801357e+19
1.552802558659212083e+19
1.619887171555871949e+19
1.638591513611783373e+19
1.654606450226154701e+19
1.735164808463070003e+19
1.766222823364021453e+19
1.759934826315933286e+19
1.781282614227343770e+19
1.863005245326911078e+19
1.896305934095037235e+19
1.900577096964295885e+19
1.858396752290250752e+19
1.974758287760110387e+19
2.018779654703703654e+19
2.094446505610969088e+19
2.112852110357613773e+19
2.175415421489695949e+19
2.125427884551464550e+19
2.158040059138277376e+19
2.249147791639052288e+19
2.303010887162868531e+19
2.317210200226293350e+19
2.282780313016441242e+19
2.407106710717910221e+19
2.378926447600336896e+19
2.416582301926083789e+19
2.476333062314314957e+19
2.568524253573100339e+19
2.674657911979062067e+19
2.650765084502838477e+19
2.656848682339323085e+19
2.680832109573675418e+19
2.641399444457442509e+19
2.738729093357476250e+19
2.807660116130660352e+19
2.908245858765189939e+19
2.889379118841856000e+19
2.877987078866468864e+19
3.037047488694032794e+19
3.106983025290353050e+19
3.097950097463522099e+19
3.178743091481804800e+19
3.153793853233614029e+19
3.334561701226033971e+19
3.332117266975162368e+19
3.448842740793815859e+19
3.494043883714012774e+19
3.503804468336105882e+19
3.550600342921229107e+19
3.549187030674885837e+19
3.689230727193087181e+19
3.797916791891768115e+19
3.818872164103225344e+19
3.800142203426386739e+19
3.939275284414464000e+19
4.098814421604761600e+19
3.943978555353438618e+19
4.121743197285751194e+19
4.030047885771092787e+19
4.250012663586750464e+19
4.183641303883028890e+19
4.319004379401787802e+19
4.361508420299050189e+19
4.385627307365944525e+19
4.517214220150269542e+19
4.581659675286778675e+19
4.605453986521153536e+19
4.773408345905797530e+19
4.832429690280162099e+19
4.954871305149297459e+19
4.963836283157531853e+19
5.223118277368505958e+19
5.085184103859355648e+19
5.134371416234891674e+19
5.191705230162945638e+19
5.394196569189987123e+19
5.348566836637283123e+19
5.454622649619998310e+19
5.602509602383776973e+19
5.656590621112218419e+19
5.681347664727873946e+19
5.744764856590086963e+19
5.892179459158573056e+19
6.133235948627532186e+19
6.203803484507498086e+19
6.256665364743061504e+19
6.234131093834117939e+19
6.416878282658860237e+19
6.536628732867851059e+19
6.565332583422571315e+19
6.663101597169064346e+19
6.680276408599576576e+19
6.765142433491792691e+19
6.849705872784044851e+19
7.178828845591350477e+19
7.148959072906536550e+19
7.378438144739665510e+19
7.293322750610269798e+19
7.603867055540718797e+19
7.406861839731628442e+19
7.728009834800349184e+19
7.883873084716666061e+19
8.136548773263310848e+19
8.120523171386150093e+19
8.147359171587604480e+19
8.331320661054062592e+19
8.571848945137038131e+19
8.574231806736754278e+19
8.782687776442155008e+19
8.963815164736857702e+19
9.065652811310773043e+19
9.194880611946541875e+19
9.579936620868114842e+19
9.356516737713333862e+19
9.737460573147024589e+19
9.782833459783480115e+19
1.035935138669154796e+20
1.016728429750512517e+20
1.014202719600115712e+20
1.010263829144770970e+20
1.008725040631465902e+20
1.057912177085141484e+20
1.090266230322217615e+20
1.070407291105978614e+20
1.127917642620988293e+20
1.119837639531718246e+20
1.149646631213748716e+20
1.132750743892970701e+20
1.209414324081047634e+20
1.153736110781633659e+20
1.185551315360169329e+20
1.183196249414403359e+20
1.242957697055656509e+20
1.294929148794581811e+20
1.261322619872073482e+20
1.281539472113386127e+20
1.292509343604172390e+20
1.326497271120123658e+20
1.363600598862680556e+20
1.341969686707117752e+20
1.375349628273374003e+20
1.384361313535556321e+20
1.403158476363084595e+20
1.449085780742729892e+20
1.449004152999483802e+20
1.418481094485910487e+20
1.504639793208670290e+20
1.516942888518832620e+20
1.506116129461517681e+20
1.521009674166720266e+20
1.572152270060162908e+20
1.526874908993928561e+20
1.576473086874531922e+20
1.615152850408528937e+20
1.598989325792779960e+20
1.659007531389351363e+20
1.670662882409358295e+20
1.684879479795571753e+20
1.661613989673692037e+20
1.763024849814169846e+20
1.771713982345227796e+20
1.842589381480970977e+20
1.803711354010253394e+20
1.884491681654584115e+20
1.872763147140632412e+20
1.847418084706442281e+20
1.841510804554587832e+20
1.948297484906518282e+20
1.948089193423752397e+20
2.013083876608568197e+20
2.034725080192966984e+20
2.063893804263910932e+20
2.069025444933067080e+20
2.110737045809958748e+20
2.071371362942089953e+20
2.150534792767078400e+20
2.188807121272286740e+20
2.099883018864274964e+20
2.203234297125451858e+20
2.251630400933640274e+20
2.266694062077892362e+20
2.332019302438482739e+20
2.308337933038513029e+20
2.321000612631423222e+20
2.404538691360076595e+20
2.403434605763929047e+20
2.415475049736448246e+20
2.459705147967458509e+20
2.465088180975189361e+20
2.528194342988137103e+20
2.591592359367561708e+20
2.526234397540928717e+20
2.611771476369809080e+20
2.758677664761611551e+20
2.626658687888035676e+20
2.675189371919463875e+20
2.675565668778953933e+20
2.773583699918905672e+20
2.784589019664571433e+20
2.827800178479889121e+20
2.839647988015221965e+20
2.825078843220678410e+20
2.884517738130807194e+20
2.911148789364844134e+20
2.960466547799899505e+20
3.039929748475084800e+20
3.042375414178979512e+20
3.098640150961114317e+20
3.069062056720916808e+20
3.178951295003640463e+20
3.235924293195923456e+20
3.307689856945514086e+20
3.307471713838563328e+20
3.335141759580383478e+20
3.319578656274330419e+20
3.561444474262262907e+20
3.520890966992675144e+20
3.538403988199891272e+20
3.478081085941030584e+20
3.446489038242468332e+20
3.675672297467260436e+20
3.621845837670881690e+20
3.604527737885037691e+20
3.671149346435241083e+20
3.683349879300764467e+20
3.887898448563839959e+20
3.914323671221157233e+20
3.908702264092524544e+20
3.892196571458211676e+20
3.815783152155686339e+20
4.074869257375055872e+20
4.226518826890014228e+20
4.045502621211112243e+20
4.207281419606724444e+20
4.201762750844591145e+20
4.208608222278194299e+20
4.404129185350717276e+20
4.376169924070326927e+20
4.399097468298293412e+20
4.564282817599546327e+20
4.527970434541546373e+20
4.362277726594772500e+20
4.666374495339943035e+20
4.434459521466174013e+20
4.816678262622503567e+20
4.841125419880986706e+20
4.718368201194214523e+20
4.799057929080416502e+20
4.720014126120530084e+20
4.858933637970028134e+20
4.767935592749240156e+20
4.886568147496038564e+20
5.017894871848766669e+20
5.225931619760728965e+20
5.055562908763349320e+20
5.132898158614602056e+20
5.137634678785200620e+20
5.086316161031313818e+20
5.519421004008558428e+20
5.485759059700010189e+20
5.442624778737706598e+20
5.396521992302268252e+20
5.587212492930715484e+20
5.485953981121382318e+20
5.502456155318486303e+20
5.697833214309165957e+20
5.669512257683702415e+20
5.725767142841652347e+20
5.856240646171226276e+20
5.982262270900400292e+20
5.875655382689843773e+20
5.908805746228220396e+20
5.959527537031480607e+20
5.978617873639439073e+20
6.038443268876963676e+20
6.038410195567200174e+20
6.180714795855364751e+20
6.115878442344948695e+20
6.557079209339833549e+20
6.253580926763894047e+20
6.514978997073220731e+20
6.455371041255205110e+20
6.581841266728511734e+20
6.747222592982299443e+20
6.588884474333254124e+20
6.669061214074400932e+20
6.946531505553906074e+20
6.635417213795617997e+20
6.817639891593446031e+20
7.063345731951153644e+20
7.036983489319875379e+20
6.968578033104768205e+20
7.090245591787949261e+20
7.147007835591420150e+20
7.211595083747447276e+20
7.250806659065566986e+20
7.300429993772213862e+20
7.490277828689133568e+20
7.308931945443759227e+20
7.395850010877126246e+20
7.670807434502047007e+20
7.573005435406720696e+20
7.563778685670145393e+20
7.731173261694856069e+20
7.894253530014034166e+20
7.964458315017764209e+20
7.779981726343925596e+20
7.970325660907297833e+20
7.835998061459113247e+20
7.888701436098416476e+20
8.164923386056209859e+20
8.324635102591603180e+20
8.435897938760674836e+20
8.194630958785694269e+20
8.372226187966399119e+20
8.482937333181117891e+20
8.490320421820238397e+20
8.563938090916585144e+20
8.743243984268249006e+20
8.942776669446340608e+20
8.652197384613978440e+20
8.556189084807740785e+20
8.552331470251921244e+20
9.005609624810018570e+20
9.072519745211350385e+20
9.052613834858372792e+20
9.117484669053435904e+20
9.289719910990128087e+20
9.320084024102790103e+20
9.297471028161297777e+20
9.088514560762933412e+20
9.796053987595858739e+20
