1.202577911317348480e-02
1.171346902847290039e+00
1.091614246368408203e+00
1.541748046875000000e-01
5.841190218925476074e-01
2.300727814435958862e-01
1.164086818695068359e+00
7.790458798408508301e-01
7.325942516326904297e-01
1.546818494796752930e+00
1.002104163169860840e+00
9.151493310928344727e-01
7.253364324569702148e-01
6.635246872901916504e-01
6.113831996917724609e-01
5.744084119796752930e-01
5.357447266578674316e-01
5.096129775047302246e-01
1.000078558921813965e+00
7.345026731491088867e-01
6.403160691261291504e-01
7.584426403045654297e-01
8.485944867134094238e-01
7.843813300132751465e-01
7.256319522857666016e-01
6.838809251785278320e-01
5.935369133949279785e-01
5.848118066787719727e-01
5.007966756820678711e-01
4.422222673892974854e-01
4.393333792686462402e-01
3.719699084758758545e-01
3.533270359039306641e-01
3.693438768386840820e-01
2.831851243972778320e+00
1.843952775001525879e+00
1.376951456069946289e+00
1.083331465721130371e+00
1.129628300666809082e+00
9.858796596527099609e-01
7.743024230003356934e-01
6.970670223236083984e-01
6.392093300819396973e-01
5.629929304122924805e-01
5.460787415504455566e-01
4.819286465644836426e-01
4.494149684906005859e-01
4.283539950847625732e-01
3.896409571170806885e-01
3.780058920383453369e-01
3.834126293659210205e-01
3.733832836151123047e-01
3.618172705173492432e-01
3.506239056587219238e-01
3.191153705120086670e-01
3.152218759059906006e-01
2.854983508586883545e-01
2.573954463005065918e-01
2.325435429811477661e-01
2.070094794034957886e-01
1.876046657562255859e-01
1.703628152608871460e-01
1.532383114099502563e-01
1.407484412193298340e-01
1.505226194858551025e-01
1.345289349555969238e-01
1.324525624513626099e-01
1.211511939764022827e-01
1.459465920925140381e-01
1.197513639926910400e-01
1.361098289489746094e-01
1.091857925057411194e-01
1.051469743251800537e-01
9.451489150524139404e-02
9.817749261856079102e-02
9.085196256637573242e-02
8.571205288171768188e-02
8.079263567924499512e-02
8.200436830520629883e-02
7.781915366649627686e-02
8.016551285982131958e-02
7.954846322536468506e-02
7.718397676944732666e-02
7.291128486394882202e-02
6.984498351812362671e-02
6.718263775110244751e-02
6.481158733367919922e-02
6.259798258543014526e-02
6.370702385902404785e-02
6.335124373435974121e-02
6.479293853044509888e-02
6.474267691373825073e-02
7.004765421152114868e-02
6.434434652328491211e-02
6.698635220527648926e-02
6.778620928525924683e-02
6.947509199380874634e-02
6.980130076408386230e-02
6.863075494766235352e-02
7.179196178913116455e-02
7.412125915288925171e-02
7.126109302043914795e-02
7.683445513248443604e-02
7.356269657611846924e-02
7.665130496025085449e-02
7.575054466724395752e-02
7.724710553884506226e-02
7.897797971963882446e-02
8.229553699493408203e-02
8.329433947801589966e-02
8.627838641405105591e-02
8.891873061656951904e-02
9.487629681825637817e-02
9.898927062749862671e-02
1.065970659255981445e-01
1.097541525959968567e-01
1.146516129374504089e-01
1.196322813630104065e-01
1.254087239503860474e-01
1.312385052442550659e-01
1.363603472709655762e-01
1.436498463153839111e-01
1.511568874120712280e-01
1.597341150045394897e-01
1.683978885412216187e-01
1.745853573083877563e-01
1.860794126987457275e-01
1.979152113199234009e-01
2.114821225404739380e-01
2.158126682043075562e-01
2.209934592247009277e-01
2.324050664901733398e-01
2.380007803440093994e-01
2.446367293596267700e-01
2.500092685222625732e-01
2.748998999595642090e-01
2.785067856311798096e-01
2.789002060890197754e-01
2.832337915897369385e-01
2.880750000476837158e-01
2.917667627334594727e-01
2.881755530834197998e-01
2.919575273990631104e-01
2.995851337909698486e-01
3.018700480461120605e-01
2.995604276657104492e-01
2.961843907833099365e-01
2.944712936878204346e-01
2.914386987686157227e-01
2.849131524562835693e-01
2.834781408309936523e-01
2.831003367900848389e-01
2.900187373161315918e-01
2.816114723682403564e-01
2.773637473583221436e-01
2.790811359882354736e-01
2.733650207519531250e-01
2.724339962005615234e-01
2.663176357746124268e-01
2.637622058391571045e-01
2.636879384517669678e-01
2.634921371936798096e-01
2.556209266185760498e-01
2.555718719959259033e-01
2.493382245302200317e-01
2.511470019817352295e-01
2.545193433761596680e-01
2.577232122421264648e-01
2.635919749736785889e-01
2.642403841018676758e-01
2.773211002349853516e-01
2.782490253448486328e-01
2.784317135810852051e-01
2.766951918601989746e-01
2.824927270412445068e-01
2.943050563335418701e-01
2.897952795028686523e-01
2.963507473468780518e-01
3.008287250995635986e-01
3.065193295478820801e-01
3.149975538253784180e-01
3.162588179111480713e-01
3.233668506145477295e-01
3.213371038436889648e-01
3.252946734428405762e-01
3.218178451061248779e-01
3.212318718433380127e-01
3.263616859912872314e-01
3.295492529869079590e-01
3.298453986644744873e-01
3.366121053695678711e-01
3.377065360546112061e-01
3.371347188949584961e-01
3.455487191677093506e-01
3.466251194477081299e-01
3.538032472133636475e-01
3.494727611541748047e-01
3.494433462619781494e-01
3.500517308712005615e-01
3.535424172878265381e-01
3.526441156864166260e-01
3.488829433917999268e-01
3.433061242103576660e-01
3.381657898426055908e-01
3.365685939788818359e-01
3.410743176937103271e-01
3.409986793994903564e-01
3.397745788097381592e-01
3.410091698169708252e-01
3.418132066726684570e-01
3.511642515659332275e-01
3.564483225345611572e-01
3.570721447467803955e-01
3.558070659637451172e-01
3.529568016529083252e-01
3.574816882610321045e-01
3.653138279914855957e-01
3.719613850116729736e-01
3.740827739238739014e-01
3.743985295295715332e-01
3.885549306869506836e-01
3.993934988975524902e-01
3.997231423854827881e-01
4.107917547225952148e-01
4.050255119800567627e-01
4.016626477241516113e-01
4.104237556457519531e-01
4.051207900047302246e-01
4.052551090717315674e-01
4.077526628971099854e-01
4.159165620803833008e-01
4.174074232578277588e-01
4.346022605895996094e-01
4.291091263294219971e-01
4.316014051437377930e-01
4.320807754993438721e-01
4.323151111602783203e-01
4.369726181030273438e-01
4.359134435653686523e-01
4.348649382591247559e-01
4.369461834430694580e-01
4.388818740844726562e-01
4.433319270610809326e-01
4.420108497142791748e-01
4.396454691886901855e-01
4.374625682830810547e-01
4.353804886341094971e-01
4.316964745521545410e-01
4.240396320819854736e-01
4.287903904914855957e-01
4.302848577499389648e-01
4.180671870708465576e-01
4.211688637733459473e-01
4.207994043827056885e-01
4.243533611297607422e-01
4.115514755249023438e-01
4.243720769882202148e-01
4.152263700962066650e-01
4.194253683090209961e-01
4.107616543769836426e-01
4.082899093627929688e-01
4.091655313968658447e-01
4.057516157627105713e-01
4.036617577075958252e-01
3.934006989002227783e-01
3.845851719379425049e-01
3.829229772090911865e-01
3.917746543884277344e-01
3.772749602794647217e-01
3.766369521617889404e-01
3.710341453552246094e-01
3.746644854545593262e-01
3.702974319458007812e-01
3.660850226879119873e-01
3.752270638942718506e-01
3.722838461399078369e-01
3.714554607868194580e-01
3.670790493488311768e-01
3.713962435722351074e-01
3.711956143379211426e-01
3.751468360424041748e-01
3.722835183143615723e-01
3.704507946968078613e-01
3.767722845077514648e-01
3.822805881500244141e-01
3.842420578002929688e-01
3.864565789699554443e-01
3.882925510406494141e-01
3.863047957420349121e-01
3.913480937480926514e-01
3.915430903434753418e-01
3.941082656383514404e-01
4.037469029426574707e-01
4.137832522392272949e-01
5.512765645980834961e-01
5.247088670730590820e-01
5.155624747276306152e-01
5.262789130210876465e-01
5.355337858200073242e-01
5.012792944908142090e-01
5.274703502655029297e-01
5.146107077598571777e-01
5.268492698669433594e-01
5.418400764465332031e-01
4.911098778247833252e-01
5.306090116500854492e-01
5.593031048774719238e-01
5.382595658302307129e-01
5.320280790328979492e-01
5.442643761634826660e-01
5.535445809364318848e-01
5.355355143547058105e-01
5.634999871253967285e-01
5.540077090263366699e-01
5.325559973716735840e-01
5.450241565704345703e-01
5.508178472518920898e-01
5.618916153907775879e-01
5.641997456550598145e-01
5.591759085655212402e-01
5.174701213836669922e-01
5.466249585151672363e-01
5.281412601470947266e-01
5.119609236717224121e-01
5.300638675689697266e-01
5.446165800094604492e-01
6.901654005050659180e-01
6.345027089118957520e-01
6.130601167678833008e-01
6.437662839889526367e-01
6.409171223640441895e-01
6.064264178276062012e-01
5.944755673408508301e-01
6.991212964057922363e-01
6.245524883270263672e-01
6.260564923286437988e-01
5.971530675888061523e-01
6.228769421577453613e-01
5.834033489227294922e-01
5.970193743705749512e-01
5.748847723007202148e-01
6.042551994323730469e-01
6.232426166534423828e-01
5.659300088882446289e-01
6.061253547668457031e-01
6.090348958969116211e-01
6.353300809860229492e-01
6.229554414749145508e-01
6.747009158134460449e-01
5.532764792442321777e-01
5.797562003135681152e-01
5.819541215896606445e-01
7.520061731338500977e-01
6.583305597305297852e-01
6.565200090408325195e-01
6.808958649635314941e-01
6.976335644721984863e-01
6.902257204055786133e-01
6.773609519004821777e-01
6.741465926170349121e-01
6.429516673088073730e-01
6.824218034744262695e-01
6.615175008773803711e-01
6.711339950561523438e-01
6.585623621940612793e-01
6.514594554901123047e-01
6.279658675193786621e-01
6.116694211959838867e-01
6.014254093170166016e-01
6.400076746940612793e-01
6.434113979339599609e-01
7.399545907974243164e-01
5.709218382835388184e-01
7.490600943565368652e-01
6.807487010955810547e-01
6.121990084648132324e-01
6.873172521591186523e-01
6.367478966712951660e-01
6.788523793220520020e-01
6.757453680038452148e-01
6.626898050308227539e-01
7.291153073310852051e-01
7.176536917686462402e-01
6.619755625724792480e-01
6.481918692588806152e-01
6.813529133796691895e-01
6.399307847023010254e-01
7.315099239349365234e-01
6.672837138175964355e-01
6.956535577774047852e-01
7.029176354408264160e-01
6.525879502296447754e-01
7.171868085861206055e-01
6.965740919113159180e-01
6.944535374641418457e-01
6.702390313148498535e-01
7.100329399108886719e-01
6.672292351722717285e-01
7.461935877799987793e-01
7.111003398895263672e-01
7.318426370620727539e-01
7.077206969261169434e-01
7.662946581840515137e-01
8.186818957328796387e-01
9.433556795120239258e-01
8.657271265983581543e-01
8.710346817970275879e-01
7.743557691574096680e-01
8.876625299453735352e-01
8.861186504364013672e-01
1.004951238632202148e+00
9.598744511604309082e-01
9.243819713592529297e-01
9.086117148399353027e-01
1.002395391464233398e+00
1.108840942382812500e+00
1.124541521072387695e+00
1.171377658843994141e+00
1.030255913734436035e+00
1.174551248550415039e+00
1.048616170883178711e+00
1.222480893135070801e+00
1.220077872276306152e+00
1.139440178871154785e+00
1.170054554939270020e+00
1.200748920440673828e+00
1.216100931167602539e+00
1.233615159988403320e+00
1.233943819999694824e+00
1.230921745300292969e+00
1.228439450263977051e+00
1.199146747589111328e+00
1.267130732536315918e+00
1.230516314506530762e+00
1.363275408744812012e+00
1.298090815544128418e+00
1.309191703796386719e+00
1.153683304786682129e+00
1.273698568344116211e+00
1.364811420440673828e+00
1.254967570304870605e+00
1.354470252990722656e+00
1.353084683418273926e+00
1.299556612968444824e+00
1.174307942390441895e+00
1.237385988235473633e+00
1.286888957023620605e+00
1.268426060676574707e+00
1.342354059219360352e+00
1.311885476112365723e+00
1.306542396545410156e+00
1.316438674926757812e+00
1.263820052146911621e+00
1.186466574668884277e+00
1.302088141441345215e+00
1.177925348281860352e+00
1.349199175834655762e+00
1.389735341072082520e+00
1.201792240142822266e+00
1.277332186698913574e+00
1.318303942680358887e+00
1.134259343147277832e+00
1.387600302696228027e+00
1.260441064834594727e+00
1.298481225967407227e+00
1.231562018394470215e+00
1.226503491401672363e+00
1.382499456405639648e+00
1.310562252998352051e+00
1.235761761665344238e+00
1.255916833877563477e+00
1.315724134445190430e+00
1.213144779205322266e+00
1.399199485778808594e+00
1.305638909339904785e+00
1.287004828453063965e+00
1.258325576782226562e+00
1.285960674285888672e+00
1.253754854202270508e+00
1.215326189994812012e+00
1.298761367797851562e+00
1.507871270179748535e+00
1.355448722839355469e+00
1.313395738601684570e+00
1.399165868759155273e+00
1.351277112960815430e+00
1.394543409347534180e+00
1.275588631629943848e+00
1.405206680297851562e+00
1.425422787666320801e+00
1.381007790565490723e+00
1.359394788742065430e+00
1.344229698181152344e+00
1.248302698135375977e+00
1.460187792778015137e+00
1.367392301559448242e+00
1.427590489387512207e+00
1.457533001899719238e+00
1.389117717742919922e+00
1.523733854293823242e+00
1.310690045356750488e+00
1.482505321502685547e+00
1.489989042282104492e+00
1.539094448089599609e+00
1.564557790756225586e+00
1.612457394599914551e+00
1.424807071685791016e+00
1.639958262443542480e+00
1.667253613471984863e+00
1.607849121093750000e+00
1.501482725143432617e+00
1.595306038856506348e+00
1.538234353065490723e+00
1.585135221481323242e+00
1.497544527053833008e+00
1.508359909057617188e+00
1.667689919471740723e+00
1.531789302825927734e+00
1.518416285514831543e+00
1.554059982299804688e+00
1.644464373588562012e+00
1.671238780021667480e+00
1.629222154617309570e+00
1.657052040100097656e+00
1.725808739662170410e+00
1.770875573158264160e+00
1.991714358329772949e+00
1.905570626258850098e+00
1.846602797508239746e+00
1.834464311599731445e+00
1.913728475570678711e+00
2.103174448013305664e+00
1.910772442817687988e+00
2.073713779449462891e+00
2.082221269607543945e+00
1.993130803108215332e+00
2.021608829498291016e+00
2.163837432861328125e+00
1.991078495979309082e+00
2.060319423675537109e+00
2.101413488388061523e+00
2.054776430130004883e+00
2.114740133285522461e+00
2.240548849105834961e+00
2.039917230606079102e+00
2.290067195892333984e+00
2.256649017333984375e+00
2.155699253082275391e+00
2.397163391113281250e+00
2.122436046600341797e+00
2.334179162979125977e+00
2.250393390655517578e+00
2.180550098419189453e+00
2.378557205200195312e+00
2.303326606750488281e+00
2.243294477462768555e+00
2.368327379226684570e+00
2.437325716018676758e+00
2.346629142761230469e+00
2.312984466552734375e+00
2.499775409698486328e+00
2.395834445953369141e+00
2.535697221755981445e+00
2.411011695861816406e+00
2.477695465087890625e+00
2.495603561401367188e+00
2.509064435958862305e+00
2.724676609039306641e+00
2.577969312667846680e+00
2.485355854034423828e+00
2.575845003128051758e+00
2.801568269729614258e+00
2.328626394271850586e+00
2.421623229980468750e+00
2.532278776168823242e+00
2.663285732269287109e+00
2.596614360809326172e+00
2.717097282409667969e+00
2.446534156799316406e+00
2.503145456314086914e+00
2.651032686233520508e+00
2.560642957687377930e+00
2.676041841506958008e+00
2.718049287796020508e+00
2.551502943038940430e+00
2.606559038162231445e+00
2.730925321578979492e+00
2.566819906234741211e+00
2.981708049774169922e+00
2.712817668914794922e+00
2.739705562591552734e+00
2.651283740997314453e+00
2.732892513275146484e+00
2.592000007629394531e+00
2.605678319931030273e+00
2.678758859634399414e+00
2.961968421936035156e+00
2.939350128173828125e+00
2.954744338989257812e+00
2.606999158859252930e+00
2.779881000518798828e+00
2.695196628570556641e+00
2.589138031005859375e+00
2.829506874084472656e+00
2.750793933868408203e+00
2.624911546707153320e+00
2.887407779693603516e+00
2.951513290405273438e+00
2.765738010406494141e+00
2.950401544570922852e+00
2.866908788681030273e+00
2.906274557113647461e+00
2.712675333023071289e+00
2.920424461364746094e+00
2.806255578994750977e+00
2.939348936080932617e+00
2.938539505004882812e+00
2.798012495040893555e+00
3.140084266662597656e+00
3.023346662521362305e+00
3.067781209945678711e+00
2.968170881271362305e+00
2.891492128372192383e+00
3.156869649887084961e+00
2.736256599426269531e+00
3.074863910675048828e+00
2.931578636169433594e+00
3.162935495376586914e+00
3.060652732849121094e+00
3.162413597106933594e+00
3.002003669738769531e+00
3.050500392913818359e+00
3.155576705932617188e+00
3.205040931701660156e+00
3.178557157516479492e+00
2.982414722442626953e+00
3.255517244338989258e+00
3.038963317871093750e+00
3.157773017883300781e+00
2.980840921401977539e+00
3.175876379013061523e+00
3.165616273880004883e+00
3.329499959945678711e+00
3.521952152252197266e+00
2.986383676528930664e+00
3.219832181930541992e+00
3.263422966003417969e+00
3.636616230010986328e+00
3.541288137435913086e+00
3.421082973480224609e+00
3.685236454010009766e+00
3.505097627639770508e+00
3.627539634704589844e+00
3.640596866607666016e+00
3.713220596313476562e+00
3.669876575469970703e+00
3.868930578231811523e+00
3.379824399948120117e+00
3.776221990585327148e+00
3.692109346389770508e+00
3.618640899658203125e+00
3.641317605972290039e+00
3.492044687271118164e+00
3.718495845794677734e+00
3.751573801040649414e+00
3.911848068237304688e+00
3.687379360198974609e+00
3.996762990951538086e+00
3.796130418777465820e+00
3.763838768005371094e+00
3.872493982315063477e+00
3.726271152496337891e+00
3.933639049530029297e+00
3.832967996597290039e+00
3.938810110092163086e+00
4.036518573760986328e+00
4.004675865173339844e+00
4.143891811370849609e+00
4.074136734008789062e+00
4.084130287170410156e+00
4.196320056915283203e+00
3.982344865798950195e+00
4.124572753906250000e+00
3.947975397109985352e+00
4.061666488647460938e+00
4.139112472534179688e+00
4.227684497833251953e+00
3.903246164321899414e+00
4.234752178192138672e+00
4.254296779632568359e+00
4.056552886962890625e+00
4.206102371215820312e+00
4.179998397827148438e+00
4.486598491668701172e+00
4.505306720733642578e+00
4.569286823272705078e+00
4.408658027648925781e+00
4.776721477508544922e+00
4.259625434875488281e+00
4.496264457702636719e+00
4.849685192108154297e+00
4.708837032318115234e+00
4.819186687469482422e+00
4.759008884429931641e+00
4.552394390106201172e+00
4.629344940185546875e+00
5.055875778198242188e+00
4.844225883483886719e+00
4.840817451477050781e+00
5.016961574554443359e+00
4.854237556457519531e+00
4.867343902587890625e+00
5.301505088806152344e+00
5.315646648406982422e+00
5.294647693634033203e+00
5.170890808105468750e+00
5.216909408569335938e+00
5.142665863037109375e+00
5.432005405426025391e+00
5.281794071197509766e+00
5.784128189086914062e+00
5.552384376525878906e+00
5.787876129150390625e+00
5.418427944183349609e+00
5.328520298004150391e+00
5.742215633392333984e+00
5.320248126983642578e+00
5.467594623565673828e+00
5.802601337432861328e+00
5.552416324615478516e+00
5.777345657348632812e+00
5.378339767456054688e+00
5.728204250335693359e+00
5.794863224029541016e+00
5.760696411132812500e+00
5.656406402587890625e+00
5.586832046508789062e+00
6.027293682098388672e+00
5.992042064666748047e+00
5.775908946990966797e+00
5.798322200775146484e+00
6.017480373382568359e+00
5.903502941131591797e+00
5.874951362609863281e+00
6.065424919128417969e+00
5.867239475250244141e+00
5.665063381195068359e+00
6.046556472778320312e+00
5.619235515594482422e+00
5.920736312866210938e+00
6.151280403137207031e+00
6.205087661743164062e+00
6.416263103485107422e+00
5.752470493316650391e+00
6.171580791473388672e+00
6.363587856292724609e+00
6.411376953125000000e+00
6.166085720062255859e+00
6.334410190582275391e+00
6.298624038696289062e+00
6.141252040863037109e+00
6.380276203155517578e+00
6.271822452545166016e+00
6.292809963226318359e+00
6.471134662628173828e+00
6.548945426940917969e+00
6.510779857635498047e+00
7.098862648010253906e+00
6.488796710968017578e+00
6.919386386871337891e+00
6.588487148284912109e+00
7.049433708190917969e+00
6.672716617584228516e+00
6.312541007995605469e+00
6.518311977386474609e+00
6.708117961883544922e+00
6.507647514343261719e+00
6.797233581542968750e+00
6.324924468994140625e+00
7.005042076110839844e+00
6.775563240051269531e+00
7.066758155822753906e+00
7.509278297424316406e+00
7.214440345764160156e+00
6.656191825866699219e+00
7.063317298889160156e+00
7.603011608123779297e+00
7.602640151977539062e+00
6.893468856811523438e+00
7.360824108123779297e+00
7.518209934234619141e+00
7.373599052429199219e+00
7.394103050231933594e+00
7.343531131744384766e+00
7.313805580139160156e+00
7.614754676818847656e+00
7.696612358093261719e+00
7.204183101654052734e+00
7.690632820129394531e+00
7.763375759124755859e+00
7.510974407196044922e+00
7.680802822113037109e+00
7.522721767425537109e+00
7.107027530670166016e+00
7.581673145294189453e+00
7.499457836151123047e+00
7.869416236877441406e+00
8.637107849121093750e+00
8.143976211547851562e+00
8.417611122131347656e+00
7.994621276855468750e+00
8.319014549255371094e+00
8.671172142028808594e+00
8.051288604736328125e+00
8.246144294738769531e+00
8.048336982727050781e+00
8.361792564392089844e+00
8.613478660583496094e+00
9.225817680358886719e+00
8.460778236389160156e+00
8.523709297180175781e+00
8.833174705505371094e+00
8.211016654968261719e+00
8.785832405090332031e+00
8.449608802795410156e+00
8.487367630004882812e+00
8.167318344116210938e+00
8.613303184509277344e+00
9.230820655822753906e+00
9.055958747863769531e+00
8.895346641540527344e+00
8.641629219055175781e+00
9.434647560119628906e+00
8.714503288269042969e+00
9.430218696594238281e+00
9.890863418579101562e+00
9.129033088684082031e+00
9.263863563537597656e+00
8.971968650817871094e+00
9.899890899658203125e+00
1.062042522430419922e+01
9.372046470642089844e+00
9.528759002685546875e+00
9.589787483215332031e+00
9.630197525024414062e+00
9.544899940490722656e+00
9.714435577392578125e+00
9.518774032592773438e+00
9.455897331237792969e+00
1.001464653015136719e+01
1.042976760864257812e+01
9.648074150085449219e+00
9.594793319702148438e+00
9.904338836669921875e+00
9.791464805603027344e+00
1.019563007354736328e+01
1.020967388153076172e+01
1.006733131408691406e+01
9.444572448730468750e+00
9.843732833862304688e+00
1.030220985412597656e+01
1.001774311065673828e+01
9.731453895568847656e+00
1.023698616027832031e+01
1.054354667663574219e+01
1.070876979827880859e+01
1.014206409454345703e+01
1.123344993591308594e+01
1.030014801025390625e+01
1.043791580200195312e+01
9.996050834655761719e+00
1.045854377746582031e+01
9.671066284179687500e+00
9.976937294006347656e+00
9.609083175659179688e+00
1.023627758026123047e+01
9.492960929870605469e+00
8.985620498657226562e+00
9.568566322326660156e+00
9.317822456359863281e+00
9.069035530090332031e+00
9.388797760009765625e+00
1.002608203887939453e+01
8.685129165649414062e+00
8.775613784790039062e+00
9.180099487304687500e+00
8.941720008850097656e+00
8.776208877563476562e+00
9.198372840881347656e+00
8.667616844177246094e+00
9.129428863525390625e+00
9.170635223388671875e+00
9.196607589721679688e+00
9.622310638427734375e+00
9.358541488647460938e+00
9.108529090881347656e+00
8.709124565124511719e+00
9.057037353515625000e+00
8.910616874694824219e+00
9.298582077026367188e+00
8.452459335327148438e+00
8.461742401123046875e+00
8.450122833251953125e+00
8.743465423583984375e+00
8.771093368530273438e+00
8.534014701843261719e+00
7.890842914581298828e+00
8.373913764953613281e+00
8.512027740478515625e+00
7.957300662994384766e+00
7.840463161468505859e+00
7.785368442535400391e+00
8.709355354309082031e+00
8.024207115173339844e+00
8.260926246643066406e+00
8.616716384887695312e+00
9.091521263122558594e+00
8.298686981201171875e+00
7.562126159667968750e+00
7.933077335357666016e+00
7.473848819732666016e+00
7.272822380065917969e+00
8.120896339416503906e+00
7.945515632629394531e+00
7.689301013946533203e+00
7.612558364868164062e+00
8.150107383728027344e+00
7.999018192291259766e+00
6.931167602539062500e+00
8.335860252380371094e+00
7.400779247283935547e+00
7.492961406707763672e+00
7.853946208953857422e+00
7.307645320892333984e+00
7.289302349090576172e+00
7.681019306182861328e+00
7.112647533416748047e+00
7.427100181579589844e+00
7.404400348663330078e+00
7.706417083740234375e+00
6.862191200256347656e+00
7.446080207824707031e+00
7.227364540100097656e+00
6.433806419372558594e+00
7.077146530151367188e+00
6.690071105957031250e+00
7.130868911743164062e+00
7.282515048980712891e+00
7.176346302032470703e+00
6.913307189941406250e+00
7.069600105285644531e+00
7.051465034484863281e+00
6.844666957855224609e+00
6.512589931488037109e+00
6.259372711181640625e+00
6.215684413909912109e+00
7.129496574401855469e+00
6.339071750640869141e+00
6.661246776580810547e+00
6.776884555816650391e+00
6.367253303527832031e+00
6.023927688598632812e+00
5.974785804748535156e+00
5.938082218170166016e+00
6.025237083435058594e+00
6.393953323364257812e+00
6.146685123443603516e+00
6.734017848968505859e+00
7.394988059997558594e+00
6.859413146972656250e+00
6.971383094787597656e+00
6.380808830261230469e+00
6.628952026367187500e+00
6.478355407714843750e+00
6.766701221466064453e+00
6.908718585968017578e+00
6.335996627807617188e+00
6.198734283447265625e+00
6.296737194061279297e+00
6.301764488220214844e+00
5.956312179565429688e+00
6.073681831359863281e+00
6.095688343048095703e+00
5.821713447570800781e+00
6.094509601593017578e+00
7.262287139892578125e+00
7.100199222564697266e+00
6.725427627563476562e+00
6.631534576416015625e+00
6.745049953460693359e+00
6.225385189056396484e+00
6.920466423034667969e+00
6.551718235015869141e+00
6.103478908538818359e+00
5.896774291992187500e+00
6.183781147003173828e+00
5.832314968109130859e+00
6.311782360076904297e+00
6.076017856597900391e+00
6.834471702575683594e+00
