0.000000000000000000e+00
0.000000000000000000e+00
0.000000000000000000e+00
4.129440307617187500e+01
6.594225883483886719e+00
4.814762592315673828e+00
1.237599730491638184e+00
7.280456542968750000e+00
1.736882781982421875e+01
6.246060943603515625e+01
3.783916931152343750e+02
1.508139038085937500e+03
7.067456054687500000e+03
1.098546679687500000e+04
2.546693554687500000e+04
9.523815625000000000e+04
1.469706875000000000e+05
2.506036875000000000e+05
1.155715375000000000e+06
1.147912125000000000e+06
1.461214875000000000e+06
2.854874500000000000e+06
4.666409000000000000e+06
6.506177500000000000e+06
9.538300000000000000e+06
2.845029000000000000e+07
3.416708400000000000e+07
4.583313600000000000e+07
8.521796800000000000e+07
1.091796480000000000e+08
1.366774240000000000e+08
2.142281920000000000e+08
2.784348160000000000e+08
3.463593600000000000e+08
4.294641600000000000e+08
8.369354880000000000e+08
9.879312000000000000e+08
1.200793600000000000e+09
1.784865920000000000e+09
2.746688256000000000e+09
3.093603840000000000e+09
4.320766976000000000e+09
4.959735808000000000e+09
7.192455168000000000e+09
1.039439462400000000e+10
1.407417753600000000e+10
1.523139481600000000e+10
2.001883340800000000e+10
2.409998336000000000e+10
3.172412825600000000e+10
3.814822297600000000e+10
5.305882624000000000e+10
6.309846220800000000e+10
7.532714393600000000e+10
1.006431928320000000e+11
1.280549847040000000e+11
1.629940285440000000e+11
1.937828577280000000e+11
2.485393162240000000e+11
3.148539166720000000e+11
3.756937379840000000e+11
4.597922201600000000e+11
5.914492272640000000e+11
7.285758361600000000e+11
9.329373347840000000e+11
1.138329780224000000e+12
1.423385952256000000e+12
1.771950571520000000e+12
1.964117852160000000e+12
2.421953658880000000e+12
2.975631671296000000e+12
3.741146939392000000e+12
4.534861561856000000e+12
5.316531453952000000e+12
6.544396648448000000e+12
7.907927130112000000e+12
9.344071499776000000e+12
1.113014770073600000e+13
1.298523278540800000e+13
1.534518624256000000e+13
1.723243744460800000e+13
1.983870979276800000e+13
2.206457869107200000e+13
2.574824295628800000e+13
2.943313195827200000e+13
3.412914182553600000e+13
3.929354849484800000e+13
4.415795127910400000e+13
5.075380050329600000e+13
5.880483414016000000e+13
6.631589308006400000e+13
7.546152681472000000e+13
8.397347251814400000e+13
9.549575408844800000e+13
1.105517871104000000e+14
1.270004632780800000e+14
1.424769836646400000e+14
1.607703902289920000e+14
1.837034519920640000e+14
2.043274487398400000e+14
2.337205439692800000e+14
2.619350062202880000e+14
2.918977214873600000e+14
3.241036344197120000e+14
3.601162305536000000e+14
3.980702861230080000e+14
4.491444937031680000e+14
4.860819170918400000e+14
5.462073655951360000e+14
5.968342925967360000e+14
6.540178227200000000e+14
7.081430676930560000e+14
8.114806519234560000e+14
8.745294967603200000e+14
9.682944041943040000e+14
1.043258696269824000e+15
1.158920286502912000e+15
1.230188826329088000e+15
1.397606651527168000e+15
1.493364423786496000e+15
1.652882327732224000e+15
1.783748773281792000e+15
1.938493894819840000e+15
2.160522229186560000e+15
2.314353864867840000e+15
2.522789969920000000e+15
2.684327716454400000e+15
2.955309551190016000e+15
3.225259520032768000e+15
3.445750256107520000e+15
3.768137749102592000e+15
4.079928215601152000e+15
4.410616806637568000e+15
4.728456734572544000e+15
5.100417545404416000e+15
5.495949673627648000e+15
5.931328360939520000e+15
6.369856333021184000e+15
6.727544430657536000e+15
7.300108668370944000e+15
7.987083318657024000e+15
8.547167992020992000e+15
8.907471724740608000e+15
9.753413315198976000e+15
1.064061826708275200e+16
1.133677018873856000e+16
1.212332043455692800e+16
1.288680241102848000e+16
1.375629062281625600e+16
1.477978025571123200e+16
1.592758020079616000e+16
1.698211922601574400e+16
1.810605740654592000e+16
1.906368049473126400e+16
2.058178822511001600e+16
2.228245568788889600e+16
2.299315895874355200e+16
2.469390587841740800e+16
2.606435478064332800e+16
2.816840557186252800e+16
2.942599776593510400e+16
3.139664043048960000e+16
3.417620797299097600e+16
3.582964368041574400e+16
3.808567403688755200e+16
3.984984473862144000e+16
4.264716123347353600e+16
4.586842106521190400e+16
4.853790215346585600e+16
5.143724130146713600e+16
5.404288629080064000e+16
5.822240486588416000e+16
6.133492042065510400e+16
6.583449136870195200e+16
6.912952585368371200e+16
7.244709603206758400e+16
7.659869731972710400e+16
8.172909588434124800e+16
8.553960804922163200e+16
9.025701114858700800e+16
9.537377748700364800e+16
9.974896618215833600e+16
1.038359453918822400e+17
1.118219474525224960e+17
1.171236293129011200e+17
1.217088676786339840e+17
1.301641636358389760e+17
1.391974934716088320e+17
1.438014149450792960e+17
1.509225738010624000e+17
1.579302252613468160e+17
1.646841987732602880e+17
1.722000994834841600e+17
1.813270252465684480e+17
1.881485328242442240e+17
1.915599738078494720e+17
2.016651556820090880e+17
2.072412945425367040e+17
2.149388036499046400e+17
2.243737129278504960e+17
2.340719552406487040e+17
2.476755597760921600e+17
2.591323334985646080e+17
2.746139210741186560e+17
2.867978155799347200e+17
2.953424983965040640e+17
3.069727544379965440e+17
3.207311495947878400e+17
3.411949507733094400e+17
3.535700228634050560e+17
3.723435997921280000e+17
3.947607520968704000e+17
4.056829226500751360e+17
4.155919963174993920e+17
4.415649005069926400e+17
4.504618737210490880e+17
4.747128739819683840e+17
4.970695531471831040e+17
5.092281588855603200e+17
5.335734422685614080e+17
5.583637529829048320e+17
5.822661049786040320e+17
6.002348050360565760e+17
6.297404744453324800e+17
6.541931320107335680e+17
6.926705414247546880e+17
7.230071667467223040e+17
7.480644182684467200e+17
7.852259184224501760e+17
8.123327283378257920e+17
8.463268103701135360e+17
8.757843761456742400e+17
9.144397002849648640e+17
9.480501901981122560e+17
9.897695783661076480e+17
1.023518881622261760e+18
1.074437677421428736e+18
1.109671458814033920e+18
1.171463806136614912e+18
1.211057907047596032e+18
1.268923692188958720e+18
1.322797837804634112e+18
1.382420505088229376e+18
1.425995800164433920e+18
1.458480871207075840e+18
1.523574570911531008e+18
1.583899826125275136e+18
1.649249712039002112e+18
1.701298393474662400e+18
1.792483091789381632e+18
1.844229132649496576e+18
1.916138430056628224e+18
1.984053888914817024e+18
2.077104870778732544e+18
2.176201792205881344e+18
2.221771463935918080e+18
2.292063517177544704e+18
2.396129956284334080e+18
2.460462931381321728e+18
2.580403707053080576e+18
2.672101602420064256e+18
2.717844034914615296e+18
2.847674917678219264e+18
2.948799750863847424e+18
3.071826031041052672e+18
3.146879519386763264e+18
3.265496208180772864e+18
3.374693655737532416e+18
3.528327041097138176e+18
3.577124191771557888e+18
3.734294156281905152e+18
3.809395198505517056e+18
3.970451661742145536e+18
4.121100422788153344e+18
4.259007768213585920e+18
4.479488436884996096e+18
4.551956423637991424e+18
4.652907808864337920e+18
4.823584998844006400e+18
5.011465697507672064e+18
5.154023977118597120e+18
5.410952906494967808e+18
5.541488026456162304e+18
5.788746751066243072e+18
5.921110358864429056e+18
6.070260210683871232e+18
6.149897837883686912e+18
6.478090513902731264e+18
6.633336058186563584e+18
6.858807410136449024e+18
7.072239659518001152e+18
7.309484032222298112e+18
7.455968667856011264e+18
7.599854607757475840e+18
7.949181546529816576e+18
8.126097915241299968e+18
8.377918513595023360e+18
8.540443374610546688e+18
8.878505267000508416e+18
9.134700822121152512e+18
9.456435516594454528e+18
9.676468684033359872e+18
1.014024158911764890e+19
1.027705272145018880e+19
1.056924573750840525e+19
1.082979041087271731e+19
1.112743370606981939e+19
1.167358642035359744e+19
1.198228640447961498e+19
1.211712391344029696e+19
1.266189674063121613e+19
1.296554226980434739e+19
1.332980167599351398e+19
1.381017830616884838e+19
1.425360474858114253e+19
1.475848509489309286e+19
1.503934874313870541e+19
1.561977103583700582e+19
1.592834897417234022e+19
1.629560564905882419e+19
1.702260493636757094e+19
1.679670147634796954e+19
1.736697857525678080e+19
1.781034234550629171e+19
1.803621831773519872e+19
1.861927723931690598e+19
1.886611320170610688e+19
1.958438896376007885e+19
2.011625132541765222e+19
2.071526306120676147e+19
2.130969643057781146e+19
2.163840862584097997e+19
2.252252812475891712e+19
2.275911663877724570e+19
2.315984024858997555e+19
2.340690710842100941e+19
2.420164730711703552e+19
2.450379969949964698e+19
2.523135973773855949e+19
2.510415723752115405e+19
2.555149134425856410e+19
2.619106186497307443e+19
2.680395383555122790e+19
2.759663574848005734e+19
2.781619942445390234e+19
2.855276886097081139e+19
2.870811885885928243e+19
2.987363856769718682e+19
3.082778816121143296e+19
3.077097419638099149e+19
3.213521084073010790e+19
3.237364873330635571e+19
3.370352344026421658e+19
3.380308201913607782e+19
3.450019877942512845e+19
3.590478969953687962e+19
3.593625332427731763e+19
3.647491506584105779e+19
3.761642583877484544e+19
3.834309307357200384e+19
3.903180516697833472e+19
3.957318710030919270e+19
3.997393709840098918e+19
4.115655861109732147e+19
4.215779588958270259e+19
4.352073730923429888e+19
4.478923507810644787e+19
4.503129036393807872e+19
4.708023028229865472e+19
4.783768384267354112e+19
4.823316498104503501e+19
5.022407267569159373e+19
5.057129844774325453e+19
5.154477965469705830e+19
5.322743266742684877e+19
5.414996250554951270e+19
5.576081301093901926e+19
5.600244168625907302e+19
5.793375585068017254e+19
5.930255107023804826e+19
6.039396149634059469e+19
6.102373097040510976e+19
6.301711036719090893e+19
6.448652849287633306e+19
6.669810377317102387e+19
6.767296156868280320e+19
7.041040687226368819e+19
7.092025481210993050e+19
7.140694703707521024e+19
7.293858432675322266e+19
7.529461784275163546e+19
7.719486420661829632e+19
7.732197654688222413e+19
7.921734107912155955e+19
8.142106144834741862e+19
8.343044093834061414e+19
8.454974377541658214e+19
8.678431204287132467e+19
8.793540396012955238e+19
8.985637391915653530e+19
9.227787675551924224e+19
9.433418340178591744e+19
9.507532460765111910e+19
9.794007136749590938e+19
9.907891032717420134e+19
1.018360368888922767e+20
1.046843173625994936e+20
1.086213606384095724e+20
1.078868780749621821e+20
1.098663772369589371e+20
1.146627372283875820e+20
1.146891167113611837e+20
1.176650372909136609e+20
1.204877915026704302e+20
1.240339627928526520e+20
1.272290028456813527e+20
1.296811600662264545e+20
1.315849336633950208e+20
1.337039476568170168e+20
1.379262306371512566e+20
1.393108236397770179e+20
1.426057433288728904e+20
1.464986917903626404e+20
1.483929919953462886e+20
1.533479895244304548e+20
1.553247706936833475e+20
1.585039425946999849e+20
1.626294157752318034e+20
1.632736064438062285e+20
1.693642147664295363e+20
1.742689162356127171e+20
1.777901154177048904e+20
1.798308265910431908e+20
1.856493717564896051e+20
1.877894611887928115e+20
1.907592332993227653e+20
1.932833601529755730e+20
2.006406586473549660e+20
2.008213831745892516e+20
2.057404926441428091e+20
2.129338847411463782e+20
2.152981689923996221e+20
2.183569575643143209e+20
2.239805461240165171e+20
2.261373305408758743e+20
2.326786682621431644e+20
2.354142531920498524e+20
2.386898302725898895e+20
2.473656279266261729e+20
2.512054391901687644e+20
2.536909863798261678e+20
2.607576619607518085e+20
2.630723714317318881e+20
2.678524498549764260e+20
2.745175486050661827e+20
2.777554432230990807e+20
2.837655848867552297e+20
2.931726017537276641e+20
2.926429010319302984e+20
3.014893252984113725e+20
3.037076295898680525e+20
3.115963176559050752e+20
3.138662374212160717e+20
3.223556986406699008e+20
3.273548349645395067e+20
3.333671052827070300e+20
3.427297018799173140e+20
3.451709695373009224e+20
3.505540025450317742e+20
3.656731846284400394e+20
3.681821822020946493e+20
3.796198123276158894e+20
3.799341846922296033e+20
3.813845196941033472e+20
3.899901245258224108e+20
4.058162661976115773e+20
4.076736140158089298e+20
4.191188439657013576e+20
4.236599853180906373e+20
4.353788793140900004e+20
4.403020173942477292e+20
4.507739772434188861e+20
4.546751852362564895e+20
4.622581562932136509e+20
4.699683540396440289e+20
4.795600008991526093e+20
4.885040090216220590e+20
4.920583342900358676e+20
5.029432882987857347e+20
5.099298842488371937e+20
5.280927256241619599e+20
5.328102110494604657e+20
5.361386526490639729e+20
5.458794460618571121e+20
5.624753162418336563e+20
5.668680147283801539e+20
5.821849329829276549e+20
5.778116914541462815e+20
5.860073631666583634e+20
6.015488280838767903e+20
6.121739455047506330e+20
6.212679094210626847e+20
6.317689667459513057e+20
6.386384339213190431e+20
6.539315323559624049e+20
6.602156723172603331e+20
6.727104169021905306e+20
6.926831775621369037e+20
6.902651667747040133e+20
7.058202480439208182e+20
7.062732820189366190e+20
7.243334905808782623e+20
7.471341599630924186e+20
7.456912488637294182e+20
7.667411438908032942e+20
7.750605590399517983e+20
7.878114458536886927e+20
7.969565678470179062e+20
7.945064689122400010e+20
8.249211771519657574e+20
8.342930272390354043e+20
8.528190065186890056e+20
8.589766938466996716e+20
8.756101761204391772e+20
9.022753561954022851e+20
9.101284376768854098e+20
9.267075952801197588e+20
9.374460767478638182e+20
9.517803306743423304e+20
9.770301138289159045e+20
9.907354119199344558e+20
9.923579040544388547e+20
1.022127190172567077e+21
1.028662968763044332e+21
1.060804948197355028e+21
1.075754787897899745e+21
1.087595525374442734e+21
1.094540568581057282e+21
1.124471984285770842e+21
1.116518556975090369e+21
1.147702465957422170e+21
1.171360578487441162e+21
1.184358600330730013e+21
1.217517337749663777e+21
1.234642697545205154e+21
1.261123863354143670e+21
1.251726258306704998e+21
1.301270498544896180e+21
1.300455065537365410e+21
1.329002539150336852e+21
1.348543517196009079e+21
1.369830765997194215e+21
1.381311426609780097e+21
1.412666894590417043e+21
1.428896178797600047e+21
1.453537764896246071e+21
1.479019413062885048e+21
1.494482381645973291e+21
1.506812252263295222e+21
1.547227977531783119e+21
1.557791451932757328e+21
1.570425315524926767e+21
1.595220586960856809e+21
1.628102634477683999e+21
1.655503660510512939e+21
1.663357938260647084e+21
1.720936600234067231e+21
1.739126639129016664e+21
1.765004885537840955e+21
1.807415142491300561e+21
1.803590601245244522e+21
1.858723386408537424e+21
1.866350936064931135e+21
1.893588847348756251e+21
1.935179026957569360e+21
1.949043780622894498e+21
1.958127118858835722e+21
2.006973723367249543e+21
2.018635513127348732e+21
2.095721798361700893e+21
2.081811727225125339e+21
2.150891738221919601e+21
2.177911647136282313e+21
2.174698751014618530e+21
2.196837743095330111e+21
2.284966573141018018e+21
2.319110191503462367e+21
2.323783661279277744e+21
2.381420166360411931e+21
2.426599714872239325e+21
2.440734543777718338e+21
2.469327334861940195e+21
2.496525980386514174e+21
2.579068798781890757e+21
2.582999878306631778e+21
2.601099282259080380e+21
2.650813674120693154e+21
2.667974640500788429e+21
2.707561844175328510e+21
2.764753900268236571e+21
2.791044788992918684e+21
2.777258707583584174e+21
2.864749293119580668e+21
2.881079626843402797e+21
2.919257485309552624e+21
2.968619189025346945e+21
3.002913818712796561e+21
3.064295911309019447e+21
3.157765025350350275e+21
3.167126883075746693e+21
3.225580510014271914e+21
3.233949324021833138e+21
3.324701923062929424e+21
3.375058922296372625e+21
3.405893661570094858e+21
3.468916753280540869e+21
3.455192877841059414e+21
3.571026867631912124e+21
3.549297562379802903e+21
3.601369307171367420e+21
3.694237190662444286e+21
3.726016278483030770e+21
3.763671156442452197e+21
3.831230780352543850e+21
3.874487854773437465e+21
3.969205591811456762e+21
4.012833931726631731e+21
4.030820464213419360e+21
4.137043209449510011e+21
4.195268560181922890e+21
4.232975511012035789e+21
4.318585562228628390e+21
4.331331312124040315e+21
4.406954349691962130e+21
4.495911982806574563e+21
4.557018229925621006e+21
4.562021166161676206e+21
4.675364946833569743e+21
4.677570303276097733e+21
4.738389164443922596e+21
4.825117797217963344e+21
4.818008302256205595e+21
4.943820861446427771e+21
4.926034457668081418e+21
5.058905283374300004e+21
5.114374994084715561e+21
5.163447341524451328e+21
5.229323182123859837e+21
5.240077778034020581e+21
5.348387660222420746e+21
5.461361582774916481e+21
5.494640369271417340e+21
5.473580411513926058e+21
5.691564203627866227e+21
5.707016616899327820e+21
5.806108756550407422e+21
5.874663113028194533e+21
5.937783876555559141e+21
6.000566870110870962e+21
6.095129514436722688e+21
6.092372185564865102e+21
6.198457289537344242e+21
6.365741808846161052e+21
6.359717681394599592e+21
6.505070233468075508e+21
6.560291683249032266e+21
6.669041229351054475e+21
6.753845699184301179e+21
6.820937511683099722e+21
6.881783394448688808e+21
6.879785485063996572e+21
7.150689387549307175e+21
7.131426928993090142e+21
7.317890027315064209e+21
7.275646262810328957e+21
7.439266540872326447e+21
7.480020176850355487e+21
7.545009934223078851e+21
7.700050292044982125e+21
7.777075919421853139e+21
7.888175781579409326e+21
7.843576071519605883e+21
7.964941889027753116e+21
7.998666531887363654e+21
8.223901119401370321e+21
8.318064069260292915e+21
8.372057162242884370e+21
8.465596363553416151e+21
8.634322597692944941e+21
8.706042984708773511e+21
8.811715446365394829e+21
8.910545814288133521e+21
9.046586611182067515e+21
9.069942278849610908e+21
9.194829348316408447e+21
9.252433765250197619e+21
9.442526201921878884e+21
9.557326334123273355e+21
9.770136053215318245e+21
1.000842150949949119e+22
9.935752551812147708e+21
1.001603709646937470e+22
1.010405657348661051e+22
1.028050197738745233e+22
1.058225328552043715e+22
1.061107181953598095e+22
1.074785514741847766e+22
1.088471841419436019e+22
1.092642399854362467e+22
1.110085066391149766e+22
1.114199555010715451e+22
1.135579831291703460e+22
1.150229928289548999e+22
1.181040404420278773e+22
1.180946054008085361e+22
1.199477803524761531e+22
1.189444459094924172e+22
1.227590398298715010e+22
1.234215418530558378e+22
1.239069173028956930e+22
1.268906308690221256e+22
1.286298084551219269e+22
1.299521778957085888e+22
1.299816764732678655e+22
1.311900823252839170e+22
1.340572202150558643e+22
1.363625790873096159e+22
1.385411391120547512e+22
1.376668215393961116e+22
1.406746406225280447e+22
1.410695500148530951e+22
1.409680613972503010e+22
1.445753546267815209e+22
1.473199157936955117e+22
1.487665508070003940e+22
1.489720162810001044e+22
1.528586002414227056e+22
1.532850123131412126e+22
1.568219593164929053e+22
1.584191496653407833e+22
1.594591434092913151e+22
1.612210979505065427e+22
1.633220947306692896e+22
1.657079216692650836e+22
1.670624580701902393e+22
1.707168589518237545e+22
1.713252389664861664e+22
1.686321539433130204e+22
1.777405828586782327e+22
1.764915095020270256e+22
1.800503777765649442e+22
1.799227570221243328e+22
1.847166811994732678e+22
1.852492318554098290e+22
1.878172519169308964e+22
1.879082921833981909e+22
1.910955909706799068e+22
1.943255275874337528e+22
1.982104001799979532e+22
1.963418792126000713e+22
2.019468341288440221e+22
2.019566519760316898e+22
2.029409812285879222e+22
2.076150421018543915e+22
2.109198510624132720e+22
2.119082560726322748e+22
2.135554701543411705e+22
2.180140788214342353e+22
2.186437721213331780e+22
2.212221729799953344e+22
2.220036601053347997e+22
2.290063296839313208e+22
2.317744671948945962e+22
2.317419737235831180e+22
2.351485415177224349e+22
2.381050646010986181e+22
2.386502028179936798e+22
2.393517060139510451e+22
2.455819632204572525e+22
2.473572146395722914e+22
2.493744219486678103e+22
2.524186075987907602e+22
2.607155216383010144e+22
2.580224140971297315e+22
2.631803417143608869e+22
2.669659324531397047e+22
2.689281057747887561e+22
2.726064883244380193e+22
2.758753135239742095e+22
2.718014248550492694e+22
2.806380502739036039e+22
2.835794412625318222e+22
2.859629038113232467e+22
2.885941544116125958e+22
2.966620153740747866e+22
2.982757451925541827e+22
3.001620553784801781e+22
3.024152738260480478e+22
3.091549106684079951e+22
3.067102216826824688e+22
3.094033742598500254e+22
3.169806130789064743e+22
3.190721748178498801e+22
3.249117897926779706e+22
3.236356272842681300e+22
3.308621482823431016e+22
3.345846435903424587e+22
3.398128273617605938e+22
3.425304119669066354e+22
3.389631332200646024e+22
3.517325044955220856e+22
3.499161126938110172e+22
3.576942570922444639e+22
3.617586882019519260e+22
3.634004529281117035e+22
3.659178750478192633e+22
3.678736757759955855e+22
3.730835524149284595e+22
3.740936422573532512e+22
3.843192678732811941e+22
3.877271867473087221e+22
3.869956220238386587e+22
3.956395158966396728e+22
4.000233197739221136e+22
4.020378699592374839e+22
4.079536633217625463e+22
4.155179092558940314e+22
4.149186152534798395e+22
4.203508120880178581e+22
4.288065455683873328e+22
4.304004145125100251e+22
4.335068624274813721e+22
4.388207046638120940e+22
4.438709061779565471e+22
4.478111054919429941e+22
4.478105200239914359e+22
4.529942082310911505e+22
4.572743842809477962e+22
4.631187955893790363e+22
4.776478133112427197e+22
4.756544750801722645e+22
4.805077341826118058e+22
4.814958239408568926e+22
4.962159744309061799e+22
4.972417593180323578e+22
4.999220766362619085e+22
5.072977118179991172e+22
5.096532745670989814e+22
5.093632877870925952e+22
5.229032249587931703e+22
5.281819391180304024e+22
5.316387670840111740e+22
5.409120390047372149e+22
5.473765059098648248e+22
5.478026815426028949e+22
5.497892643742322944e+22
5.532800044454071658e+22
5.629674273878661975e+22
5.756465915627874497e+22
5.708721904898231658e+22
5.806429300253885517e+22
5.878162184758680040e+22
5.928144934863088753e+22
5.980055225608012038e+22
5.986428269440704027e+22
6.117368176806687513e+22
6.094536277775807309e+22
6.226312053232630759e+22
6.253105768855708788e+22
6.229701912672152532e+22
6.363872702410811612e+22
6.476611311882777238e+22
6.575185199806737180e+22
6.585850174084313252e+22
6.615210491135029726e+22
6.748363016997940337e+22
6.698187963189442904e+22
6.815366221174070365e+22
6.858522865323273617e+22
6.984337676313309479e+22
7.080409814644265111e+22
7.120362147658594255e+22
7.171671658213226316e+22
7.166535302838210265e+22
7.219190488961500630e+22
7.334656928727764566e+22
7.444414155246410924e+22
7.463187860653067574e+22
7.595099194458674876e+22
7.731833883465195979e+22
7.746062556127910324e+22
7.793212542066702995e+22
7.900349574322145198e+22
7.940793700415783200e+22
8.013013424040296474e+22
8.062957443187909801e+22
8.221071620345484123e+22
8.246418779768250748e+22
8.486295808160736425e+22
8.376866443694962639e+22
8.546933174263578257e+22
8.618218851325374890e+22
8.797210815635513357e+22
8.719059851301753140e+22
8.818002133675231989e+22
8.967426164991832202e+22
8.949028059794098251e+22
9.166561829715273423e+22
9.120761122224840953e+22
9.152084558353128227e+22
9.430910517762964901e+22
9.356243538100938500e+22
9.507691487090079013e+22
9.637706805452563336e+22
9.747682906913099901e+22
9.883690714939763406e+22
9.793396244570761383e+22
9.917628040291776515e+22
1.005551745224275541e+23
1.033523332293896050e+23
1.018070491180469857e+23
1.036776912808693591e+23
1.048088063560804781e+23
1.057547964650089056e+23
1.059322022615302841e+23
1.075305477836825826e+23
1.095617342660214595e+23
1.079575610859513436e+23
1.103074492995207210e+23
1.110114790148690412e+23
1.113259743840475776e+23
1.130728306075120456e+23
1.149890131697663895e+23
1.145446700161315069e+23
1.176749689947294081e+23
1.174655786336544442e+23
1.191312889990329506e+23
1.196174525788075957e+23
1.190820016047110079e+23
1.209987426133191458e+23
1.234495204657408770e+23
1.235929420994741178e+23
1.252950055210447589e+23
1.265703528779220454e+23
1.269944478476322703e+23
1.276816881435697532e+23
1.299963311864553291e+23
1.293224125382156081e+23
1.298617005791947155e+23
1.330055283710732376e+23
1.332044523666141925e+23
1.342990792776443557e+23
1.366557589194518078e+23
1.386892242232021342e+23
1.381761111032573041e+23
1.395311811807383032e+23
1.403609874264798265e+23
1.408751543887374613e+23
1.435947701173154470e+23
1.442096735960381050e+23
1.432799594961629946e+23
1.446406770875767162e+23
1.486416840037319196e+23
1.485665369403496155e+23
1.512715159701386470e+23
1.503304708136010724e+23
1.525040070729618759e+23
1.560186162221618110e+23
1.575687011707072073e+23
1.576468476314413401e+23
1.589592145772556122e+23
1.611090709097757016e+23
1.613075535525531741e+23
1.639906360809539303e+23
1.652392140416461266e+23
1.661697477966534185e+23
1.695071493077155793e+23
1.694591409356878098e+23
1.703029173474734364e+23
1.708423404964413650e+23
1.727811761648213825e+23
1.761276389183338127e+23
1.782486361844417120e+23
1.786492764072925913e+23
1.784655475568943846e+23
1.804079140473822605e+23
1.819140798923615397e+23
1.850471080523336274e+23
1.840963801565972063e+23
1.879476964283378691e+23
1.894106277168943915e+23
1.853906066031124299e+23
1.903384412977267516e+23
1.937678603563753464e+23
1.919877315388638652e+23
1.947698932590667723e+23
1.940490831315068697e+23
2.005039303478304162e+23
1.978536160103184078e+23
2.020826041468103604e+23
