0.000000000000000000e+00
0.000000000000000000e+00
0.000000000000000000e+00
8.671869277954101562e+00
2.168562412261962891e+00
8.457545042037963867e-01
8.989275097846984863e-01
2.861846089363098145e-01
3.324984312057495117e-01
6.516919732093811035e-01
6.644256114959716797e+00
4.420097351074218750e+01
7.281414031982421875e+01
1.881649932861328125e+02
4.122979431152343750e+02
1.037526855468750000e+04
2.146537109375000000e+04
4.359571484375000000e+04
6.705382031250000000e+04
1.458327187500000000e+05
3.301563125000000000e+05
7.429903750000000000e+05
9.501553750000000000e+05
1.338274000000000000e+06
2.086335375000000000e+06
3.176693500000000000e+06
4.774080500000000000e+06
7.466722500000000000e+06
1.067893700000000000e+07
2.004267000000000000e+07
4.368313600000000000e+07
7.095232000000000000e+07
1.154079280000000000e+08
1.823094400000000000e+08
2.651561600000000000e+08
4.004021440000000000e+08
7.436089600000000000e+08
9.859143680000000000e+08
1.368500480000000000e+09
2.329306112000000000e+09
3.177588224000000000e+09
4.628869632000000000e+09
7.079640064000000000e+09
1.087614873600000000e+10
1.419062579200000000e+10
2.087285760000000000e+10
2.963074867200000000e+10
3.982208204800000000e+10
5.060686233600000000e+10
6.261515468800000000e+10
8.193933312000000000e+10
9.964761907200000000e+10
1.182550753280000000e+11
1.460464680960000000e+11
1.923987374080000000e+11
2.526828462080000000e+11
3.001865011200000000e+11
3.620268277760000000e+11
4.861284188160000000e+11
6.254382940160000000e+11
8.002660597760000000e+11
9.869532200960000000e+11
1.223248314368000000e+12
1.497605996544000000e+12
1.887319752704000000e+12
2.231787585536000000e+12
2.552207507456000000e+12
2.898531975168000000e+12
3.165879533568000000e+12
3.700410548224000000e+12
4.381950607360000000e+12
4.908252659712000000e+12
6.079847071744000000e+12
6.965194915840000000e+12
8.467626590208000000e+12
9.911248355328000000e+12
1.222177823129600000e+13
1.273501528883200000e+13
1.535922143232000000e+13
1.740904071168000000e+13
2.001026311782400000e+13
2.269805910425600000e+13
2.553063197900800000e+13
3.001710490419200000e+13
3.405011904102400000e+13
3.838659736371200000e+13
4.470266134528000000e+13
5.278794986291200000e+13
6.050266742784000000e+13
6.953813776793600000e+13
7.815630002585600000e+13
8.976937150054400000e+13
1.029736780267520000e+14
1.160311335813120000e+14
1.314193303142400000e+14
1.536148908277760000e+14
1.701783818731520000e+14
1.956959569838080000e+14
2.132665171968000000e+14
2.448973407191040000e+14
2.761786109460480000e+14
3.047149776404480000e+14
3.350170121011200000e+14
3.700937751265280000e+14
4.154718158848000000e+14
4.539592862597120000e+14
5.146134183936000000e+14
5.399214460764160000e+14
5.913418347315200000e+14
6.505644005785600000e+14
7.036892537159680000e+14
7.720126539366400000e+14
8.428988074557440000e+14
9.217403812577280000e+14
1.010644123910144000e+15
1.083284436025344000e+15
1.183723588419584000e+15
1.317281502068736000e+15
1.379995003912192000e+15
1.453453708623872000e+15
1.523126265446400000e+15
1.696637709713408000e+15
1.708053061697536000e+15
1.949366201876480000e+15
2.015552721649664000e+15
2.245204622966784000e+15
2.359450216169472000e+15
2.594634035363840000e+15
2.772841892151296000e+15
3.106349860782080000e+15
3.224018006048768000e+15
3.512298090004480000e+15
3.917201568432128000e+15
4.081217511096320000e+15
4.377863117602816000e+15
4.850806394191872000e+15
5.262577256890368000e+15
5.746585174540288000e+15
6.148049189470208000e+15
6.472585508290560000e+15
6.878850759786496000e+15
7.412687277391872000e+15
8.314366269063168000e+15
8.667509217558528000e+15
9.429320451751936000e+15
1.001735730914918400e+16
1.058553101654425600e+16
1.145679734479257600e+16
1.182972291265331200e+16
1.237264328608972800e+16
1.320035220350566400e+16
1.397044091342028800e+16
1.462620618384998400e+16
1.506070762409164800e+16
1.633099144652390400e+16
1.646607461043404800e+16
1.782846185904537600e+16
1.821902148888166400e+16
2.000422035049676800e+16
2.062693906880921600e+16
2.213957286336921600e+16
2.246037256064204800e+16
2.365738638848819200e+16
2.399733519745024000e+16
2.545744798443110400e+16
2.816996464499097600e+16
2.952038826219929600e+16
3.248652703655526400e+16
3.426006935692902400e+16
3.672526462071603200e+16
3.737706885755699200e+16
3.919311417429196800e+16
4.160163304964096000e+16
4.412401580297420800e+16
4.704115759041740800e+16
5.006387396896358400e+16
5.112659490688204800e+16
5.255550905142476800e+16
5.640021345094860800e+16
5.875623923600588800e+16
6.094398390743859200e+16
6.323010909975347200e+16
6.699518051064217600e+16
6.777429616807116800e+16
7.481759156194508800e+16
7.746564505835929600e+16
8.279889492836352000e+16
8.386560159593267200e+16
8.785837499298611200e+16
9.405375364831641600e+16
1.014262883501998080e+17
1.063705773919436800e+17
1.106292350344232960e+17
1.166471542310174720e+17
1.214788206403256320e+17
1.264336924814868480e+17
1.344054867903119360e+17
1.402996336193699840e+17
1.472741708818022400e+17
1.574326103504322560e+17
1.622135274261708800e+17
1.665726958933114880e+17
1.777860308694466560e+17
1.863950866558484480e+17
1.925455313633280000e+17
2.048119064210964480e+17
2.070088852722155520e+17
2.185005684888698880e+17
2.263424400369909760e+17
2.409256750730444800e+17
2.495130326846668800e+17
2.642617098609623040e+17
2.717143371129815040e+17
2.802699119666135040e+17
2.980015641890652160e+17
3.158279462101975040e+17
3.132919570004705280e+17
3.374058962650398720e+17
3.554850628813455360e+17
3.692277556377026560e+17
3.781422866780651520e+17
3.940869232677355520e+17
4.153232344439848960e+17
4.407115076851466240e+17
4.598163812112138240e+17
4.722261909967994880e+17
4.800224843519754240e+17
5.096058411297013760e+17
5.279658986071654400e+17
5.727271887726182400e+17
5.820120490731110400e+17
6.105886311569162240e+17
6.382260241521704960e+17
6.481844384038912000e+17
6.761006263162634240e+17
6.986429511478804480e+17
7.276048433377443840e+17
7.670955214362378240e+17
7.882387177215098880e+17
8.292327718125568000e+17
8.439766729852190720e+17
8.781879772834693120e+17
9.274063783502807040e+17
9.557258121521397760e+17
9.921614284733808640e+17
1.025353554212159488e+18
1.074224647043547136e+18
1.107296651136991232e+18
1.145099235289464832e+18
1.196576926592925696e+18
1.231225424202170368e+18
1.278022838103572480e+18
1.315652524052578304e+18
1.381204307788955648e+18
1.426277412580098048e+18
1.468803223807590400e+18
1.534461660171862016e+18
1.571208163405856768e+18
1.594192629350793216e+18
1.716079265725808640e+18
1.760782659732111360e+18
1.794759080858877952e+18
1.853623634875121664e+18
1.914611345844600832e+18
2.049364467287851008e+18
2.139767412835221504e+18
2.217150216564375552e+18
2.253941250019295232e+18
2.308079415864590336e+18
2.423268377159008256e+18
2.504506893288865792e+18
2.543491177563291648e+18
2.608711733421801472e+18
2.679383393052917760e+18
2.784439530063659008e+18
2.873142355756580864e+18
2.962546120112209920e+18
3.086475923969540096e+18
3.160363380233994240e+18
3.266928322075951104e+18
3.382428445161029632e+18
3.525038401818460160e+18
3.634407098311245824e+18
3.716860025033981952e+18
3.828574529584627712e+18
4.047802579634094080e+18
4.176525979310620672e+18
4.187279752786083840e+18
4.499985532649996288e+18
4.588563288895258624e+18
4.627379347890634752e+18
4.804116496206790656e+18
5.019659258157858816e+18
5.246556126933155840e+18
5.329794654713937920e+18
5.479063253789179904e+18
5.735157104084254720e+18
5.992527487379177472e+18
6.035942803513540608e+18
6.130458472304607232e+18
6.287279616751042560e+18
6.610024212654456832e+18
6.847062426928545792e+18
6.982694333040295936e+18
7.250831683950215168e+18
7.583852315526823936e+18
7.611982770767659008e+18
8.112549732963844096e+18
8.151665958633603072e+18
8.550496759179116544e+18
8.690483830848487424e+18
8.919693522332811264e+18
9.224883865342967808e+18
9.548211752164917248e+18
9.781742524346400768e+18
9.942738514443501568e+18
1.027519894484575846e+19
1.055745567432376320e+19
1.093865085811556352e+19
1.127872760556342477e+19
1.132565366232527667e+19
1.214668538306468250e+19
1.231194527925429862e+19
1.261907296175259648e+19
1.323866865472530022e+19
1.347875141669670093e+19
1.374030654124693914e+19
1.391882214962102272e+19
1.446711561304408064e+19
1.503243281499999437e+19
1.542206675053497549e+19
1.549029584508498739e+19
1.614258551630961050e+19
1.655118052986558874e+19
1.714207457130682778e+19
1.748424588840560230e+19
1.792938207139908813e+19
1.856738908657890099e+19
1.907032109828643226e+19
1.952848979260394701e+19
2.028075585711898624e+19
2.039576257436110029e+19
2.121984434035595674e+19
2.153500615431841382e+19
2.138000140308106445e+19
2.235382785668598989e+19
2.340145133172398490e+19
2.346389919413515059e+19
2.406758165531905229e+19
2.459028068707074048e+19
2.506736537943251354e+19
2.505371604208530227e+19
2.612901642381767475e+19
2.695813835111425638e+19
2.727173226149550490e+19
2.817192002334176051e+19
2.863500793268194509e+19
2.884548304554059366e+19
2.888959545204696678e+19
3.035671339940708352e+19
3.072905861410691482e+19
3.132451452929179648e+19
3.220590943839610470e+19
3.311952223721750528e+19
3.341805063927496704e+19
3.397129630306952806e+19
3.498711750378573005e+19
3.514663465074347213e+19
3.587318313828483072e+19
3.657568090848021709e+19
3.805318704169956147e+19
3.727159260402522522e+19
3.791452982934398566e+19
3.919961702965601894e+19
3.959000962821416550e+19
4.040418039639624909e+19
4.212049605712202957e+19
4.226451009012813005e+19
4.214429828484012442e+19
4.276303306020827955e+19
4.369593349200412672e+19
4.402274793019775386e+19
4.591892610104164352e+19
4.654073950896757146e+19
4.657441535110309478e+19
4.880995118879028019e+19
4.693164228092100608e+19
5.015344444676977459e+19
4.961328517036900352e+19
4.920787764102194790e+19
5.067925729545132442e+19
5.033394027558548275e+19
5.241867589449993421e+19
5.257162675801659802e+19
5.397426934352393011e+19
5.468968197729917338e+19
5.520760033249329152e+19
5.744241489055265587e+19
5.766960917722326630e+19
5.966147124796273459e+19
5.797708100686105805e+19
5.978647252590133248e+19
5.932615538586314342e+19
6.106995883728332390e+19
6.207567332711700890e+19
6.221775221965822362e+19
6.393949946782521754e+19
6.686914820003436954e+19
6.780001233629557555e+19
6.768737836514620211e+19
6.943983717210023526e+19
7.001992191472880845e+19
7.047791248816262349e+19
7.334562353135589786e+19
7.403850057480824422e+19
7.565660345889456128e+19
7.481415764969259008e+19
7.815917988464295936e+19
8.186124433145777357e+19
8.301780741857581466e+19
8.323668060124741632e+19
8.465099560219521843e+19
8.906516535180892570e+19
8.792103994022428672e+19
9.202839316913035674e+19
9.305344586947336602e+19
9.684163286306861875e+19
9.687762647571549389e+19
1.016536938805419049e+20
1.029396562921096479e+20
1.051229785216170066e+20
1.078772815374749532e+20
1.095705382403430154e+20
1.121539507609655050e+20
1.131756697420530975e+20
1.183655141587371950e+20
1.206498859048836792e+20
1.231922030789064131e+20
1.256437533690329825e+20
1.281126847389714350e+20
1.290614929049979453e+20
1.347524947216223437e+20
1.360010737378457027e+20
1.385889810620025405e+20
1.390201743380441989e+20
1.431074812709526569e+20
1.454252957627695759e+20
1.479748785096286536e+20
1.515998188128247480e+20
1.549015026974546985e+20
1.581671401928796406e+20
1.616497421187903652e+20
1.669003939265369866e+20
1.711277786408241070e+20
1.728209209944828805e+20
1.781628586556139766e+20
1.792983814882228961e+20
1.818947770421461647e+20
1.869241895181982106e+20
1.880123190016034734e+20
1.930707234002567168e+20
1.942331446853275484e+20
2.005853136300592333e+20
2.039139135593371402e+20
2.078613010405413356e+20
2.109755225906819891e+20
2.174625356414441226e+20
2.205969002446056325e+20
2.244559397674947707e+20
2.274170037459327386e+20
2.378711075262688133e+20
2.411041467009534525e+20
2.473241807363055288e+20
2.492317894300317778e+20
2.529609282511689482e+20
2.511925265256121631e+20
2.580198252310314353e+20
2.700375225069952041e+20
2.729162198703732163e+20
2.734588684410992722e+20
2.807617718962293309e+20
2.878780574418002248e+20
2.903214361615091630e+20
3.082385322899794821e+20
3.028767154586181960e+20
3.104473368009721774e+20
3.170798020459495424e+20
3.245573607241285632e+20
3.249219060033409516e+20
3.312881662890942136e+20
3.391215093378355036e+20
3.481702613360134062e+20
3.544922948660510065e+20
3.602738260720599695e+20
3.687875293238830039e+20
3.722028763225459261e+20
3.848266771842979594e+20
3.863384440998388040e+20
3.896687504711630193e+20
3.978358172891668808e+20
4.074322844076516311e+20
4.127180678109289513e+20
4.248974196844548588e+20
4.258043320594165924e+20
4.412990721305010504e+20
4.414872029680600351e+20
4.530034349808277258e+20
4.574086239194657587e+20
4.683881887047624950e+20
4.858349225549632635e+20
4.797678349850813399e+20
4.871696065257810166e+20
5.042018684727753441e+20
5.133707399172645192e+20
5.227693653114937672e+20
5.350400206305901937e+20
5.363039136447652168e+20
5.490587762925481492e+20
5.539086605100169298e+20
5.631023721212008202e+20
5.676752145928421376e+20
5.838299079311968174e+20
5.985576638751168266e+20
6.074647987756371804e+20
6.167398918394625393e+20
6.372577287918090977e+20
6.349544894261299773e+20
6.435514389023151882e+20
6.543463561028897341e+20
6.749622167158757786e+20
6.753580409018751386e+20
6.849713965189625283e+20
7.006696078138367017e+20
7.007175992973658685e+20
7.197692330960266199e+20
7.465885207207388119e+20
7.595246884378954957e+20
7.776354921269008794e+20
7.887410873330198118e+20
7.864291222430626611e+20
7.991144957559701504e+20
8.309438972286436639e+20
8.264999702963358269e+20
8.474441714696548516e+20
8.582032006106987889e+20
8.708134203048245330e+20
8.812335535739088404e+20
9.032807144434685706e+20
9.170320336931793142e+20
9.248182648676936581e+20
9.526284147791715369e+20
9.680407178664518615e+20
9.567984665591399055e+20
1.013495900749223166e+21
1.039190625473232110e+21
1.036537231236524933e+21
1.036756852087103422e+21
1.069471351624043594e+21
1.072821818640574710e+21
1.103247434035648004e+21
1.134329871288875614e+21
1.116525664218252313e+21
1.179147724455629816e+21
1.179157364973582156e+21
1.202683606477012206e+21
1.224445562826419864e+21
1.245758566587974025e+21
1.236154640382606442e+21
1.269648333023825887e+21
1.278641880742196412e+21
1.292041215533530481e+21
1.329522564169809789e+21
1.361299400190582587e+21
1.349082682513898340e+21
1.401777472166411895e+21
1.404736055646617600e+21
1.453626710988886639e+21
1.449291011185124049e+21
1.470952621705334358e+21
1.503269608206414905e+21
1.514340863465375138e+21
1.566687046359232545e+21
1.564581050583483417e+21
1.578451152273366057e+21
1.608307906740507116e+21
1.634229078083279782e+21
1.679324887789535756e+21
1.664513674515021038e+21
1.713962494736107307e+21
1.708983906085537579e+21
1.793983015865179701e+21
1.783561827064932729e+21
1.822500934605596525e+21
1.836582142528012157e+21
1.871634925065231925e+21
1.893194219431407911e+21
1.942838805498796442e+21
1.918741029055155405e+21
2.014190319557645697e+21
2.010416584544885932e+21
2.071435574421152072e+21
2.106940546508457509e+21
2.113880734271723799e+21
2.135917691673377767e+21
2.187723583349439070e+21
2.208832658490366362e+21
2.239057019277091537e+21
2.298850185629782770e+21
2.363303873909360689e+21
2.357428787457967522e+21
2.414950872961068827e+21
2.393008209676612927e+21
2.455757144759742759e+21
2.456355842035206324e+21
2.509675365398529180e+21
2.515334982755250340e+21
2.573220311715796746e+21
2.603071858895868658e+21
2.636356274891903730e+21
2.681250970727299940e+21
2.707022538119950893e+21
2.719387170896896590e+21
2.875211155053962330e+21
2.824052233611870470e+21
2.877907122380896993e+21
2.887852477733014602e+21
3.002507368846426374e+21
2.966850963221650604e+21
3.031263415417140412e+21
3.053054645164125979e+21
3.132777365767838499e+21
3.206815417741902610e+21
3.269328758269525623e+21
3.306052798480964911e+21
3.319859427563599299e+21
3.332619814157800178e+21
3.428435303604991033e+21
3.442583924784328868e+21
3.425315153488153412e+21
3.504878840730024411e+21
3.592677078415565652e+21
3.611300025824696074e+21
3.662547048934498370e+21
3.770111585384568717e+21
3.842511171519200100e+21
3.816066878932210680e+21
3.941392204937746711e+21
3.931993192515424485e+21
4.035265517045634040e+21
4.084440039901915775e+21
4.052439149799681294e+21
4.142662857359538258e+21
4.219761949705330754e+21
4.311181644441231294e+21
4.288560063512949293e+21
4.432889172571105264e+21
4.473537818382821229e+21
4.535548163127062299e+21
4.583805077559267295e+21
4.644905695178779525e+21
4.669258628688808772e+21
4.755331143292136980e+21
4.790228410904724111e+21
4.893846668181311062e+21
4.943850697793959100e+21
5.058690799442046484e+21
5.168364709367586488e+21
5.153974019708277490e+21
5.264870093982695162e+21
5.310842838978893185e+21
5.422346899203005874e+21
5.360034531808754270e+21
5.577450870369645756e+21
5.502085945355367612e+21
5.703955295052622725e+21
5.704884162475767890e+21
5.848950373905676108e+21
5.908893284945977410e+21
5.894503721186575254e+21
6.036412145445019582e+21
6.124344365219475096e+21
6.160883757846192194e+21
6.276824989603171664e+21
6.390248146218497606e+21
6.401099006570693394e+21
6.559755754893375177e+21
6.558017928387163587e+21
6.702551951228364915e+21
6.877086702987294802e+21
6.952187604473418351e+21
7.116659625814942286e+21
7.008304144680314995e+21
7.254181544036327752e+21
7.191512829321560457e+21
7.389658265076933591e+21
7.332320123471112700e+21
7.560999964700057797e+21
7.692061469255980286e+21
7.748403752394198876e+21
7.851925745228750782e+21
7.885006936291600761e+21
8.085927152367387542e+21
8.125827919165983293e+21
8.368014055677412508e+21
8.468730868894066016e+21
8.435568050087969948e+21
8.505187507877630181e+21
8.727904020249983320e+21
8.805363119090988745e+21
8.753652225219567288e+21
9.089541381477973885e+21
9.217328206154844602e+21
9.073252424575728222e+21
9.324610141728297452e+21
9.500341162138247627e+21
9.553675040725382726e+21
9.587154800355254993e+21
9.688202065194566812e+21
1.015894081624546791e+22
1.001683423360341928e+22
1.021698095644320517e+22
1.024321667607245200e+22
1.053292085520222074e+22
1.055178755994118259e+22
1.093148942222450963e+22
1.106179094434331335e+22
1.107382681434746100e+22
1.109879364478169619e+22
1.149185543535961781e+22
1.146824418841322114e+22
1.155513101012417328e+22
1.151605102435766580e+22
1.193802705044321285e+22
1.179227930750243517e+22
1.198634391904545722e+22
1.225166110619301472e+22
1.245926804181553984e+22
1.238964013977657829e+22
1.261029625531940943e+22
1.295663545156317584e+22
1.314520792336061956e+22
1.341987458333459821e+22
1.344409831983031727e+22
1.352815125147574652e+22
1.353251523951466853e+22
1.373871367435373353e+22
1.373039102224235286e+22
1.416565154132873603e+22
1.430532505427209775e+22
1.468954290108177056e+22
1.480339502556160354e+22
1.476776254530984817e+22
1.483706393637582537e+22
1.514807126764296339e+22
1.550269483540127783e+22
1.553015891182888996e+22
1.555340649310537646e+22
1.585756722703900449e+22
1.608540320628777104e+22
1.642685712283574731e+22
1.638952228192484590e+22
1.683138958166458158e+22
1.696986288530724907e+22
1.744822060102775420e+22
1.731619194845185389e+22
1.737133627408919193e+22
1.767013434676652854e+22
1.814432735873162281e+22
1.800669960591899414e+22
1.856361135813990914e+22
1.882062615937440914e+22
1.840059681422779299e+22
1.908048836147331413e+22
1.913310841951951100e+22
1.931144871296356896e+22
1.929630085561690830e+22
1.979391934104377020e+22
2.044170585244567391e+22
2.019650962253330094e+22
2.038478260495552453e+22
2.078380153194055048e+22
2.078988139143750065e+22
2.155200529017908652e+22
2.179872824036513808e+22
2.162592962626255952e+22
2.172613246617173937e+22
2.243513640730849024e+22
2.211940254823242688e+22
2.240524376478181858e+22
2.310851011999329944e+22
2.366738656755165482e+22
2.360677712376650269e+22
2.365324526472171146e+22
2.425192227398695361e+22
2.445504587618043141e+22
2.439406263362620752e+22
2.510207578284493688e+22
2.511520377575872188e+22
2.538656591950611743e+22
2.538840789175371196e+22
2.595308722743193423e+22
2.616469110772375067e+22
2.683432683271784235e+22
2.675947925871075839e+22
2.710247340633129537e+22
2.710851723703122657e+22
2.759990274057380771e+22
2.800585270738535685e+22
2.774708487999590289e+22
2.885822198726000640e+22
2.859214031407570276e+22
2.931651729254048281e+22
2.977797862835900069e+22
2.957394079544116668e+22
3.088400865364566606e+22
3.029837181710147518e+22
3.108577216875167796e+22
3.144200464747687051e+22
3.163838410922836099e+22
3.188595598794417190e+22
3.249171265582364046e+22
3.247443684765304724e+22
3.317165036496534215e+22
3.358252276616960724e+22
3.429379201791892547e+22
3.440310338807446215e+22
3.480212907045892915e+22
3.438394057166000069e+22
3.530917584170569119e+22
3.548199021840696554e+22
3.639902218173140068e+22
3.653746958967621078e+22
3.755908864714707095e+22
3.722698645522532952e+22
3.682351797180846152e+22
3.795025329638196275e+22
3.821606925718825153e+22
3.861016574978056153e+22
3.952237886150371023e+22
3.909336596100039678e+22
3.955829506853198994e+22
4.042312580857557366e+22
4.016691602577446614e+22
4.093843218153893318e+22
4.110659208802532013e+22
4.182719054640273634e+22
4.253761987682154997e+22
4.338594492423082082e+22
4.311541819821430250e+22
4.359223680876215376e+22
4.456474411229653867e+22
4.481561712953921215e+22
4.524411661968500536e+22
4.532101558332235658e+22
4.665998529213550612e+22
4.722538970735373504e+22
4.669986016323624449e+22
4.826845040265050613e+22
4.816956936923195952e+22
4.995277864888856216e+22
4.859211960426999631e+22
4.987611387243183420e+22
5.000705603159763137e+22
5.066630645585100669e+22
5.071798526157508313e+22
5.147733719474602246e+22
5.288634688496403795e+22
5.332602881298459211e+22
5.368091246362138719e+22
5.454177553239325750e+22
5.306001469379469902e+22
5.414617483752540576e+22
5.626487526782334612e+22
5.514865359657994132e+22
5.680315900608554992e+22
5.698802726718948141e+22
5.720315521418971526e+22
5.881328215296721499e+22
5.930436816713457598e+22
5.865952926168878626e+22
5.935880767943023054e+22
5.943260816652395086e+22
6.146658237703217008e+22
6.105321498163434173e+22
6.237096823260294886e+22
6.333383332933513354e+22
6.412390881916399439e+22
6.411347397882737695e+22
6.415395683587781034e+22
6.589281917000369570e+22
6.666360123902890135e+22
6.664904560503323990e+22
6.637116450082522556e+22
6.880070788100390493e+22
6.909660788732102862e+22
7.006597167831550892e+22
7.009519103269788870e+22
6.978825720729370729e+22
7.105976299368884679e+22
7.176915199259373784e+22
7.354932584610149276e+22
7.386151987587044291e+22
7.431989174234458463e+22
7.536539789223901790e+22
7.575718403822248683e+22
7.563999136871905178e+22
7.615675240436205198e+22
7.793844847454385812e+22
7.750703965903878357e+22
8.003786449123739802e+22
7.931570328378928425e+22
8.077499566384689132e+22
8.052299224309774785e+22
8.224894275709196200e+22
8.349387280208598820e+22
8.372253856956609777e+22
8.562283243233507856e+22
8.565363705378629275e+22
8.567617306632165471e+22
8.776074521864338145e+22
8.839440168621441024e+22
8.866897714829593464e+22
8.981668348453428658e+22
9.050367157889263678e+22
9.199338127083350419e+22
9.236442383693330461e+22
9.461844842883447364e+22
9.424712663955777624e+22
9.453330337427940704e+22
9.563255097852725245e+22
9.627881752505491862e+22
9.819001009892213601e+22
9.776080804723447300e+22
9.824598984229035128e+22
1.005031039035358965e+23
1.034510070972252925e+23
1.017495831868017381e+23
1.012309756753115160e+23
1.039918804052732344e+23
1.059393449705392937e+23
1.057762426064344439e+23
1.075342857713733002e+23
1.072623764402711791e+23
1.084896163459288940e+23
1.097762587306716257e+23
1.110216301284291342e+23
1.111578189811608180e+23
1.147580956024725947e+23
1.128904798585998142e+23
1.135120126359739616e+23
1.165904481612630642e+23
1.174575622263177247e+23
1.174528694755060047e+23
1.181699506225744445e+23
1.181130341304837362e+23
1.213806478617201638e+23
1.236411126010884726e+23
1.227129027034889039e+23
1.246750490035401911e+23
1.258345907995992727e+23
1.278011416200861282e+23
1.280968569788185298e+23
1.280044160928671230e+23
1.316503412000019270e+23
1.292164968821791088e+23
1.318183975236968844e+23
1.339449432245457041e+23
1.352960861631516361e+23
1.345660976995511524e+23
1.379758720566251571e+23
1.403688597186284702e+23
1.396323050067712803e+23
1.407826954883875450e+23
1.422570659199975885e+23
1.431781871517836761e+23
1.436342396644497220e+23
1.480244746820000479e+23
1.460471962872007958e+23
1.465015374320084409e+23
1.502821832183964060e+23
1.491016096120775041e+23
1.539005192742139383e+23
1.552179662804078842e+23
1.547194538304549893e+23
1.582137967813317571e+23
1.580016412100855878e+23
1.591968244935956795e+23
1.604659568829871948e+23
1.615872090750143724e+23
1.641026856396829082e+23
1.620530253916725576e+23
1.643777294761256792e+23
1.681742099188034788e+23
1.674149390504258322e+23
1.690876480096252723e+23
1.723132881923346069e+23
1.733254451869883616e+23
1.744334027529155416e+23
1.746194374463229620e+23
1.766984791783022778e+23
