-8.442092895219909110e+01
-1.192064123108235378e+02
-1.124883947805370354e+02
-1.509210916630104862e+02
-1.105386753717825457e+02
-1.148649937769206417e+02
-1.120011266150538205e+02
-9.898867372317296542e+01
-1.093672537661176420e+02
-1.020181179194129726e+02
-5.950136027241244108e+01
-1.222617586034347994e+02
-1.173042352777908945e+02
-9.714960864125480100e+01
-1.108346179071286741e+02
-1.101218978884975570e+02
-1.171405501501254065e+02
-1.058481235079007803e+02
-1.054119616843856448e+02
-1.107893151601870159e+02
-9.933275714051399063e+01
-1.132972413226476647e+02
-1.069785110649944926e+02
-1.051807512378787095e+02
-1.079114350531610569e+02
-1.109844480048205924e+02
-1.006847021470561288e+02
-1.119711679344021604e+02
-1.054952573148002131e+02
-1.053931522940573871e+02
-9.871708645826701911e+01
-1.161433520003242847e+02
-1.045041330457314359e+02
-1.224476668240214394e+02
-1.175074413209503348e+02
-1.216368289345569309e+02
-1.084261963233191608e+02
-1.140188882072574614e+02
-1.185215905843590178e+02
-1.060440696162932426e+02
-1.134355525690268252e+02
-1.088680667365722030e+02
-1.046523432733116294e+02
-1.188343324178381692e+02
-1.161034369625544258e+02
-1.077611474734637795e+02
-1.090592382072512692e+02
-1.143830236698979945e+02
-1.142410390606568455e+02
-1.122125546429819281e+02
-1.100363125900874337e+02
-1.071759513999558351e+02
-7.715913972310598012e+01
-1.027513162818019481e+02
-1.050816451082914398e+02
-1.159256335627010941e+02
-8.495207462282807853e+01
-1.105611837667891848e+02
-1.038728439505950547e+02
-1.005774879189701210e+02
-9.874328490520395007e+01
-1.045604567533168137e+02
-9.149446940140425966e+01
-8.171606182619252934e+01
-8.336265149591324075e+01
-8.892782995951600356e+01
-5.607846782956462306e+01
-8.570272283707011240e+01
-7.725264423984827999e+01
-8.687176078994639283e+01
-7.608336815749049720e+01
-8.259293374866977899e+01
-1.112580150252217237e+02
-1.095772207632001312e+02
-1.121365653228218662e+02
-1.116701642061686073e+02
-1.118611705439679298e+02
-1.182902612992714637e+02
-1.123253771873101812e+02
-1.264374581328886507e+02
-1.269077004888300735e+02
-1.140236960135025299e+02
-1.297033831338856658e+02
-1.085741481905461967e+02
-1.044125115831682535e+02
-1.114520339262883937e+02
-1.072883086114430569e+02
-1.033574532820592822e+02
-9.766666787259971727e+01
-9.712770322122082689e+01
-1.068192077115212015e+02
-9.320315053214635270e+01
-1.071592619601027820e+02
-1.049571251945005059e+02
-9.688781985930549467e+01
-8.941556496458741776e+01
-8.613380330083774084e+01
-8.541119231285800595e+01
-9.968954765684739527e+01
-7.549601670219028904e+01
-9.748742169041666727e+01
