-7.021671027688621791e+01
-7.745210866318990384e+01
-1.273483726475678566e+02
-1.013455557820752517e+02
-1.015845392319172760e+02
-1.108917017457899590e+02
-1.098329940960297364e+02
-1.068003146061170412e+02
-1.105790786791978491e+02
-1.090354339190134425e+02
-1.057728953450886848e+02
-1.092823234578067968e+02
-1.002320443029595651e+02
-1.032637122162892211e+02
-1.061287552768725391e+02
-1.099331560753975907e+02
-1.155574198374246606e+02
-1.145697528532798941e+02
-1.021251069442008799e+02
-1.144601276546823811e+02
-1.094145632208573744e+02
-1.062286897789303595e+02
-1.122070826509676351e+02
-1.023348519794974720e+02
-9.955907658945289995e+01
-1.191973947999178733e+02
-1.170435403372533045e+02
-1.155249055982177140e+02
-1.149982716600249262e+02
-1.159051840273689038e+02
-1.133714005100899556e+02
-1.093213837290274171e+02
-1.123314161603698693e+02
-1.022837485387950949e+02
-1.160656286137835167e+02
-1.114772939904092652e+02
-1.074742260363001805e+02
-1.148002422022157987e+02
-1.174728624341703664e+02
-1.072232117702852321e+02
-1.105004803633522954e+02
-1.078766869273759710e+02
-1.058814781106954541e+02
-1.103019182003165071e+02
-1.053145451153724252e+02
-1.019319365733698248e+02
-1.057456009249121536e+02
-1.071764256490144334e+02
-1.222221669636416266e+02
-1.123138943760175152e+02
-1.079034067118587217e+02
-1.105366544295259246e+02
-1.079753880745997492e+02
-1.145831825955936409e+02
-1.173911225188018363e+02
-1.059297062613166247e+02
-1.167827913413714214e+02
-1.116598277161693034e+02
-1.088151491823084172e+02
-1.140145362697240046e+02
-1.105662385585454786e+02
-1.090926321315896956e+02
-1.155359986097848122e+02
-1.204134858592170048e+02
-1.060087599500177902e+02
-1.102883871598176313e+02
-1.176953795633916968e+02
-1.227268864358266711e+02
-1.103619172353776321e+02
-1.159561885592652288e+02
-1.086661626656347437e+02
-1.093258780610479732e+02
-1.067109474567898815e+02
-1.130347770482398602e+02
-1.097097875936736671e+02
-1.079560761586515412e+02
-1.126774323876542496e+02
-1.059238880838203869e+02
-1.168692112781686490e+02
-1.032839505752091327e+02
-1.071221810741917579e+02
-1.078704637691913177e+02
-1.094729911945829883e+02
-9.969471851757575109e+01
-1.099217856657494821e+02
-1.146798678809490468e+02
-1.050762171276199126e+02
-1.128321860960119949e+02
-1.020613365894675155e+02
-1.060617889313294029e+02
-1.104630698325502465e+02
-1.075136845756245805e+02
-1.014378017171822108e+02
-1.058230727486059379e+02
-1.069319454678766590e+02
-9.948800136755328083e+01
-1.137279773073457534e+02
-1.169682435568049925e+02
-1.158537970601992413e+02
-1.130554840428282262e+02
-1.113960068410030573e+02
