-1.039903579767749306e+02
-1.264112925681067026e+02
-1.192467403356260576e+02
-9.972997870908756113e+01
-1.557416617666925163e+02
-1.244166655468208091e+02
-8.466039819516302600e+01
-1.204785238289178722e+02
-1.208836750106951570e+02
-1.231943527877552498e+02
-1.343034424101322486e+02
-1.198349597449184500e+02
-1.496404399042326361e+02
-1.159875527507738013e+02
-1.399137399608333965e+02
-9.188510519604591309e+01
-1.081233075635752527e+02
-1.108883247778065027e+02
-1.388447875753573157e+02
-1.151272640594856540e+02
-1.121712490733125662e+02
-1.407818744765699250e+02
-1.762812429042095914e+02
-1.536436058685688124e+02
-9.717556496174270819e+01
-1.491056268648609660e+02
-1.709181462375130991e+02
-1.474578664886296906e+02
-1.157327189447138096e+02
-1.177408530480610835e+02
-1.057976307548724435e+02
-1.158933162751594352e+02
-1.185052292946859325e+02
-1.140317936532990188e+02
-1.026692308704943173e+02
-1.063453273914289383e+02
-1.133781754694743142e+02
-1.170367543277430116e+02
-8.770825972034667473e+01
-7.961905916690338358e+01
-8.182698972991587993e+01
-1.136907759537809426e+02
-1.186633367514421877e+02
-1.173932878170050316e+02
-1.147074058346980081e+02
-1.124196601717255390e+02
-1.142038931794150329e+02
-1.117258815307907582e+02
-9.538898644241109537e+01
-9.761970282009050948e+01
-6.611366607892604463e+01
-8.642639170727491660e+01
-9.736625093073438109e+01
-9.228039966391109772e+01
-7.734673594025699117e+01
-7.533631654294755720e+01
-9.303434058688227992e+01
-1.475570764984540233e+02
-1.362308516595040260e+02
-1.566654746396947644e+02
-1.643771464358389380e+02
-1.497106113342741764e+02
-1.497663376189100859e+02
-1.479117560084002321e+02
-1.575336031585379715e+02
-1.491837648799898659e+02
-1.363492874117312965e+02
-1.472194174972320013e+02
-1.102352777768487897e+02
-1.088437237809907856e+02
-1.232442305790257251e+02
-1.156927253204149508e+02
-1.171516102602244302e+02
-1.348595423726948752e+02
-1.328127171765412697e+02
-1.237689872670602824e+02
-1.357699956972126643e+02
-1.189388576942495774e+02
-1.186556994677997920e+02
-1.222543850877772513e+02
-1.213956966277830531e+02
-1.183728814199679817e+02
-1.203997318586564660e+02
-1.008823973712843838e+02
-1.154400427729981402e+02
-1.123067977837327334e+02
-1.278062843558421235e+02
-1.213862466980624077e+02
-1.099013154050729781e+02
-1.235026741957381802e+02
-9.050869971542360304e+01
-1.020460801537483349e+02
-1.116434215671177981e+02
-5.724512943571168933e+01
-9.008239492432581130e+01
-1.093585177059104154e+02
-8.445349104940463292e+01
-8.260493240845309515e+01
-1.106936858973745359e+02
-1.084542770159522718e+02
-1.103765232370158600e+02
