-1.095834151596131250e+02
-1.185906340058369040e+02
-1.190074515858082407e+02
-8.414539008114063279e+01
-1.118691833293721913e+02
-1.334021807374814728e+02
-7.010900158592718867e+01
-1.049601285205555143e+02
-9.985135926223124159e+01
-8.046003861039994831e+01
-7.158857662334638405e+01
-8.391543709084598390e+01
-7.457103767251662418e+01
2.204035007245461841e+01
3.999188573457145424e+01
5.521413295146781053e+01
1.149671820755181386e+02
1.033501218088543681e+02
1.685924572659178011e+02
1.028345298196898767e+02
2.038151262482183768e+02
2.640464894060431789e+02
7.002116955493977457e+01
1.039984364589503940e+02
1.520460098425413094e+02
1.931708471833639180e+02
2.848376789437357814e+01
-6.003046583496753641e+01
8.602339399034983103e+01
2.150492551649552411e+02
2.027373819550641088e+02
2.453498552973954645e+02
1.662342158386653352e+02
2.091065014698863820e+02
1.017105125642939356e+02
2.687819286089797401e+02
1.459013401707671278e+02
2.342870924524155782e+02
1.568844723542237318e+02
8.654239357364077989e+01
1.117872404006568665e+01
-2.169890090682944361e+01
2.235336533623427329e+02
2.492675121583573912e+02
2.578809063504974119e+02
2.612049485044939274e+02
2.731623511963733790e+02
1.693539125612832663e+02
1.889510859892361054e+02
1.319319561563358718e+02
1.621212472953889687e+02
1.868120324512466937e+02
2.280981200650884659e+02
9.719865501903761640e+01
1.778976694110674828e+02
1.772172941534829818e+02
2.367960981886809009e+02
1.587438993473873268e+02
1.294599291268876016e+02
1.003607259900519608e+02
2.530255332863531805e+02
2.212717726234437237e+02
2.589313776485037693e+02
2.438464882244255421e+02
2.113626340707346571e+02
2.000613363113671710e+02
2.250053249589088011e+02
2.368621305387949576e+02
2.035208113407803978e+02
2.209764055834345129e+02
2.848959872169353957e+02
1.970261708348372451e+02
2.287980069840086230e+02
2.077940122722286560e+02
2.053237599658380077e+02
2.103720924632174558e+02
1.931851004153119504e+02
2.211838784460854583e+02
2.120197439210519406e+02
-3.481013627537031141e+01
2.089436721990775823e+02
-8.914088252102956744e+01
1.653386416051294532e+02
1.593870747451216516e+02
-3.570038000237295250e+01
1.026361037911707115e+02
1.798697988527937923e+02
2.013495349511867403e+02
-7.982236872570998898e+00
-2.933006475297013438e+01
1.099285753338594134e+02
1.080920872862490079e+01
3.898595722778933492e+01
1.588825730929794986e+02
1.364873313511073718e+02
1.099317902360027830e+02
1.492157018874143830e+02
-3.541385136305334136e+00
1.926149965354732956e+02
1.615115212243440226e+02
1.983299576967662574e+02
