-1.376399651513294202e+02
-1.044154007862412357e+02
-1.033486584010136369e+02
-1.015813114166319622e+02
-1.012174340562843327e+02
-1.344668271267291573e+02
-1.019756821349640887e+02
-1.452983572184034529e+02
-1.122643088371387847e+02
-1.149217033130778134e+02
-1.032304699652579529e+02
-1.059881327958401727e+02
-8.794148783215895548e+01
-1.129475703112524627e+02
-1.183674981693026638e+02
-1.069164761099670216e+02
-8.485009628709796914e+01
-1.161131934529558691e+02
-1.084288609053067773e+02
-1.207069489602575061e+02
-1.104249278912232342e+02
-1.266298790539389358e+02
-1.110440852357132826e+02
-1.057836138377548849e+02
-8.955621003977424266e+01
-1.229446718280867401e+02
-1.061904466319596168e+02
-1.178164118926775927e+02
-1.137206744329046444e+02
-1.117314069664195415e+02
-1.233830379375152688e+02
-1.180124665045025978e+02
-1.123738495030466282e+02
-9.965334491096707836e+01
-9.170475346124722194e+01
-7.894199884374270937e+01
-9.442436732539457012e+01
-9.485611409759349044e+01
-4.956733020201062345e+01
-3.001118922786615784e+01
-2.782860980231967574e+01
-8.364295506036744143e+01
-1.011652426790594745e+02
-1.026945547824037988e+02
-1.038632409643174981e+02
-1.153622957916134055e+02
-1.002144740780831711e+02
-1.079288181801264699e+02
-1.075132900381781411e+02
-1.032056521096618837e+02
-1.074770324232018481e+02
-1.096159518681592715e+02
-1.157051271004416293e+02
-1.020321652032400550e+02
-9.727190984441239152e+01
-1.152133893222977292e+02
-1.176014053551811713e+02
-1.173861246873140516e+02
-1.102849171335181779e+02
-1.080393661628366573e+02
-1.159739135337958515e+02
-1.186738182271517132e+02
-1.165760226773079467e+02
-1.123369782985860610e+02
-1.163447062917719848e+02
-1.193257281848022728e+02
-1.089042254172508422e+02
-1.108450753340316339e+02
-1.068103042383794730e+02
-1.133610726823656449e+02
-1.192449574941896628e+02
-1.209087003644852700e+02
-1.179197480933031983e+02
-1.191888489212302886e+02
-1.106562045179584146e+02
-1.162376642699655633e+02
-1.117583556122892503e+02
-1.091871984621006106e+02
-1.145125086096448968e+02
-1.063298405464206979e+02
-1.056555953842242133e+02
-1.063973820825600569e+02
-1.053743125765908815e+02
-1.053763924986869824e+02
-1.091607941717210650e+02
-1.089819271882828815e+02
-1.008205882069633930e+02
-1.043851480125568116e+02
-1.097641164215226581e+02
-1.045980143120493011e+02
-1.083181410274226266e+02
-1.074974654820621680e+02
-1.114483631896061269e+02
-9.945197952863645696e+01
-1.144131288251509204e+02
-1.103170434984526480e+02
-1.102570494014852045e+02
-1.075412772457872279e+02
-1.029430853276785029e+02
-1.073873251895113725e+02
-1.017835884328428193e+02
