1.225542724132537842e-01
4.282594025135040283e-01
6.537351012229919434e-01
8.549188375473022461e-01
9.871681332588195801e-01
1.140481472015380859e+00
1.184389114379882812e+00
1.348340868949890137e+00
1.256033897399902344e+00
1.293174624443054199e+00
1.306314706802368164e+00
1.356736063957214355e+00
1.338521003723144531e+00
1.366393804550170898e+00
1.470076918601989746e+00
1.763209104537963867e+00
1.949466824531555176e+00
1.776177883148193359e+00
1.849979996681213379e+00
1.841732859611511230e+00
1.984418153762817383e+00
2.008740425109863281e+00
1.970170021057128906e+00
2.806955099105834961e+00
2.260904073715209961e+00
2.208983898162841797e+00
2.242076635360717773e+00
2.245780706405639648e+00
2.428037643432617188e+00
2.561871528625488281e+00
2.486767768859863281e+00
2.461511135101318359e+00
2.516091108322143555e+00
2.471998691558837891e+00
2.934276342391967773e+00
2.922522783279418945e+00
2.788713932037353516e+00
2.865680217742919922e+00
2.849357366561889648e+00
3.105536460876464844e+00
3.038513898849487305e+00
2.978687763214111328e+00
3.358942985534667969e+00
3.644864797592163086e+00
3.801661491394042969e+00
4.080628871917724609e+00
4.254884243011474609e+00
4.163111209869384766e+00
4.270360469818115234e+00
9.757026672363281250e+00
6.028647422790527344e+00
5.537326335906982422e+00
5.106524944305419922e+00
5.042132377624511719e+00
4.860743045806884766e+00
4.850127696990966797e+00
4.904094696044921875e+00
5.089972972869873047e+00
4.882938385009765625e+00
5.258938789367675781e+00
5.256130695343017578e+00
5.151055812835693359e+00
5.323544979095458984e+00
5.561562061309814453e+00
5.355815887451171875e+00
5.540634632110595703e+00
5.628231048583984375e+00
5.798995018005371094e+00
5.881799221038818359e+00
6.053267478942871094e+00
6.086006641387939453e+00
6.265335083007812500e+00
6.276818275451660156e+00
6.308053493499755859e+00
6.597217082977294922e+00
6.830049037933349609e+00
6.658225536346435547e+00
6.839817047119140625e+00
7.373989105224609375e+00
7.472537040710449219e+00
7.248932361602783203e+00
7.495497226715087891e+00
7.441441535949707031e+00
8.131967544555664062e+00
8.009436607360839844e+00
7.931726932525634766e+00
8.144967079162597656e+00
8.252961158752441406e+00
8.438788414001464844e+00
8.299385070800781250e+00
8.602066040039062500e+00
8.750124931335449219e+00
8.742306709289550781e+00
8.874819755554199219e+00
9.014554977416992188e+00
9.162096977233886719e+00
9.223029136657714844e+00
9.392412185668945312e+00
9.321345329284667969e+00
9.648159027099609375e+00
9.818114280700683594e+00
9.850556373596191406e+00
9.719493865966796875e+00
9.885831832885742188e+00
1.023933124542236328e+01
1.000469112396240234e+01
1.013544368743896484e+01
1.025135993957519531e+01
1.055366420745849609e+01
1.035793113708496094e+01
1.066025257110595703e+01
1.083407211303710938e+01
1.065904331207275391e+01
1.079925346374511719e+01
1.098539733886718750e+01
1.131929397583007812e+01
1.120767021179199219e+01
1.128312778472900391e+01
1.116216468811035156e+01
1.146947193145751953e+01
1.148324108123779297e+01
1.145765399932861328e+01
1.156826210021972656e+01
1.172795867919921875e+01
1.171932411193847656e+01
1.168373870849609375e+01
1.198832511901855469e+01
1.189081287384033203e+01
1.194011688232421875e+01
1.218325424194335938e+01
1.243615913391113281e+01
1.241950035095214844e+01
1.264031505584716797e+01
1.269887542724609375e+01
1.308232879638671875e+01
1.288362503051757812e+01
1.310337448120117188e+01
1.340462303161621094e+01
1.337704658508300781e+01
1.333549213409423828e+01
1.348589801788330078e+01
1.343501758575439453e+01
1.398100757598876953e+01
1.392750930786132812e+01
1.393349266052246094e+01
1.396712112426757812e+01
1.387190246582031250e+01
1.431117630004882812e+01
1.426873016357421875e+01
1.477255058288574219e+01
1.454995918273925781e+01
1.459483432769775391e+01
1.501385116577148438e+01
1.478601169586181641e+01
1.488796710968017578e+01
1.492707538604736328e+01
1.515213012695312500e+01
1.562010574340820312e+01
1.528241443634033203e+01
1.542496871948242188e+01
1.581084346771240234e+01
1.580638980865478516e+01
1.597020149230957031e+01
1.622638320922851562e+01
1.620917892456054688e+01
1.653685569763183594e+01
1.660595703125000000e+01
1.685010147094726562e+01
1.677644157409667969e+01
1.721181869506835938e+01
1.749166488647460938e+01
1.768280029296875000e+01
1.800749397277832031e+01
1.801369476318359375e+01
1.869005203247070312e+01
1.878436660766601562e+01
1.887968254089355469e+01
1.921948432922363281e+01
1.949038124084472656e+01
2.052608680725097656e+01
2.001468276977539062e+01
2.089256286621093750e+01
2.086815261840820312e+01
2.055551910400390625e+01
2.129041481018066406e+01
2.272938346862792969e+01
2.289426231384277344e+01
2.311721038818359375e+01
2.366836357116699219e+01
2.487100601196289062e+01
2.507716751098632812e+01
2.518432044982910156e+01
2.634765243530273438e+01
2.873557853698730469e+01
3.460977935791015625e+01
3.738521575927734375e+01
3.931042861938476562e+01
4.463339233398437500e+01
4.753229522705078125e+01
4.573633575439453125e+01
4.839707565307617188e+01
5.093140411376953125e+01
5.347797393798828125e+01
5.792527008056640625e+01
5.974824523925781250e+01
6.071940612792968750e+01
6.288434982299804688e+01
6.532863616943359375e+01
6.778269195556640625e+01
7.115044403076171875e+01
7.396345520019531250e+01
7.714050292968750000e+01
7.734846496582031250e+01
8.163008117675781250e+01
8.284223937988281250e+01
8.292593383789062500e+01
8.372684478759765625e+01
8.532537841796875000e+01
8.573529815673828125e+01
8.567455291748046875e+01
8.464025878906250000e+01
8.507111358642578125e+01
8.681195068359375000e+01
8.543384552001953125e+01
8.486766815185546875e+01
8.241068267822265625e+01
8.212628173828125000e+01
8.078770446777343750e+01
7.978909301757812500e+01
8.008356475830078125e+01
7.703749847412109375e+01
7.709260559082031250e+01
7.500463104248046875e+01
7.236305236816406250e+01
7.418401336669921875e+01
7.129377746582031250e+01
6.929839324951171875e+01
7.227874755859375000e+01
7.057735443115234375e+01
6.966437530517578125e+01
6.936404418945312500e+01
6.871542358398437500e+01
6.846881103515625000e+01
6.935864257812500000e+01
6.880583953857421875e+01
6.858386230468750000e+01
7.193025207519531250e+01
7.284043884277343750e+01
7.604314422607421875e+01
7.934777832031250000e+01
8.211375427246093750e+01
8.623607635498046875e+01
9.128276824951171875e+01
9.189302825927734375e+01
9.655406188964843750e+01
9.442359161376953125e+01
9.777452850341796875e+01
9.889006042480468750e+01
1.013737869262695312e+02
1.032293624877929688e+02
1.053246383666992188e+02
1.068788146972656250e+02
1.108432998657226562e+02
1.088450927734375000e+02
1.087195434570312500e+02
1.101578445434570312e+02
1.051609039306640625e+02
1.044150466918945312e+02
1.042131805419921875e+02
1.048312835693359375e+02
1.027872467041015625e+02
1.025567474365234375e+02
1.018118133544921875e+02
1.040761947631835938e+02
9.849491882324218750e+01
9.916862487792968750e+01
9.850540924072265625e+01
9.912557220458984375e+01
9.867975616455078125e+01
9.804765319824218750e+01
9.546633148193359375e+01
9.375816345214843750e+01
9.127193450927734375e+01
8.720082855224609375e+01
8.823368835449218750e+01
9.066689300537109375e+01
8.850448608398437500e+01
8.697170257568359375e+01
8.383560943603515625e+01
8.396474456787109375e+01
8.240951538085937500e+01
7.787055969238281250e+01
7.635870361328125000e+01
7.711431884765625000e+01
7.626828002929687500e+01
7.540617370605468750e+01
7.610462188720703125e+01
7.406395721435546875e+01
7.463858032226562500e+01
7.359029388427734375e+01
7.399053192138671875e+01
7.204457855224609375e+01
7.327993011474609375e+01
7.553117370605468750e+01
7.607421875000000000e+01
7.846065521240234375e+01
7.947208404541015625e+01
8.609294128417968750e+01
9.007640075683593750e+01
9.576829528808593750e+01
9.977159118652343750e+01
1.016489562988281250e+02
1.055010528564453125e+02
1.083032531738281250e+02
1.178711700439453125e+02
1.293142700195312500e+02
1.355027465820312500e+02
1.466451721191406250e+02
1.566725006103515625e+02
1.575970611572265625e+02
1.615561370849609375e+02
1.637674255371093750e+02
1.585399322509765625e+02
1.601837768554687500e+02
1.550154571533203125e+02
1.551737823486328125e+02
1.475855102539062500e+02
1.457717895507812500e+02
1.439199066162109375e+02
1.390480346679687500e+02
1.355952758789062500e+02
1.383816528320312500e+02
1.348637542724609375e+02
1.387014617919921875e+02
1.372935028076171875e+02
1.343286132812500000e+02
1.363270568847656250e+02
1.333434448242187500e+02
1.335366058349609375e+02
1.298003387451171875e+02
1.301621704101562500e+02
1.262819824218750000e+02
1.230375442504882812e+02
1.227305908203125000e+02
1.150223617553710938e+02
1.166395492553710938e+02
1.128068161010742188e+02
1.119842529296875000e+02
1.091590652465820312e+02
1.074527511596679688e+02
1.084517059326171875e+02
1.084851837158203125e+02
1.053971405029296875e+02
1.029479217529296875e+02
1.033827438354492188e+02
1.016711349487304688e+02
1.011736450195312500e+02
9.647743225097656250e+01
8.997213745117187500e+01
8.793309020996093750e+01
8.470766448974609375e+01
8.061906433105468750e+01
7.874576568603515625e+01
7.501808929443359375e+01
7.315246582031250000e+01
7.173986053466796875e+01
6.874376678466796875e+01
6.778655242919921875e+01
6.570252990722656250e+01
6.498649597167968750e+01
6.159671020507812500e+01
5.996279907226562500e+01
6.016689682006835938e+01
5.792562484741210938e+01
5.565045166015625000e+01
5.511119461059570312e+01
5.428931427001953125e+01
5.148033142089843750e+01
4.939352416992187500e+01
4.965142822265625000e+01
4.652273178100585938e+01
4.386191558837890625e+01
4.465131759643554688e+01
4.328421020507812500e+01
4.241281127929687500e+01
4.076556396484375000e+01
3.948184204101562500e+01
3.755009841918945312e+01
3.737446975708007812e+01
3.615252304077148438e+01
3.538336944580078125e+01
3.367641448974609375e+01
3.525266265869140625e+01
3.368387222290039062e+01
3.337569808959960938e+01
3.179964828491210938e+01
3.222405624389648438e+01
3.104302978515625000e+01
2.992630767822265625e+01
2.873526573181152344e+01
2.827358627319335938e+01
2.809710311889648438e+01
2.693920898437500000e+01
2.714451599121093750e+01
2.629254722595214844e+01
2.589611244201660156e+01
2.525539779663085938e+01
2.515197944641113281e+01
2.441712570190429688e+01
2.360082817077636719e+01
2.370578765869140625e+01
2.364558410644531250e+01
2.303400611877441406e+01
2.318638420104980469e+01
2.263632965087890625e+01
2.203717994689941406e+01
2.263815116882324219e+01
2.191814422607421875e+01
2.184882354736328125e+01
2.129635810852050781e+01
2.113017654418945312e+01
2.064491081237792969e+01
2.075819778442382812e+01
2.058374214172363281e+01
2.042512130737304688e+01
2.016166496276855469e+01
2.020392608642578125e+01
2.026968574523925781e+01
1.992172241210937500e+01
1.950376892089843750e+01
1.948880386352539062e+01
1.914163589477539062e+01
1.952293968200683594e+01
1.952888679504394531e+01
1.910447692871093750e+01
1.906663322448730469e+01
1.909865570068359375e+01
1.872463607788085938e+01
1.900812911987304688e+01
1.866810989379882812e+01
1.872133827209472656e+01
1.852072715759277344e+01
1.799628448486328125e+01
1.780081939697265625e+01
1.830180931091308594e+01
1.821589088439941406e+01
1.784194755554199219e+01
1.801748085021972656e+01
1.790027046203613281e+01
1.840061759948730469e+01
1.806353950500488281e+01
1.792137908935546875e+01
1.799091720581054688e+01
1.821341323852539062e+01
1.806968307495117188e+01
1.783816146850585938e+01
1.795661354064941406e+01
1.818468093872070312e+01
1.754900550842285156e+01
1.793237495422363281e+01
1.791919326782226562e+01
1.736730003356933594e+01
1.762843704223632812e+01
1.739997291564941406e+01
1.758944511413574219e+01
1.755469512939453125e+01
1.710596847534179688e+01
1.741967964172363281e+01
1.727104949951171875e+01
1.711847305297851562e+01
1.691921806335449219e+01
1.738211631774902344e+01
1.707153892517089844e+01
1.703396797180175781e+01
1.677310562133789062e+01
1.707980728149414062e+01
1.676168060302734375e+01
1.679201316833496094e+01
1.652518272399902344e+01
1.670913124084472656e+01
1.682563209533691406e+01
1.638779449462890625e+01
1.642241477966308594e+01
1.666753196716308594e+01
1.653302955627441406e+01
1.643020248413085938e+01
1.654222869873046875e+01
1.616570663452148438e+01
1.635492134094238281e+01
1.639029693603515625e+01
1.682654762268066406e+01
1.686024284362792969e+01
1.680109786987304688e+01
1.689143753051757812e+01
1.675753211975097656e+01
1.690981674194335938e+01
1.673044586181640625e+01
1.642798423767089844e+01
1.661200714111328125e+01
1.688973426818847656e+01
1.688340950012207031e+01
1.667703056335449219e+01
1.692985534667968750e+01
1.675892257690429688e+01
1.662076568603515625e+01
1.632156562805175781e+01
1.657967185974121094e+01
1.634567070007324219e+01
1.622830772399902344e+01
1.641676902770996094e+01
1.651660346984863281e+01
1.645235443115234375e+01
1.680394935607910156e+01
1.640130996704101562e+01
1.702281951904296875e+01
1.668819618225097656e+01
1.683686447143554688e+01
1.691726303100585938e+01
1.684687232971191406e+01
1.684898757934570312e+01
1.712481117248535156e+01
1.674246025085449219e+01
1.712335395812988281e+01
1.722634696960449219e+01
1.755310249328613281e+01
1.695949935913085938e+01
1.697315597534179688e+01
1.704069328308105469e+01
1.768739891052246094e+01
1.743065452575683594e+01
1.718156242370605469e+01
1.729131698608398438e+01
1.750383949279785156e+01
1.703174400329589844e+01
1.721236991882324219e+01
1.714572715759277344e+01
1.708116531372070312e+01
1.679634857177734375e+01
1.691703605651855469e+01
1.673328399658203125e+01
1.699960517883300781e+01
1.703539085388183594e+01
1.718260574340820312e+01
1.720095634460449219e+01
1.697196960449218750e+01
1.656003761291503906e+01
1.702272987365722656e+01
1.721295547485351562e+01
1.714398574829101562e+01
1.780160331726074219e+01
1.714947700500488281e+01
1.790145301818847656e+01
1.757104682922363281e+01
1.786929321289062500e+01
1.807923889160156250e+01
1.774732589721679688e+01
1.774861717224121094e+01
1.822355079650878906e+01
1.812383842468261719e+01
1.820412254333496094e+01
1.805418777465820312e+01
1.801071548461914062e+01
1.787920570373535156e+01
1.801556968688964844e+01
1.812667655944824219e+01
1.801428604125976562e+01
1.833745765686035156e+01
1.790077018737792969e+01
1.804227256774902344e+01
1.829693412780761719e+01
1.864964485168457031e+01
1.866122627258300781e+01
1.838437652587890625e+01
1.825969505310058594e+01
1.841580772399902344e+01
1.820190620422363281e+01
1.869502449035644531e+01
1.843196868896484375e+01
1.808226966857910156e+01
1.806023025512695312e+01
1.782300376892089844e+01
1.813995742797851562e+01
1.844164085388183594e+01
1.864207458496093750e+01
1.835670661926269531e+01
1.869172096252441406e+01
1.852982330322265625e+01
1.833917427062988281e+01
1.869767189025878906e+01
1.866207885742187500e+01
1.851338195800781250e+01
1.825099563598632812e+01
1.873863792419433594e+01
1.861163711547851562e+01
1.899447250366210938e+01
1.855461311340332031e+01
1.898189735412597656e+01
1.936760902404785156e+01
1.914788246154785156e+01
1.890991401672363281e+01
1.915002822875976562e+01
1.926769828796386719e+01
1.914366912841796875e+01
1.912778091430664062e+01
1.893870735168457031e+01
1.935324096679687500e+01
1.937440299987792969e+01
2.004017639160156250e+01
1.954504776000976562e+01
1.968232536315917969e+01
2.007137870788574219e+01
1.960113525390625000e+01
1.937970733642578125e+01
1.959952926635742188e+01
1.907086753845214844e+01
1.993646430969238281e+01
1.985569572448730469e+01
2.008063125610351562e+01
2.018404960632324219e+01
1.937453460693359375e+01
1.972771835327148438e+01
1.941124153137207031e+01
1.947441482543945312e+01
1.967546081542968750e+01
1.966707420349121094e+01
1.985776138305664062e+01
1.967477226257324219e+01
1.954503059387207031e+01
1.997340583801269531e+01
2.000030899047851562e+01
2.002789115905761719e+01
2.009467887878417969e+01
2.056090164184570312e+01
2.057790374755859375e+01
1.958185386657714844e+01
2.006789970397949219e+01
2.035324287414550781e+01
2.045933341979980469e+01
2.089506149291992188e+01
2.041695594787597656e+01
2.063677597045898438e+01
2.060176467895507812e+01
2.054980850219726562e+01
2.061875724792480469e+01
2.068144798278808594e+01
2.107832336425781250e+01
2.142158126831054688e+01
2.083063697814941406e+01
2.143843841552734375e+01
2.170651245117187500e+01
2.157307815551757812e+01
2.143723869323730469e+01
2.206724929809570312e+01
2.188967895507812500e+01
2.177032852172851562e+01
2.220098114013671875e+01
2.213642883300781250e+01
2.252165794372558594e+01
2.258201408386230469e+01
2.218123054504394531e+01
2.262340164184570312e+01
2.167086791992187500e+01
2.219566726684570312e+01
2.192412757873535156e+01
2.296258544921875000e+01
2.271162414550781250e+01
2.277458572387695312e+01
2.317848396301269531e+01
2.256263160705566406e+01
2.257030868530273438e+01
2.250850868225097656e+01
2.290403175354003906e+01
2.297720336914062500e+01
2.316036987304687500e+01
2.328914451599121094e+01
2.352232360839843750e+01
2.293597984313964844e+01
2.289459419250488281e+01
2.347869873046875000e+01
2.322806167602539062e+01
2.363496208190917969e+01
2.360593795776367188e+01
2.357289314270019531e+01
2.363518905639648438e+01
2.391217613220214844e+01
2.446562767028808594e+01
2.378558921813964844e+01
2.440945053100585938e+01
2.428014373779296875e+01
2.451424598693847656e+01
2.430599594116210938e+01
2.457213211059570312e+01
2.474212837219238281e+01
2.451602172851562500e+01
2.461890029907226562e+01
2.458212852478027344e+01
2.473515319824218750e+01
2.511522293090820312e+01
2.521747779846191406e+01
2.467942428588867188e+01
2.461243438720703125e+01
2.527027893066406250e+01
2.507257080078125000e+01
2.488408470153808594e+01
2.578268814086914062e+01
2.550225067138671875e+01
2.506356239318847656e+01
2.519812774658203125e+01
2.529269790649414062e+01
2.479963493347167969e+01
2.522643089294433594e+01
2.518152427673339844e+01
2.536441802978515625e+01
2.523552703857421875e+01
2.542017555236816406e+01
2.555670738220214844e+01
2.574589347839355469e+01
2.527488708496093750e+01
2.516759490966796875e+01
2.433309936523437500e+01
2.489674377441406250e+01
2.512226486206054688e+01
2.536473083496093750e+01
2.517573738098144531e+01
2.517783546447753906e+01
2.490196418762207031e+01
2.492317771911621094e+01
2.543566131591796875e+01
2.535813331604003906e+01
2.465169525146484375e+01
2.531327438354492188e+01
2.563363647460937500e+01
2.568011665344238281e+01
2.602172660827636719e+01
2.587709999084472656e+01
2.616025733947753906e+01
2.618995666503906250e+01
2.642848396301269531e+01
2.529630470275878906e+01
2.627905464172363281e+01
2.678127861022949219e+01
2.644608306884765625e+01
2.627868080139160156e+01
2.616415214538574219e+01
2.692409706115722656e+01
2.673184776306152344e+01
2.713363647460937500e+01
2.652367973327636719e+01
2.627404022216796875e+01
2.705314826965332031e+01
2.633031272888183594e+01
2.676765251159667969e+01
2.702070236206054688e+01
2.671936607360839844e+01
2.655031204223632812e+01
2.694624519348144531e+01
2.701868629455566406e+01
2.737830162048339844e+01
2.729840469360351562e+01
2.730687713623046875e+01
2.714242172241210938e+01
2.745898437500000000e+01
2.717496490478515625e+01
2.705434989929199219e+01
2.841802406311035156e+01
2.746433639526367188e+01
2.774394607543945312e+01
2.841014289855957031e+01
2.788425827026367188e+01
2.855992889404296875e+01
2.850658226013183594e+01
2.814113616943359375e+01
2.828393363952636719e+01
2.903475761413574219e+01
2.844060134887695312e+01
2.821524047851562500e+01
2.875228881835937500e+01
2.815339088439941406e+01
2.820678138732910156e+01
2.853556632995605469e+01
2.809924888610839844e+01
2.856643676757812500e+01
2.867732810974121094e+01
2.838346290588378906e+01
2.862789154052734375e+01
2.827374649047851562e+01
2.876874923706054688e+01
2.900881195068359375e+01
2.843677139282226562e+01
2.901782035827636719e+01
2.917994117736816406e+01
2.962680816650390625e+01
2.931265640258789062e+01
2.868419456481933594e+01
2.925505065917968750e+01
3.001685905456542969e+01
2.949424934387207031e+01
2.912191581726074219e+01
3.024506950378417969e+01
2.984273910522460938e+01
2.962695693969726562e+01
3.025261306762695312e+01
2.983243370056152344e+01
3.065876960754394531e+01
3.037337112426757812e+01
3.076276206970214844e+01
3.021231651306152344e+01
3.035445976257324219e+01
3.062393760681152344e+01
2.990249633789062500e+01
3.070255088806152344e+01
3.092090606689453125e+01
2.996094131469726562e+01
3.059885215759277344e+01
3.043768310546875000e+01
3.092514228820800781e+01
3.072773551940917969e+01
3.048261833190917969e+01
3.048285293579101562e+01
3.083953285217285156e+01
3.126833915710449219e+01
3.101875305175781250e+01
3.160791778564453125e+01
3.081190681457519531e+01
3.080257415771484375e+01
3.136441612243652344e+01
3.055652809143066406e+01
3.181449508666992188e+01
3.107049942016601562e+01
3.025568771362304688e+01
3.118055725097656250e+01
3.087119483947753906e+01
3.039037322998046875e+01
3.116663551330566406e+01
3.149499702453613281e+01
3.095142555236816406e+01
3.105503463745117188e+01
3.178430938720703125e+01
3.105184364318847656e+01
3.095768356323242188e+01
3.067543029785156250e+01
3.076185989379882812e+01
3.044652557373046875e+01
3.060206604003906250e+01
3.038682365417480469e+01
3.087119483947753906e+01
3.112416458129882812e+01
3.029937553405761719e+01
3.071495246887207031e+01
3.028562927246093750e+01
3.007122802734375000e+01
3.059206008911132812e+01
3.040904235839843750e+01
3.045339584350585938e+01
3.097308921813964844e+01
2.992963600158691406e+01
3.113467788696289062e+01
3.087848091125488281e+01
3.061882972717285156e+01
3.089286804199218750e+01
3.000790214538574219e+01
3.039277458190917969e+01
3.028296470642089844e+01
3.098614120483398438e+01
2.998461914062500000e+01
3.072979736328125000e+01
3.044616317749023438e+01
3.066698837280273438e+01
3.007760238647460938e+01
3.092059516906738281e+01
2.977569961547851562e+01
2.952851867675781250e+01
2.956892204284667969e+01
3.013809013366699219e+01
2.904412841796875000e+01
2.948393058776855469e+01
2.981939888000488281e+01
2.878258514404296875e+01
2.933441734313964844e+01
3.017584228515625000e+01
2.947951889038085938e+01
2.983480834960937500e+01
3.017875480651855469e+01
2.937592506408691406e+01
2.884445381164550781e+01
2.985181427001953125e+01
2.915444564819335938e+01
2.829040718078613281e+01
2.833334541320800781e+01
2.778186225891113281e+01
2.827112197875976562e+01
2.862237739562988281e+01
2.778699684143066406e+01
2.789791107177734375e+01
2.803281974792480469e+01
2.779537391662597656e+01
2.872765731811523438e+01
2.857734298706054688e+01
2.768339920043945312e+01
2.769578170776367188e+01
2.832362174987792969e+01
2.850333213806152344e+01
2.821166610717773438e+01
2.836903953552246094e+01
2.839564704895019531e+01
2.875422859191894531e+01
2.912515830993652344e+01
2.834525108337402344e+01
2.858447074890136719e+01
2.915184974670410156e+01
2.890172958374023438e+01
2.827305030822753906e+01
2.827507019042968750e+01
2.955882453918457031e+01
2.872660827636718750e+01
2.854831314086914062e+01
2.865858078002929688e+01
2.935761260986328125e+01
2.888303375244140625e+01
2.862247276306152344e+01
2.973793601989746094e+01
3.013389968872070312e+01
2.918873214721679688e+01
2.816003227233886719e+01
2.989424133300781250e+01
2.902336883544921875e+01
2.999933624267578125e+01
3.042798614501953125e+01
2.992749595642089844e+01
3.031261444091796875e+01
3.069618606567382812e+01
3.130387878417968750e+01
2.950153350830078125e+01
2.983388328552246094e+01
3.025015258789062500e+01
3.014741325378417969e+01
3.086428260803222656e+01
3.069205093383789062e+01
3.042391395568847656e+01
2.973188972473144531e+01
2.924581336975097656e+01
2.996804237365722656e+01
3.045953941345214844e+01
3.110883331298828125e+01
3.052036094665527344e+01
2.999506950378417969e+01
3.080518341064453125e+01
3.202377319335937500e+01
3.174579238891601562e+01
3.008076477050781250e+01
3.045344924926757812e+01
3.066975021362304688e+01
3.186357688903808594e+01
3.099975776672363281e+01
3.152134704589843750e+01
3.006599998474121094e+01
3.261524200439453125e+01
3.133847999572753906e+01
3.102880287170410156e+01
3.099971199035644531e+01
3.117600440979003906e+01
3.086127281188964844e+01
3.034802818298339844e+01
3.154558944702148438e+01
3.069152259826660156e+01
2.938860130310058594e+01
2.946269607543945312e+01
3.091669654846191406e+01
3.066057014465332031e+01
2.981580734252929688e+01
3.065520668029785156e+01
3.075573348999023438e+01
2.931832885742187500e+01
3.077112007141113281e+01
3.021577072143554688e+01
3.076345252990722656e+01
3.038774299621582031e+01
3.051576614379882812e+01
3.008164787292480469e+01
3.104725456237792969e+01
3.116033935546875000e+01
3.056128692626953125e+01
3.022431945800781250e+01
3.077669715881347656e+01
3.084030151367187500e+01
3.037287712097167969e+01
3.049716758728027344e+01
3.104648971557617188e+01
3.028045463562011719e+01
3.059112930297851562e+01
3.063106155395507812e+01
3.120721626281738281e+01
3.021779632568359375e+01
3.038073348999023438e+01
3.148223495483398438e+01
3.022004699707031250e+01
3.081446075439453125e+01
3.156040763854980469e+01
3.087195777893066406e+01
3.053423690795898438e+01
3.070892143249511719e+01
3.061023330688476562e+01
3.022092628479003906e+01
3.062660980224609375e+01
3.034758949279785156e+01
2.925119972229003906e+01
3.014544868469238281e+01
3.100835037231445312e+01
3.091145896911621094e+01
3.101099205017089844e+01
3.081318283081054688e+01
3.063003158569335938e+01
2.962741088867187500e+01
2.939006423950195312e+01
2.931492614746093750e+01
2.951989173889160156e+01
3.010324096679687500e+01
3.101460456848144531e+01
3.077469635009765625e+01
3.140649604797363281e+01
3.064888000488281250e+01
3.149018287658691406e+01
3.113457489013671875e+01
3.090306091308593750e+01
3.107003211975097656e+01
3.163164138793945312e+01
3.023040771484375000e+01
3.112523078918457031e+01
3.114522171020507812e+01
3.088402938842773438e+01
3.098531341552734375e+01
3.159263038635253906e+01
3.124353218078613281e+01
3.218258666992187500e+01
3.129701614379882812e+01
3.111564064025878906e+01
3.083503913879394531e+01
3.148989105224609375e+01
3.215716171264648438e+01
3.122236061096191406e+01
3.212999725341796875e+01
3.223490142822265625e+01
3.154083061218261719e+01
3.171735191345214844e+01
3.226030731201171875e+01
3.207488632202148438e+01
3.257693862915039062e+01
3.259177780151367188e+01
3.159041786193847656e+01
3.126373672485351562e+01
3.284030151367187500e+01
3.230637741088867188e+01
3.283586120605468750e+01
3.150636863708496094e+01
3.246754455566406250e+01
3.193955802917480469e+01
3.160528945922851562e+01
3.123807334899902344e+01
3.259210205078125000e+01
3.263174438476562500e+01
3.207353591918945312e+01
3.296414184570312500e+01
3.215117645263671875e+01
3.277656173706054688e+01
3.170591735839843750e+01
3.252698898315429688e+01
3.287642288208007812e+01
3.230342864990234375e+01
3.225921630859375000e+01
3.223761749267578125e+01
3.247285461425781250e+01
3.330956268310546875e+01
3.340384292602539062e+01
3.380540466308593750e+01
3.358877182006835938e+01
3.341917419433593750e+01
3.383979797363281250e+01
3.289163589477539062e+01
3.363968276977539062e+01
3.380155563354492188e+01
3.359651565551757812e+01
3.415800094604492188e+01
3.463595962524414062e+01
3.457824325561523438e+01
3.346571731567382812e+01
3.354042053222656250e+01
3.446829605102539062e+01
3.300786209106445312e+01
3.367916488647460938e+01
3.454576492309570312e+01
3.424753189086914062e+01
3.420705413818359375e+01
3.388182067871093750e+01
3.412103271484375000e+01
3.454026031494140625e+01
3.455530548095703125e+01
3.503099441528320312e+01
3.652687072753906250e+01
3.545858001708984375e+01
3.562355804443359375e+01
3.478711318969726562e+01
3.499954605102539062e+01
3.483692169189453125e+01
3.468558120727539062e+01
3.508677291870117188e+01
3.423011016845703125e+01
3.483151626586914062e+01
3.526082992553710938e+01
3.389709472656250000e+01
3.485712432861328125e+01
3.513147354125976562e+01
3.410450744628906250e+01
3.524607086181640625e+01
3.332749176025390625e+01
3.471037673950195312e+01
3.397624206542968750e+01
3.404991531372070312e+01
3.493746566772460938e+01
3.453755950927734375e+01
3.355595397949218750e+01
3.409267044067382812e+01
3.384541320800781250e+01
3.412435150146484375e+01
3.397597503662109375e+01
3.396856689453125000e+01
3.365882110595703125e+01
3.435018920898437500e+01
3.475239181518554688e+01
3.427541351318359375e+01
3.450364303588867188e+01
3.546162796020507812e+01
3.482427215576171875e+01
3.358631134033203125e+01
3.516114807128906250e+01
3.326941299438476562e+01
3.397247695922851562e+01
3.405724334716796875e+01
3.423645401000976562e+01
3.418980789184570312e+01
3.373435592651367188e+01
3.415750503540039062e+01
3.396494674682617188e+01
3.375128173828125000e+01
3.347551345825195312e+01
3.327649307250976562e+01
3.327660369873046875e+01
3.447735595703125000e+01
3.481732559204101562e+01
3.409894561767578125e+01
3.390294647216796875e+01
3.439563369750976562e+01
3.328358840942382812e+01
3.403205871582031250e+01
3.361780166625976562e+01
3.399768829345703125e+01
3.325459289550781250e+01
3.348628234863281250e+01
3.389536666870117188e+01
3.420183944702148438e+01
3.451783752441406250e+01
3.382470321655273438e+01
3.464429855346679688e+01
3.467607879638671875e+01
3.448660659790039062e+01
3.490853118896484375e+01
3.444168853759765625e+01
3.400318145751953125e+01
3.369605636596679688e+01
3.457494354248046875e+01
3.429711532592773438e+01
3.442897033691406250e+01
3.467405700683593750e+01
3.428234100341796875e+01
3.419781875610351562e+01
3.469410324096679688e+01
3.562810134887695312e+01
3.483677673339843750e+01
3.395108413696289062e+01
3.450095367431640625e+01
3.493448638916015625e+01
3.632492065429687500e+01
3.428672027587890625e+01
3.481576538085937500e+01
3.554779815673828125e+01
3.569441223144531250e+01
3.467014694213867188e+01
3.595279693603515625e+01
3.614695358276367188e+01
3.578266143798828125e+01
3.519788742065429688e+01
3.526742935180664062e+01
3.530371093750000000e+01
3.497062683105468750e+01
3.511854553222656250e+01
3.583347702026367188e+01
3.442955017089843750e+01
3.470014190673828125e+01
3.554481887817382812e+01
3.429893493652343750e+01
3.524375152587890625e+01
3.525183486938476562e+01
3.427809906005859375e+01
3.545296859741210938e+01
3.494877243041992188e+01
3.555290603637695312e+01
3.480242156982421875e+01
3.362697982788085938e+01
3.429724121093750000e+01
3.460679626464843750e+01
3.475172042846679688e+01
3.446761322021484375e+01
3.500155258178710938e+01
3.371547698974609375e+01
3.405295181274414062e+01
3.502197647094726562e+01
3.442158889770507812e+01
3.344302368164062500e+01
3.564674758911132812e+01
3.497912597656250000e+01
3.464334487915039062e+01
3.440247344970703125e+01
3.455817794799804688e+01
3.482995605468750000e+01
3.416324996948242188e+01
3.434389114379882812e+01
3.439286041259765625e+01
3.522814178466796875e+01
3.492147827148437500e+01
3.534035110473632812e+01
3.485466384887695312e+01
3.571183013916015625e+01
3.389463424682617188e+01
3.411964035034179688e+01
3.498999786376953125e+01
3.524607467651367188e+01
3.626237869262695312e+01
3.427112960815429688e+01
3.558694458007812500e+01
3.449542617797851562e+01
3.421951293945312500e+01
3.581532287597656250e+01
3.454625320434570312e+01
3.471498107910156250e+01
3.489875411987304688e+01
3.526353073120117188e+01
3.508626556396484375e+01
3.448272705078125000e+01
3.605492782592773438e+01
3.497565460205078125e+01
3.427328872680664062e+01
3.506739807128906250e+01
3.512588119506835938e+01
3.625471496582031250e+01
3.578075027465820312e+01
3.567601013183593750e+01
3.487644195556640625e+01
3.517678451538085938e+01
3.619714736938476562e+01
3.534806823730468750e+01
3.590973281860351562e+01
3.545802307128906250e+01
3.575614547729492188e+01
3.457713699340820312e+01
3.609416580200195312e+01
3.605073547363281250e+01
3.542145919799804688e+01
3.665379714965820312e+01
3.713398361206054688e+01
3.737660217285156250e+01
3.621265792846679688e+01
3.585165786743164062e+01
3.636290740966796875e+01
3.622460174560546875e+01
3.658317565917968750e+01
3.708153915405273438e+01
3.605164337158203125e+01
3.704586791992187500e+01
3.630049896240234375e+01
3.513975906372070312e+01
3.606179046630859375e+01
3.600339126586914062e+01
3.619422531127929688e+01
3.628443145751953125e+01
3.662030792236328125e+01
3.629835128784179688e+01
3.733640670776367188e+01
3.740592193603515625e+01
3.755026626586914062e+01
3.864013290405273438e+01
3.727490997314453125e+01
3.722512817382812500e+01
3.685210418701171875e+01
3.817520141601562500e+01
3.897360992431640625e+01
3.668122482299804688e+01
3.825352478027343750e+01
3.887383651733398438e+01
3.786896133422851562e+01
3.814362716674804688e+01
3.817884826660156250e+01
3.806481552124023438e+01
3.696328353881835938e+01
3.876571273803710938e+01
3.953871154785156250e+01
3.780588531494140625e+01
3.968299102783203125e+01
3.865736007690429688e+01
3.836672592163085938e+01
3.810047531127929688e+01
3.841591262817382812e+01
3.780621719360351562e+01
3.919483947753906250e+01
3.728732681274414062e+01
3.790011215209960938e+01
3.725661468505859375e+01
3.736982345581054688e+01
3.912727355957031250e+01
3.860288619995117188e+01
3.854075622558593750e+01
3.838901138305664062e+01
3.748858642578125000e+01
3.715912246704101562e+01
3.747023773193359375e+01
3.886640167236328125e+01
3.833552169799804688e+01
3.880154800415039062e+01
3.768574142456054688e+01
3.814442825317382812e+01
3.773336410522460938e+01
3.896889114379882812e+01
3.916365814208984375e+01
3.864451599121093750e+01
3.930214309692382812e+01
3.984950637817382812e+01
4.026567840576171875e+01
4.085471725463867188e+01
3.877829742431640625e+01
3.999973297119140625e+01
3.937319183349609375e+01
3.791935729980468750e+01
3.953441238403320312e+01
3.838089752197265625e+01
4.051345825195312500e+01
4.007669448852539062e+01
3.909750747680664062e+01
4.023613357543945312e+01
3.975913619995117188e+01
3.997612762451171875e+01
4.158052062988281250e+01
4.052751541137695312e+01
4.096977996826171875e+01
4.045957183837890625e+01
4.074762344360351562e+01
4.074636459350585938e+01
4.026249313354492188e+01
4.083263015747070312e+01
3.965122604370117188e+01
4.040387725830078125e+01
4.100714874267578125e+01
3.979792785644531250e+01
4.194685363769531250e+01
4.167845153808593750e+01
3.958348083496093750e+01
4.150120925903320312e+01
4.186404800415039062e+01
4.133334350585937500e+01
4.032995986938476562e+01
4.031886672973632812e+01
4.084799194335937500e+01
4.106342315673828125e+01
4.265433502197265625e+01
4.055422973632812500e+01
4.261965179443359375e+01
3.958114624023437500e+01
3.972927856445312500e+01
3.997817611694335938e+01
4.029241180419921875e+01
4.078292846679687500e+01
3.893078231811523438e+01
4.041232681274414062e+01
4.076679992675781250e+01
4.113238525390625000e+01
3.893199920654296875e+01
3.975711059570312500e+01
3.944500732421875000e+01
3.948073577880859375e+01
4.131343460083007812e+01
4.040454864501953125e+01
3.910655212402343750e+01
4.156287765502929688e+01
4.047527694702148438e+01
4.108446502685546875e+01
3.910742950439453125e+01
4.184537887573242188e+01
4.044223403930664062e+01
4.081844711303710938e+01
4.089395904541015625e+01
4.049187469482421875e+01
4.020361709594726562e+01
4.125526428222656250e+01
3.950168609619140625e+01
4.102193450927734375e+01
3.995996093750000000e+01
4.130991744995117188e+01
4.254821014404296875e+01
4.097414016723632812e+01
4.130071258544921875e+01
3.910025787353515625e+01
4.047896957397460938e+01
4.058344268798828125e+01
3.912378311157226562e+01
4.398242568969726562e+01
4.074837875366210938e+01
4.007263183593750000e+01
4.091461563110351562e+01
3.956281280517578125e+01
4.020449447631835938e+01
4.045584869384765625e+01
3.986234664916992188e+01
4.219642257690429688e+01
4.063709259033203125e+01
4.026323318481445312e+01
3.996385192871093750e+01
4.040931320190429688e+01
4.006250000000000000e+01
4.043071746826171875e+01
4.048014068603515625e+01
4.087136840820312500e+01
3.980533218383789062e+01
4.067776107788085938e+01
4.078536605834960938e+01
4.177142715454101562e+01
4.170606994628906250e+01
4.013746261596679688e+01
4.045698547363281250e+01
4.079729080200195312e+01
4.075234985351562500e+01
4.068967819213867188e+01
4.156021881103515625e+01
4.036715698242187500e+01
4.007999420166015625e+01
4.081410598754882812e+01
4.108404922485351562e+01
4.149396896362304688e+01
4.010963439941406250e+01
3.983745956420898438e+01
4.001378631591796875e+01
4.044606399536132812e+01
4.172450256347656250e+01
4.005606460571289062e+01
4.133618927001953125e+01
4.063563919067382812e+01
4.162394714355468750e+01
4.093117904663085938e+01
4.044607162475585938e+01
4.066160202026367188e+01
4.058788299560546875e+01
4.096480560302734375e+01
4.080709457397460938e+01
4.185234832763671875e+01
3.993165588378906250e+01
4.013438415527343750e+01
4.052153778076171875e+01
4.112680435180664062e+01
3.993167877197265625e+01
3.985720062255859375e+01
4.006418228149414062e+01
3.999782943725585938e+01
3.933557891845703125e+01
4.123018646240234375e+01
3.944451522827148438e+01
4.068626785278320312e+01
4.391194534301757812e+01
4.266671752929687500e+01
4.096950531005859375e+01
3.876989746093750000e+01
4.006905364990234375e+01
4.076606369018554688e+01
4.031086730957031250e+01
3.859678268432617188e+01
3.815431594848632812e+01
3.982476425170898438e+01
4.010068130493164062e+01
4.040408325195312500e+01
4.101332092285156250e+01
4.094724273681640625e+01
3.950112915039062500e+01
3.905332946777343750e+01
3.917626571655273438e+01
3.935963058471679688e+01
3.988771438598632812e+01
4.053125381469726562e+01
3.922948837280273438e+01
3.997348022460937500e+01
4.004861831665039062e+01
3.999391174316406250e+01
4.088032913208007812e+01
4.148558425903320312e+01
3.887948226928710938e+01
4.011606216430664062e+01
4.102425003051757812e+01
4.023266220092773438e+01
3.956516265869140625e+01
4.099050903320312500e+01
3.880878829956054688e+01
3.985317230224609375e+01
4.042844772338867188e+01
4.114359283447265625e+01
4.243140411376953125e+01
4.179528045654296875e+01
4.281810760498046875e+01
3.998735046386718750e+01
4.173096847534179688e+01
4.234313964843750000e+01
4.072780609130859375e+01
4.033469390869140625e+01
3.998698425292968750e+01
4.101639175415039062e+01
4.009534072875976562e+01
3.985303878784179688e+01
4.194039154052734375e+01
3.879203033447265625e+01
3.973551559448242188e+01
3.812913894653320312e+01
3.887432479858398438e+01
4.083821868896484375e+01
3.909778976440429688e+01
4.022145080566406250e+01
3.965771865844726562e+01
3.988340759277343750e+01
3.914270782470703125e+01
4.050396347045898438e+01
3.946754837036132812e+01
4.008750915527343750e+01
3.938279724121093750e+01
3.960409545898437500e+01
3.985323333740234375e+01
4.007777404785156250e+01
3.985514068603515625e+01
4.188079833984375000e+01
4.126334762573242188e+01
4.123667144775390625e+01
4.182117843627929688e+01
4.214144134521484375e+01
4.558901596069335938e+01
4.161943054199218750e+01
3.991681289672851562e+01
4.243989181518554688e+01
4.347526931762695312e+01
4.081560897827148438e+01
4.282344818115234375e+01
4.146466445922851562e+01
4.256653976440429688e+01
4.179636001586914062e+01
3.973534393310546875e+01
4.167321777343750000e+01
4.239300918579101562e+01
4.214486694335937500e+01
4.332403564453125000e+01
4.140312576293945312e+01
4.143119812011718750e+01
4.277764129638671875e+01
4.108095932006835938e+01
4.098018264770507812e+01
4.154489517211914062e+01
4.444570159912109375e+01
4.408968734741210938e+01
4.291659545898437500e+01
4.243709564208984375e+01
4.377573013305664062e+01
4.535568237304687500e+01
4.339461898803710938e+01
4.205710983276367188e+01
4.103926467895507812e+01
4.312006378173828125e+01
4.404166030883789062e+01
4.598492431640625000e+01
4.202670669555664062e+01
4.297919464111328125e+01
4.235319137573242188e+01
4.349293136596679688e+01
4.268260192871093750e+01
4.323577499389648438e+01
4.480935287475585938e+01
4.206650924682617188e+01
4.531323623657226562e+01
4.098991775512695312e+01
4.429345321655273438e+01
4.237093734741210938e+01
4.130723571777343750e+01
4.096548080444335938e+01
4.194466400146484375e+01
4.275395965576171875e+01
4.316505432128906250e+01
4.466359329223632812e+01
4.232082748413085938e+01
4.395391464233398438e+01
4.774788665771484375e+01
4.330041885375976562e+01
4.340346145629882812e+01
4.590531158447265625e+01
4.499428176879882812e+01
4.461185836791992188e+01
4.453267288208007812e+01
4.195477294921875000e+01
4.490764236450195312e+01
4.455534362792968750e+01
4.489679718017578125e+01
4.300270080566406250e+01
4.446188354492187500e+01
4.211196517944335938e+01
4.211898040771484375e+01
4.052360534667968750e+01
4.259805297851562500e+01
4.296236801147460938e+01
4.258914184570312500e+01
4.348481750488281250e+01
4.514135360717773438e+01
4.287669372558593750e+01
4.392870330810546875e+01
4.650917053222656250e+01
4.420298385620117188e+01
4.382770156860351562e+01
4.567805099487304688e+01
4.358478546142578125e+01
4.377262115478515625e+01
4.190613937377929688e+01
4.378268432617187500e+01
4.402729797363281250e+01
4.430895996093750000e+01
4.298814010620117188e+01
4.418943023681640625e+01
4.671747207641601562e+01
4.563119506835937500e+01
4.253493881225585938e+01
4.385130310058593750e+01
4.867006683349609375e+01
4.524866485595703125e+01
4.619232940673828125e+01
4.530014419555664062e+01
4.535083770751953125e+01
4.534328842163085938e+01
4.571805953979492188e+01
4.558297348022460938e+01
4.443341064453125000e+01
4.481500625610351562e+01
4.293739700317382812e+01
4.584949874877929688e+01
4.305459213256835938e+01
4.599226379394531250e+01
4.477327346801757812e+01
4.703470230102539062e+01
4.478837585449218750e+01
4.437525939941406250e+01
4.434742355346679688e+01
4.267027282714843750e+01
4.726820373535156250e+01
4.284621429443359375e+01
4.655938339233398438e+01
4.448028182983398438e+01
4.818092346191406250e+01
4.634381103515625000e+01
4.630786514282226562e+01
4.031737518310546875e+01
4.489752960205078125e+01
4.221750640869140625e+01
3.999728775024414062e+01
4.531735229492187500e+01
4.384676742553710938e+01
4.400434494018554688e+01
4.503617858886718750e+01
4.912895202636718750e+01
4.464178848266601562e+01
4.554356384277343750e+01
4.287745666503906250e+01
4.615983963012695312e+01
4.344899368286132812e+01
4.314886474609375000e+01
4.405189895629882812e+01
4.210309982299804688e+01
4.231282043457031250e+01
4.242692184448242188e+01
4.417453002929687500e+01
4.232506179809570312e+01
4.189064407348632812e+01
4.311524581909179688e+01
4.418640518188476562e+01
4.349029541015625000e+01
4.209299087524414062e+01
4.123632431030273438e+01
4.228822708129882812e+01
4.251112365722656250e+01
4.216791915893554688e+01
4.228240585327148438e+01
4.307791519165039062e+01
4.471997451782226562e+01
4.113103103637695312e+01
4.891003036499023438e+01
4.191339874267578125e+01
4.144484329223632812e+01
4.210486602783203125e+01
4.393997955322265625e+01
4.233688735961914062e+01
4.194917297363281250e+01
4.269444274902343750e+01
4.170527267456054688e+01
4.338356018066406250e+01
4.327846145629882812e+01
4.344210815429687500e+01
4.415553283691406250e+01
4.495787429809570312e+01
4.597594451904296875e+01
4.337177658081054688e+01
4.399541473388671875e+01
4.633086013793945312e+01
4.478712463378906250e+01
4.262332153320312500e+01
4.147594451904296875e+01
4.706569671630859375e+01
4.465427398681640625e+01
4.469118118286132812e+01
4.123849868774414062e+01
4.443645477294921875e+01
4.230467224121093750e+01
4.471106719970703125e+01
4.494095230102539062e+01
4.542092514038085938e+01
4.312687683105468750e+01
4.207172012329101562e+01
4.415530014038085938e+01
5.145979690551757812e+01
4.394331359863281250e+01
4.137773513793945312e+01
4.384631347656250000e+01
4.620913314819335938e+01
4.272923278808593750e+01
4.645267486572265625e+01
4.390036010742187500e+01
4.130896377563476562e+01
4.047513961791992188e+01
4.270979690551757812e+01
4.020589447021484375e+01
4.584632492065429688e+01
4.069231414794921875e+01
4.023724365234375000e+01
4.429510116577148438e+01
4.263994216918945312e+01
4.271927261352539062e+01
4.315879058837890625e+01
4.189180374145507812e+01
4.212028503417968750e+01
4.934789657592773438e+01
4.348548507690429688e+01
4.247695159912109375e+01
4.191490554809570312e+01
4.329112625122070312e+01
4.302980422973632812e+01
4.087436676025390625e+01
4.297915267944335938e+01
4.308256149291992188e+01
4.240385818481445312e+01
4.208919906616210938e+01
4.366944122314453125e+01
4.239809417724609375e+01
3.983147430419921875e+01
4.288070297241210938e+01
4.164516448974609375e+01
4.264093399047851562e+01
4.113519668579101562e+01
4.054426574707031250e+01
4.420780563354492188e+01
4.526495361328125000e+01
4.166618728637695312e+01
4.143209075927734375e+01
4.423228836059570312e+01
5.287917327880859375e+01
4.431377410888671875e+01
4.486816406250000000e+01
4.400081253051757812e+01
4.412958526611328125e+01
4.818146133422851562e+01
4.664163970947265625e+01
4.232913208007812500e+01
4.254868316650390625e+01
4.221983718872070312e+01
4.379684066772460938e+01
4.443106079101562500e+01
4.602330398559570312e+01
4.220233154296875000e+01
4.579798126220703125e+01
4.264913940429687500e+01
4.538864135742187500e+01
4.313298797607421875e+01
4.371893310546875000e+01
4.299583053588867188e+01
4.275499343872070312e+01
3.905943298339843750e+01
4.378929519653320312e+01
4.097653198242187500e+01
4.489612197875976562e+01
4.090139007568359375e+01
4.610656356811523438e+01
4.633337402343750000e+01
4.253834152221679688e+01
4.378468704223632812e+01
4.730540466308593750e+01
4.249176025390625000e+01
4.336652374267578125e+01
4.596523666381835938e+01
4.336201095581054688e+01
4.317753219604492188e+01
4.161064147949218750e+01
4.313454818725585938e+01
4.570140457153320312e+01
4.298097991943359375e+01
4.608505630493164062e+01
4.504947662353515625e+01
4.291341018676757812e+01
4.395089721679687500e+01
4.572232055664062500e+01
4.501601028442382812e+01
4.366616439819335938e+01
4.488617706298828125e+01
4.325516128540039062e+01
4.262172698974609375e+01
4.581138992309570312e+01
4.561606979370117188e+01
4.822531127929687500e+01
4.268708801269531250e+01
4.460517120361328125e+01
4.530025863647460938e+01
4.422766113281250000e+01
4.617394256591796875e+01
4.593966674804687500e+01
4.194541549682617188e+01
3.958405303955078125e+01
4.539736175537109375e+01
4.714894104003906250e+01
4.201388931274414062e+01
4.157121276855468750e+01
4.441888809204101562e+01
4.087431716918945312e+01
4.244081115722656250e+01
4.247416687011718750e+01
4.471666336059570312e+01
4.233909988403320312e+01
4.257752990722656250e+01
4.628567123413085938e+01
4.571435165405273438e+01
4.262889862060546875e+01
4.275114822387695312e+01
4.335683059692382812e+01
4.626627349853515625e+01
4.154071426391601562e+01
4.165174484252929688e+01
4.345635223388671875e+01
4.282878875732421875e+01
4.156802368164062500e+01
4.186268234252929688e+01
4.440986251831054688e+01
4.205370330810546875e+01
4.376912689208984375e+01
4.622973251342773438e+01
4.249197006225585938e+01
4.237251281738281250e+01
4.549559020996093750e+01
4.431647109985351562e+01
4.395547103881835938e+01
4.663767623901367188e+01
4.249710083007812500e+01
4.817343902587890625e+01
4.471702957153320312e+01
4.185231399536132812e+01
5.292864227294921875e+01
4.724706268310546875e+01
4.141822052001953125e+01
4.655842971801757812e+01
4.351254653930664062e+01
4.326726531982421875e+01
4.674788284301757812e+01
4.455907058715820312e+01
4.674027252197265625e+01
4.694922637939453125e+01
4.832993698120117188e+01
4.637300109863281250e+01
4.814648437500000000e+01
4.729639434814453125e+01
4.484802627563476562e+01
4.497935104370117188e+01
4.589520263671875000e+01
4.968100357055664062e+01
4.321839904785156250e+01
4.742508316040039062e+01
4.777265548706054688e+01
4.512284469604492188e+01
4.489022827148437500e+01
4.714482116699218750e+01
4.656396865844726562e+01
4.405022048950195312e+01
4.693835830688476562e+01
4.508986663818359375e+01
5.003445434570312500e+01
5.074662780761718750e+01
4.420638275146484375e+01
4.502138137817382812e+01
4.114002990722656250e+01
4.472624206542968750e+01
4.672137451171875000e+01
4.098958206176757812e+01
4.267404174804687500e+01
4.622182464599609375e+01
4.344406127929687500e+01
4.715819549560546875e+01
4.772091674804687500e+01
4.481995391845703125e+01
4.710219573974609375e+01
4.206673049926757812e+01
4.775806427001953125e+01
4.650542449951171875e+01
4.455678939819335938e+01
5.205165100097656250e+01
4.600620651245117188e+01
4.532058715820312500e+01
4.345946502685546875e+01
3.917462921142578125e+01
4.871068954467773438e+01
4.639555740356445312e+01
4.672945404052734375e+01
4.305519485473632812e+01
4.571439743041992188e+01
4.209072494506835938e+01
4.847633743286132812e+01
4.492355346679687500e+01
4.382042312622070312e+01
5.037799072265625000e+01
4.349979019165039062e+01
4.601411056518554688e+01
4.340711212158203125e+01
4.413611221313476562e+01
4.478412628173828125e+01
4.968766403198242188e+01
4.571583557128906250e+01
4.270343780517578125e+01
4.702193832397460938e+01
4.412408447265625000e+01
4.436239242553710938e+01
4.989411163330078125e+01
4.549444580078125000e+01
4.970707321166992188e+01
5.068326568603515625e+01
4.574033737182617188e+01
4.607612609863281250e+01
4.594321060180664062e+01
4.156612396240234375e+01
4.365224838256835938e+01
4.601306152343750000e+01
4.780709838867187500e+01
4.208097839355468750e+01
4.818085479736328125e+01
4.254374313354492188e+01
4.637285995483398438e+01
4.759561920166015625e+01
4.794264984130859375e+01
4.720296478271484375e+01
4.769768142700195312e+01
4.598925399780273438e+01
4.770046997070312500e+01
4.299176788330078125e+01
4.605642318725585938e+01
4.436345291137695312e+01
4.534878540039062500e+01
4.289072418212890625e+01
4.263282775878906250e+01
4.556968688964843750e+01
4.794080352783203125e+01
4.472606277465820312e+01
4.528490066528320312e+01
4.378851318359375000e+01
4.572578048706054688e+01
4.846054077148437500e+01
4.537496948242187500e+01
4.534696960449218750e+01
4.609642028808593750e+01
4.460621261596679688e+01
4.574428176879882812e+01
4.516239929199218750e+01
4.685057830810546875e+01
4.503275299072265625e+01
4.426615524291992188e+01
4.553169631958007812e+01
4.548634719848632812e+01
4.418083572387695312e+01
4.743260574340820312e+01
4.299645233154296875e+01
4.448226928710937500e+01
4.546139526367187500e+01
4.593268203735351562e+01
4.477377319335937500e+01
4.599468231201171875e+01
4.736172103881835938e+01
