1.288275867700576782e-01
1.077687740325927734e+00
7.823625206947326660e-01
1.606587648391723633e+00
1.177717566490173340e+00
1.230174064636230469e+00
1.287119626998901367e+00
1.342909216880798340e+00
1.460236787796020508e+00
1.431385397911071777e+00
1.432499051094055176e+00
1.577722907066345215e+00
1.636565685272216797e+00
1.645592808723449707e+00
1.713121771812438965e+00
1.682422041893005371e+00
1.628113031387329102e+00
1.676608800888061523e+00
1.705780267715454102e+00
1.738533258438110352e+00
1.846796393394470215e+00
1.802946567535400391e+00
1.972275018692016602e+00
1.864741206169128418e+00
1.937211632728576660e+00
1.930948257446289062e+00
1.919580936431884766e+00
1.947900414466857910e+00
2.040940046310424805e+00
2.002691030502319336e+00
1.990011930465698242e+00
2.043628931045532227e+00
2.063838481903076172e+00
2.156370162963867188e+00
2.161218166351318359e+00
2.083095073699951172e+00
2.254377841949462891e+00
2.333182573318481445e+00
2.289462804794311523e+00
2.475667953491210938e+00
4.324106216430664062e+00
3.319606781005859375e+00
2.628700256347656250e+00
2.491871595382690430e+00
2.434950590133666992e+00
2.356773614883422852e+00
2.338554859161376953e+00
2.396788597106933594e+00
2.370137214660644531e+00
2.351075172424316406e+00
2.325868606567382812e+00
2.409523963928222656e+00
2.359016656875610352e+00
2.352153301239013672e+00
2.378141641616821289e+00
2.391694068908691406e+00
2.387341737747192383e+00
2.375166177749633789e+00
2.472594261169433594e+00
2.458651304244995117e+00
2.521309375762939453e+00
2.536472797393798828e+00
2.584149599075317383e+00
2.611829996109008789e+00
2.590315341949462891e+00
2.669265031814575195e+00
2.751291751861572266e+00
2.710468769073486328e+00
2.816887140274047852e+00
2.847496509552001953e+00
2.939208030700683594e+00
2.951577425003051758e+00
3.076272964477539062e+00
3.053705453872680664e+00
3.083089113235473633e+00
3.120417594909667969e+00
3.220784187316894531e+00
3.220904588699340820e+00
3.206077575683593750e+00
3.216756105422973633e+00
3.320001363754272461e+00
3.457581281661987305e+00
3.660203218460083008e+00
3.598513841629028320e+00
3.806385755538940430e+00
3.750341176986694336e+00
4.016627788543701172e+00
3.924247741699218750e+00
3.924157857894897461e+00
4.069888591766357422e+00
4.233768463134765625e+00
4.178202152252197266e+00
4.366553783416748047e+00
4.461644649505615234e+00
4.490803718566894531e+00
4.591995239257812500e+00
4.589461803436279297e+00
4.737179756164550781e+00
4.853176116943359375e+00
4.892307281494140625e+00
4.906856536865234375e+00
5.170970916748046875e+00
5.372631549835205078e+00
5.287243366241455078e+00
5.531955242156982422e+00
5.774853229522705078e+00
5.757995605468750000e+00
5.844245910644531250e+00
6.102257728576660156e+00
6.164933681488037109e+00
6.418216705322265625e+00
6.535630702972412109e+00
6.607936382293701172e+00
6.682657241821289062e+00
6.688409328460693359e+00
7.121341228485107422e+00
7.103702545166015625e+00
7.243311405181884766e+00
7.369916915893554688e+00
7.602171421051025391e+00
7.668430805206298828e+00
7.701300621032714844e+00
7.969434738159179688e+00
7.865197181701660156e+00
7.963096618652343750e+00
8.091962814331054688e+00
8.220812797546386719e+00
8.231937408447265625e+00
8.303363800048828125e+00
8.457901954650878906e+00
8.530961036682128906e+00
8.615674972534179688e+00
8.592673301696777344e+00
8.692884445190429688e+00
8.880624771118164062e+00
8.958613395690917969e+00
9.025092124938964844e+00
8.977107048034667969e+00
9.079628944396972656e+00
9.146152496337890625e+00
9.352492332458496094e+00
9.397824287414550781e+00
9.207864761352539062e+00
9.265035629272460938e+00
9.605213165283203125e+00
9.552501678466796875e+00
9.537439346313476562e+00
9.666039466857910156e+00
9.695590972900390625e+00
9.808885574340820312e+00
9.487373352050781250e+00
9.774355888366699219e+00
9.983263969421386719e+00
9.648953437805175781e+00
9.718966484069824219e+00
9.627852439880371094e+00
9.682479858398437500e+00
9.725529670715332031e+00
9.574194908142089844e+00
9.480847358703613281e+00
9.549243927001953125e+00
9.772668838500976562e+00
9.786988258361816406e+00
9.703582763671875000e+00
9.737047195434570312e+00
9.573568344116210938e+00
9.686115264892578125e+00
9.772584915161132812e+00
9.612898826599121094e+00
9.605653762817382812e+00
9.590618133544921875e+00
9.678047180175781250e+00
9.457053184509277344e+00
9.597928047180175781e+00
9.601988792419433594e+00
9.606154441833496094e+00
9.709348678588867188e+00
9.733313560485839844e+00
9.672315597534179688e+00
9.690252304077148438e+00
9.602650642395019531e+00
9.830925941467285156e+00
9.792168617248535156e+00
9.864660263061523438e+00
9.572393417358398438e+00
9.950620651245117188e+00
9.563817977905273438e+00
9.809160232543945312e+00
9.812767028808593750e+00
9.892259597778320312e+00
9.842639923095703125e+00
9.618187904357910156e+00
9.692471504211425781e+00
9.595829963684082031e+00
9.613698959350585938e+00
9.592439651489257812e+00
9.683122634887695312e+00
9.539989471435546875e+00
9.685806274414062500e+00
9.589249610900878906e+00
9.717777252197265625e+00
9.684362411499023438e+00
9.439401626586914062e+00
9.678371429443359375e+00
9.633257865905761719e+00
9.492136001586914062e+00
9.674332618713378906e+00
9.543052673339843750e+00
9.698667526245117188e+00
9.516415596008300781e+00
9.705362319946289062e+00
9.561523437500000000e+00
9.608579635620117188e+00
9.697892189025878906e+00
9.575513839721679688e+00
9.650362968444824219e+00
9.546519279479980469e+00
9.778638839721679688e+00
9.797594070434570312e+00
9.615780830383300781e+00
9.564171791076660156e+00
9.522632598876953125e+00
9.676771163940429688e+00
9.799547195434570312e+00
9.705536842346191406e+00
9.753464698791503906e+00
9.690586090087890625e+00
9.613691329956054688e+00
9.620351791381835938e+00
9.758028030395507812e+00
9.739714622497558594e+00
9.749222755432128906e+00
9.775675773620605469e+00
9.592722892761230469e+00
9.739707946777343750e+00
9.753022193908691406e+00
9.588123321533203125e+00
9.614895820617675781e+00
9.652373313903808594e+00
9.693192481994628906e+00
9.711068153381347656e+00
9.700811386108398438e+00
9.834941864013671875e+00
9.747036933898925781e+00
9.841705322265625000e+00
9.839742660522460938e+00
9.668390274047851562e+00
9.872746467590332031e+00
9.814892768859863281e+00
1.002686119079589844e+01
9.912254333496093750e+00
9.991033554077148438e+00
1.009652996063232422e+01
9.965921401977539062e+00
9.938536643981933594e+00
1.001598644256591797e+01
1.012029647827148438e+01
1.011640071868896484e+01
1.012270736694335938e+01
1.011914920806884766e+01
1.013427734375000000e+01
1.015808010101318359e+01
1.015431022644042969e+01
1.022418403625488281e+01
1.032501125335693359e+01
1.015895462036132812e+01
1.032235622406005859e+01
1.018240261077880859e+01
1.030442428588867188e+01
1.040804672241210938e+01
1.036698055267333984e+01
1.047642803192138672e+01
1.076298236846923828e+01
1.071556854248046875e+01
1.055741977691650391e+01
1.084295082092285156e+01
1.079158782958984375e+01
1.101765155792236328e+01
1.082677364349365234e+01
1.105144596099853516e+01
1.115022468566894531e+01
1.119835281372070312e+01
1.119208240509033203e+01
1.116368198394775391e+01
1.134688282012939453e+01
1.167666244506835938e+01
1.165541362762451172e+01
1.161872386932373047e+01
1.181653690338134766e+01
1.178316020965576172e+01
1.152704048156738281e+01
1.151974201202392578e+01
1.178748035430908203e+01
1.215607452392578125e+01
1.220381069183349609e+01
1.225011920928955078e+01
1.222146129608154297e+01
1.220917224884033203e+01
1.255123996734619141e+01
1.255787086486816406e+01
1.255749988555908203e+01
1.279404926300048828e+01
1.289508628845214844e+01
1.292761611938476562e+01
1.328473472595214844e+01
1.340348148345947266e+01
1.336580276489257812e+01
1.360121917724609375e+01
1.392058086395263672e+01
1.395420932769775391e+01
1.395059967041015625e+01
1.411555480957031250e+01
1.421301651000976562e+01
1.444756031036376953e+01
1.459607791900634766e+01
1.448257064819335938e+01
1.494288825988769531e+01
1.474068355560302734e+01
1.504107475280761719e+01
1.510769939422607422e+01
1.527537536621093750e+01
1.535546875000000000e+01
1.585159111022949219e+01
1.599108219146728516e+01
1.592409133911132812e+01
1.625602149963378906e+01
1.622091484069824219e+01
1.656688690185546875e+01
1.645389175415039062e+01
1.694599151611328125e+01
1.745242881774902344e+01
1.724617385864257812e+01
1.762273406982421875e+01
1.763805007934570312e+01
1.797282028198242188e+01
1.825012397766113281e+01
1.861403846740722656e+01
1.873922920227050781e+01
1.892819595336914062e+01
1.916042327880859375e+01
1.932251167297363281e+01
1.972437286376953125e+01
2.026347732543945312e+01
2.026811027526855469e+01
2.099273872375488281e+01
2.131489753723144531e+01
2.105489540100097656e+01
2.137909317016601562e+01
2.159571075439453125e+01
2.205875968933105469e+01
2.211186790466308594e+01
2.208549308776855469e+01
2.196131896972656250e+01
2.235831260681152344e+01
2.310196304321289062e+01
2.262758827209472656e+01
2.291562080383300781e+01
2.312456130981445312e+01
2.363193702697753906e+01
2.341944122314453125e+01
2.384099578857421875e+01
2.362517738342285156e+01
2.362543106079101562e+01
2.387378311157226562e+01
2.362914466857910156e+01
2.440231895446777344e+01
2.427156066894531250e+01
2.452614784240722656e+01
2.436396789550781250e+01
2.472534179687500000e+01
2.439006233215332031e+01
2.472851181030273438e+01
2.469166183471679688e+01
2.477332496643066406e+01
2.446587562561035156e+01
2.467860984802246094e+01
2.452878761291503906e+01
2.462860870361328125e+01
2.409057998657226562e+01
2.449036026000976562e+01
2.418480873107910156e+01
2.423089408874511719e+01
2.401798820495605469e+01
2.465281295776367188e+01
2.431353759765625000e+01
2.410782051086425781e+01
2.430355453491210938e+01
2.426992607116699219e+01
2.410128784179687500e+01
2.412210845947265625e+01
2.437376785278320312e+01
2.423705482482910156e+01
2.461426734924316406e+01
2.441030693054199219e+01
2.436128425598144531e+01
2.422539138793945312e+01
2.433227157592773438e+01
2.505144119262695312e+01
2.427198791503906250e+01
2.458033752441406250e+01
2.417388153076171875e+01
2.462426948547363281e+01
2.502353096008300781e+01
2.478518295288085938e+01
2.474473953247070312e+01
2.464530563354492188e+01
2.469080162048339844e+01
2.461890602111816406e+01
2.456447982788085938e+01
2.488434219360351562e+01
2.485022735595703125e+01
2.512564468383789062e+01
2.480934715270996094e+01
2.411356735229492188e+01
2.453902816772460938e+01
2.462079811096191406e+01
2.503893661499023438e+01
2.451630020141601562e+01
2.449036788940429688e+01
2.400326728820800781e+01
2.443815040588378906e+01
2.419498443603515625e+01
2.363493728637695312e+01
2.401620101928710938e+01
2.414793777465820312e+01
2.456443023681640625e+01
2.490033721923828125e+01
2.440855789184570312e+01
2.394179344177246094e+01
2.410605049133300781e+01
2.418060111999511719e+01
2.412833023071289062e+01
2.456549835205078125e+01
2.445783615112304688e+01
2.451045227050781250e+01
2.445684814453125000e+01
2.428046226501464844e+01
2.485379219055175781e+01
2.385237503051757812e+01
2.381343841552734375e+01
2.390761375427246094e+01
2.394918251037597656e+01
2.402790832519531250e+01
2.394594383239746094e+01
2.438933944702148438e+01
2.379046249389648438e+01
2.430115509033203125e+01
2.402235603332519531e+01
2.430186271667480469e+01
2.405009841918945312e+01
2.436829566955566406e+01
2.457148933410644531e+01
2.414626884460449219e+01
2.449303245544433594e+01
2.437207031250000000e+01
2.435597991943359375e+01
2.401854705810546875e+01
2.403035545349121094e+01
2.462180137634277344e+01
2.383579635620117188e+01
2.432176208496093750e+01
2.447057914733886719e+01
2.392303085327148438e+01
2.461997985839843750e+01
2.411826705932617188e+01
2.400030326843261719e+01
2.415093040466308594e+01
2.446340560913085938e+01
2.525786018371582031e+01
2.409111022949218750e+01
2.453886032104492188e+01
2.446397590637207031e+01
2.439528465270996094e+01
2.504118919372558594e+01
2.442047309875488281e+01
2.480479621887207031e+01
2.444389533996582031e+01
2.482803153991699219e+01
2.454134750366210938e+01
2.457495307922363281e+01
2.456518173217773438e+01
2.502463340759277344e+01
2.441439628601074219e+01
2.401602745056152344e+01
2.428971862792968750e+01
2.481199645996093750e+01
2.429968452453613281e+01
2.414426994323730469e+01
2.389513206481933594e+01
2.439228820800781250e+01
2.441063690185546875e+01
2.389569664001464844e+01
2.454883956909179688e+01
2.504918670654296875e+01
2.495644378662109375e+01
2.497288703918457031e+01
2.561411666870117188e+01
2.511296272277832031e+01
2.493669509887695312e+01
2.509873390197753906e+01
2.530764198303222656e+01
2.571139335632324219e+01
2.510067558288574219e+01
2.541963577270507812e+01
2.539689826965332031e+01
2.564394950866699219e+01
2.568548011779785156e+01
2.553438186645507812e+01
2.607481384277343750e+01
2.642392349243164062e+01
2.590702438354492188e+01
2.585677337646484375e+01
2.669520378112792969e+01
2.678737831115722656e+01
2.645993804931640625e+01
2.714310455322265625e+01
2.763425064086914062e+01
2.755747985839843750e+01
2.733119583129882812e+01
2.698371505737304688e+01
2.728213500976562500e+01
2.709777069091796875e+01
2.770048332214355469e+01
2.767078590393066406e+01
2.846565628051757812e+01
2.849604606628417969e+01
2.816812705993652344e+01
2.872948074340820312e+01
2.876891326904296875e+01
2.857689857482910156e+01
2.862015151977539062e+01
2.818942642211914062e+01
2.849214172363281250e+01
2.874402427673339844e+01
2.794636726379394531e+01
2.846722030639648438e+01
2.829745483398437500e+01
2.844386100769042969e+01
2.812466812133789062e+01
2.793040657043457031e+01
2.846134185791015625e+01
2.855266189575195312e+01
2.904634284973144531e+01
2.902295303344726562e+01
2.919479942321777344e+01
2.968521499633789062e+01
2.998739433288574219e+01
2.926071929931640625e+01
2.899163818359375000e+01
2.940758895874023438e+01
2.920452880859375000e+01
2.963353538513183594e+01
2.893922233581542969e+01
2.862699699401855469e+01
2.940681266784667969e+01
2.985123443603515625e+01
2.832175636291503906e+01
2.859902381896972656e+01
2.871629714965820312e+01
2.833091926574707031e+01
2.816731643676757812e+01
2.862738990783691406e+01
2.885443878173828125e+01
2.860573387145996094e+01
2.914255142211914062e+01
2.898827362060546875e+01
2.948654174804687500e+01
2.934957504272460938e+01
2.928540229797363281e+01
3.003187942504882812e+01
2.894697952270507812e+01
2.948141479492187500e+01
2.962619781494140625e+01
2.893867874145507812e+01
2.966508674621582031e+01
2.977747535705566406e+01
2.962111282348632812e+01
2.914882278442382812e+01
2.925731086730957031e+01
2.975545692443847656e+01
2.956531333923339844e+01
3.018776702880859375e+01
3.034840583801269531e+01
3.041982650756835938e+01
3.055734062194824219e+01
3.016531562805175781e+01
2.992982864379882812e+01
3.023340225219726562e+01
2.951806640625000000e+01
2.983858871459960938e+01
3.040262603759765625e+01
3.019123840332031250e+01
2.955912017822265625e+01
2.940928459167480469e+01
2.986404418945312500e+01
2.964288330078125000e+01
2.994906997680664062e+01
2.988701057434082031e+01
3.029246520996093750e+01
2.945639419555664062e+01
2.977990531921386719e+01
2.957726287841796875e+01
3.047825050354003906e+01
3.005267143249511719e+01
2.977019691467285156e+01
2.935251617431640625e+01
2.947758102416992188e+01
2.909927749633789062e+01
2.941407012939453125e+01
3.014291572570800781e+01
2.989476203918457031e+01
2.984524917602539062e+01
3.044039344787597656e+01
2.991291618347167969e+01
3.011668395996093750e+01
3.075560188293457031e+01
3.060494232177734375e+01
3.031860923767089844e+01
3.016950798034667969e+01
3.044339752197265625e+01
3.026403617858886719e+01
3.067008972167968750e+01
3.053120803833007812e+01
3.019927787780761719e+01
3.003784370422363281e+01
3.033197021484375000e+01
3.053635215759277344e+01
3.092845726013183594e+01
3.066066741943359375e+01
3.015796852111816406e+01
3.032672119140625000e+01
3.057200813293457031e+01
2.997150802612304688e+01
3.035336875915527344e+01
3.075893020629882812e+01
3.118154716491699219e+01
3.041869163513183594e+01
2.995823860168457031e+01
3.014071655273437500e+01
2.972169303894042969e+01
2.949981307983398438e+01
3.002322959899902344e+01
2.988240623474121094e+01
3.022687911987304688e+01
3.022287940979003906e+01
3.030010986328125000e+01
3.042783164978027344e+01
3.007612800598144531e+01
2.988488197326660156e+01
2.948915481567382812e+01
2.974284172058105469e+01
3.000167083740234375e+01
3.058398056030273438e+01
3.072511291503906250e+01
3.036425018310546875e+01
2.996561431884765625e+01
3.014914512634277344e+01
2.988945960998535156e+01
2.971780967712402344e+01
2.991125297546386719e+01
3.067352676391601562e+01
2.988531684875488281e+01
3.037209510803222656e+01
3.023711585998535156e+01
3.037588310241699219e+01
2.990502357482910156e+01
2.994824981689453125e+01
2.964936637878417969e+01
2.981151008605957031e+01
2.914421463012695312e+01
2.986239433288574219e+01
2.958819961547851562e+01
2.906944084167480469e+01
2.977818298339843750e+01
2.946818351745605469e+01
2.905719566345214844e+01
2.977410125732421875e+01
3.005327224731445312e+01
3.007364463806152344e+01
3.080286788940429688e+01
3.068972969055175781e+01
3.001384735107421875e+01
3.068852806091308594e+01
3.028896141052246094e+01
3.030406570434570312e+01
3.070046424865722656e+01
3.066007804870605469e+01
2.969489860534667969e+01
3.053481292724609375e+01
3.033145713806152344e+01
3.082955169677734375e+01
3.054491806030273438e+01
3.035338783264160156e+01
3.002967071533203125e+01
3.049560737609863281e+01
3.034929466247558594e+01
3.013666725158691406e+01
3.086212730407714844e+01
3.073740577697753906e+01
3.132521247863769531e+01
3.131759452819824219e+01
3.098115539550781250e+01
3.082573509216308594e+01
3.062477111816406250e+01
3.044108200073242188e+01
3.043954658508300781e+01
3.130818176269531250e+01
3.077766799926757812e+01
3.139289283752441406e+01
3.146412849426269531e+01
3.039273834228515625e+01
3.072166824340820312e+01
3.111843299865722656e+01
3.194653511047363281e+01
3.235696792602539062e+01
3.082850265502929688e+01
3.110707473754882812e+01
3.148236656188964844e+01
3.118098449707031250e+01
3.128356552124023438e+01
3.155494117736816406e+01
3.190151977539062500e+01
3.123698425292968750e+01
3.151831436157226562e+01
3.116884231567382812e+01
3.119645690917968750e+01
3.181207084655761719e+01
3.137168312072753906e+01
3.117802429199218750e+01
3.131609535217285156e+01
3.138772010803222656e+01
3.177395820617675781e+01
3.181018447875976562e+01
3.150079727172851562e+01
3.193584060668945312e+01
3.214502334594726562e+01
3.224433517456054688e+01
3.109181213378906250e+01
3.101634788513183594e+01
3.123432731628417969e+01
3.042861366271972656e+01
3.111362838745117188e+01
3.079913711547851562e+01
3.191187477111816406e+01
3.157145500183105469e+01
3.073223114013671875e+01
3.118038177490234375e+01
3.101763343811035156e+01
3.056000518798828125e+01
3.135783958435058594e+01
3.087533187866210938e+01
3.091135406494140625e+01
3.019351959228515625e+01
3.070781326293945312e+01
3.119741821289062500e+01
2.957567596435546875e+01
2.973081588745117188e+01
3.024209022521972656e+01
3.057126998901367188e+01
3.087294387817382812e+01
2.991232299804687500e+01
2.937897300720214844e+01
2.878641319274902344e+01
3.009700012207031250e+01
2.890692138671875000e+01
2.961964797973632812e+01
2.930199813842773438e+01
2.880692100524902344e+01
2.921814537048339844e+01
2.861675834655761719e+01
2.858255577087402344e+01
2.882804679870605469e+01
2.858447647094726562e+01
2.978462409973144531e+01
2.935792541503906250e+01
2.885451507568359375e+01
2.904341888427734375e+01
2.903074645996093750e+01
2.908238792419433594e+01
2.893049240112304688e+01
2.820401191711425781e+01
2.863674163818359375e+01
2.766870117187500000e+01
2.762662887573242188e+01
2.770880889892578125e+01
2.778716850280761719e+01
2.815147590637207031e+01
2.806547355651855469e+01
2.915234184265136719e+01
2.803734397888183594e+01
2.768746185302734375e+01
2.745538520812988281e+01
2.808882522583007812e+01
2.730194091796875000e+01
2.705901336669921875e+01
2.818722343444824219e+01
2.767978477478027344e+01
2.808521842956542969e+01
2.770382308959960938e+01
2.792432022094726562e+01
2.792941284179687500e+01
2.738044738769531250e+01
2.735641098022460938e+01
2.696062278747558594e+01
2.719359016418457031e+01
2.724317932128906250e+01
2.762000083923339844e+01
2.716882896423339844e+01
2.740630340576171875e+01
2.728439903259277344e+01
2.840544891357421875e+01
2.827785682678222656e+01
2.732282829284667969e+01
2.761570739746093750e+01
2.764578437805175781e+01
2.793393516540527344e+01
2.703630065917968750e+01
2.710519409179687500e+01
2.845785522460937500e+01
2.736415672302246094e+01
2.595326614379882812e+01
2.695999908447265625e+01
2.675017738342285156e+01
2.658648872375488281e+01
2.742900848388671875e+01
2.781517219543457031e+01
2.706261444091796875e+01
2.675742721557617188e+01
2.835462188720703125e+01
2.728752326965332031e+01
2.761927795410156250e+01
2.784708786010742188e+01
2.729598045349121094e+01
2.670595741271972656e+01
2.697151947021484375e+01
2.744878196716308594e+01
2.686186408996582031e+01
2.674150848388671875e+01
2.637731170654296875e+01
2.697506523132324219e+01
2.699798011779785156e+01
2.741562080383300781e+01
2.701853942871093750e+01
2.657015419006347656e+01
2.647638511657714844e+01
2.623105430603027344e+01
2.699558258056640625e+01
2.647893714904785156e+01
2.695360374450683594e+01
2.678436660766601562e+01
2.709560203552246094e+01
2.788644599914550781e+01
2.695773887634277344e+01
2.669564056396484375e+01
2.767091369628906250e+01
2.708444213867187500e+01
2.768609237670898438e+01
2.721597671508789062e+01
2.613220787048339844e+01
2.680532073974609375e+01
2.649283981323242188e+01
2.718188667297363281e+01
2.666102600097656250e+01
2.737190246582031250e+01
2.727189445495605469e+01
2.792742156982421875e+01
2.711852645874023438e+01
2.660610961914062500e+01
2.581090164184570312e+01
2.623487091064453125e+01
2.687779617309570312e+01
2.651002311706542969e+01
2.684631919860839844e+01
2.659506225585937500e+01
2.706833076477050781e+01
2.704314041137695312e+01
2.715098953247070312e+01
2.735622596740722656e+01
2.755013275146484375e+01
2.714000320434570312e+01
2.843167686462402344e+01
2.743114852905273438e+01
2.793327331542968750e+01
2.781882858276367188e+01
2.831810379028320312e+01
2.710915756225585938e+01
2.707332611083984375e+01
2.726755714416503906e+01
2.679196357727050781e+01
2.734951591491699219e+01
2.823045730590820312e+01
2.806882667541503906e+01
2.760053634643554688e+01
2.796132469177246094e+01
2.710554313659667969e+01
2.744334793090820312e+01
2.727190208435058594e+01
2.772787857055664062e+01
2.757518386840820312e+01
2.847140312194824219e+01
2.806739997863769531e+01
2.797323226928710938e+01
2.812946891784667969e+01
2.794393539428710938e+01
2.850275421142578125e+01
2.854804229736328125e+01
2.815630340576171875e+01
2.874940299987792969e+01
2.863587570190429688e+01
2.905783271789550781e+01
2.858143424987792969e+01
2.819027328491210938e+01
2.849370765686035156e+01
2.796412849426269531e+01
2.920738220214843750e+01
2.949058914184570312e+01
2.975880813598632812e+01
2.916611289978027344e+01
2.843554306030273438e+01
2.969475746154785156e+01
2.957075119018554688e+01
2.956139183044433594e+01
3.009638023376464844e+01
2.981081008911132812e+01
2.953586006164550781e+01
2.869669532775878906e+01
2.947534751892089844e+01
2.964652824401855469e+01
3.019127273559570312e+01
2.959191131591796875e+01
2.975492858886718750e+01
2.986140632629394531e+01
2.992619514465332031e+01
2.880103874206542969e+01
2.891995429992675781e+01
2.973192024230957031e+01
2.935448455810546875e+01
3.020615577697753906e+01
2.916924858093261719e+01
2.952238655090332031e+01
2.939347076416015625e+01
2.954726791381835938e+01
2.924914169311523438e+01
2.936806297302246094e+01
2.996352767944335938e+01
2.945159721374511719e+01
2.977678489685058594e+01
2.891952705383300781e+01
2.973608207702636719e+01
3.026347351074218750e+01
3.037184715270996094e+01
3.032783889770507812e+01
3.024632835388183594e+01
3.078538703918457031e+01
2.944452285766601562e+01
3.013197708129882812e+01
2.981962585449218750e+01
3.048876953125000000e+01
3.072326469421386719e+01
3.063670349121093750e+01
3.094339370727539062e+01
3.087780380249023438e+01
3.164209747314453125e+01
3.149614143371582031e+01
3.200411224365234375e+01
3.217948150634765625e+01
3.116423225402832031e+01
3.150934219360351562e+01
3.216431045532226562e+01
3.196475982666015625e+01
3.225857162475585938e+01
3.227138519287109375e+01
3.265341567993164062e+01
3.162010765075683594e+01
3.255793762207031250e+01
3.201037979125976562e+01
3.279278945922851562e+01
3.272336196899414062e+01
3.224186706542968750e+01
3.151204299926757812e+01
3.159579658508300781e+01
3.197160148620605469e+01
3.117619514465332031e+01
3.238886260986328125e+01
3.202928161621093750e+01
3.265320205688476562e+01
3.249700546264648438e+01
3.252092742919921875e+01
3.172510147094726562e+01
3.235203552246093750e+01
3.223230743408203125e+01
3.286280822753906250e+01
3.172200012207031250e+01
3.254029846191406250e+01
3.314260482788085938e+01
3.205137252807617188e+01
3.263337326049804688e+01
3.259040451049804688e+01
3.196346855163574219e+01
3.211455154418945312e+01
3.252265930175781250e+01
3.267951202392578125e+01
3.291667938232421875e+01
3.329153060913085938e+01
3.220290756225585938e+01
3.351806640625000000e+01
3.344749069213867188e+01
3.337855911254882812e+01
3.317670440673828125e+01
3.354687881469726562e+01
3.357082748413085938e+01
3.438395309448242188e+01
3.361861038208007812e+01
3.386714935302734375e+01
3.287342834472656250e+01
3.384119415283203125e+01
3.314484405517578125e+01
3.432390594482421875e+01
3.341339874267578125e+01
3.392036819458007812e+01
3.450960922241210938e+01
3.418709564208984375e+01
3.339292144775390625e+01
3.494637298583984375e+01
3.397906494140625000e+01
3.407781219482421875e+01
3.399417114257812500e+01
3.302273941040039062e+01
3.337181854248046875e+01
3.394678878784179688e+01
3.356545257568359375e+01
3.403481292724609375e+01
3.386571502685546875e+01
3.400285720825195312e+01
3.368348312377929688e+01
3.434392929077148438e+01
3.316472625732421875e+01
3.429175949096679688e+01
3.421936035156250000e+01
3.510471725463867188e+01
3.307233428955078125e+01
3.467576217651367188e+01
3.391357803344726562e+01
3.404668045043945312e+01
3.420980834960937500e+01
3.372431564331054688e+01
3.405463409423828125e+01
3.424038696289062500e+01
3.476757049560546875e+01
3.373262786865234375e+01
3.343862915039062500e+01
3.360359191894531250e+01
3.419283676147460938e+01
3.395258712768554688e+01
3.453201675415039062e+01
3.405893707275390625e+01
3.460608673095703125e+01
3.409371948242187500e+01
3.312260818481445312e+01
3.452569198608398438e+01
3.308229064941406250e+01
3.410039138793945312e+01
3.427333450317382812e+01
3.453570938110351562e+01
3.406723785400390625e+01
3.495574188232421875e+01
3.449675369262695312e+01
3.401382827758789062e+01
3.469160842895507812e+01
3.387166976928710938e+01
3.423377227783203125e+01
3.313611602783203125e+01
3.443095397949218750e+01
3.388457107543945312e+01
3.411459350585937500e+01
3.529416656494140625e+01
3.344033050537109375e+01
3.490460205078125000e+01
3.370609283447265625e+01
3.426464080810546875e+01
3.320087432861328125e+01
3.486263275146484375e+01
3.347250747680664062e+01
3.415151596069335938e+01
3.491517257690429688e+01
3.490884017944335938e+01
3.412333679199218750e+01
3.447808456420898438e+01
3.435721969604492188e+01
3.510019683837890625e+01
3.521239089965820312e+01
3.417974853515625000e+01
3.380689239501953125e+01
3.466989898681640625e+01
3.481915664672851562e+01
3.431369400024414062e+01
3.443756866455078125e+01
3.473971939086914062e+01
3.594831466674804688e+01
3.449571228027343750e+01
3.462807846069335938e+01
3.453501510620117188e+01
3.473812103271484375e+01
3.549383926391601562e+01
3.510697555541992188e+01
3.515570449829101562e+01
3.487718963623046875e+01
3.495236587524414062e+01
3.513162994384765625e+01
3.547318649291992188e+01
3.550629043579101562e+01
3.653817749023437500e+01
3.692934417724609375e+01
3.498973464965820312e+01
3.592269134521484375e+01
3.545755386352539062e+01
3.455031204223632812e+01
3.509107589721679688e+01
3.453738021850585938e+01
3.537627792358398438e+01
3.471939849853515625e+01
3.593915176391601562e+01
3.586059188842773438e+01
3.728681182861328125e+01
3.634756851196289062e+01
3.600717163085937500e+01
3.766806030273437500e+01
3.592037963867187500e+01
3.684206390380859375e+01
3.771169662475585938e+01
3.693478012084960938e+01
3.625210189819335938e+01
3.779287719726562500e+01
3.789012145996093750e+01
3.775228118896484375e+01
3.724238204956054688e+01
3.719638442993164062e+01
3.692711639404296875e+01
3.769425964355468750e+01
3.619891738891601562e+01
3.797628021240234375e+01
3.720136642456054688e+01
3.613184738159179688e+01
3.664804458618164062e+01
3.754428100585937500e+01
3.715774154663085938e+01
3.656813430786132812e+01
3.695953750610351562e+01
3.509966278076171875e+01
3.630538558959960938e+01
3.573812866210937500e+01
3.737534332275390625e+01
3.724112701416015625e+01
3.604426956176757812e+01
3.677479553222656250e+01
3.851438903808593750e+01
3.570755386352539062e+01
3.607963180541992188e+01
3.594504928588867188e+01
3.660480499267578125e+01
3.655830001831054688e+01
3.680512619018554688e+01
3.658499145507812500e+01
3.665411758422851562e+01
3.729528427124023438e+01
3.662482833862304688e+01
3.671438980102539062e+01
3.750538253784179688e+01
3.677836608886718750e+01
3.792315292358398438e+01
3.766669845581054688e+01
3.770626068115234375e+01
3.722616577148437500e+01
3.800209426879882812e+01
3.903071212768554688e+01
3.865887451171875000e+01
3.940916442871093750e+01
3.882428359985351562e+01
3.972033309936523438e+01
3.908758163452148438e+01
3.898858642578125000e+01
3.742232894897460938e+01
3.875351333618164062e+01
3.846441650390625000e+01
3.817337036132812500e+01
3.978427124023437500e+01
3.738237380981445312e+01
3.839969635009765625e+01
3.850172805786132812e+01
3.829875183105468750e+01
3.881927871704101562e+01
3.998768615722656250e+01
3.839517974853515625e+01
3.806626510620117188e+01
3.748834228515625000e+01
3.964278793334960938e+01
3.848885345458984375e+01
3.843763351440429688e+01
3.863859558105468750e+01
3.819591522216796875e+01
3.945853042602539062e+01
3.902411651611328125e+01
3.923918151855468750e+01
3.981699371337890625e+01
3.923992156982421875e+01
3.910895919799804688e+01
3.895351028442382812e+01
3.955032730102539062e+01
3.884811782836914062e+01
4.130963516235351562e+01
3.918495941162109375e+01
3.899361038208007812e+01
3.946753311157226562e+01
4.020195388793945312e+01
3.919603729248046875e+01
3.884995269775390625e+01
4.001631927490234375e+01
3.987795257568359375e+01
4.063455200195312500e+01
3.989643859863281250e+01
4.036785888671875000e+01
4.001724243164062500e+01
3.999717330932617188e+01
3.929689788818359375e+01
3.970201492309570312e+01
4.037525939941406250e+01
4.030487442016601562e+01
4.084360122680664062e+01
4.058596038818359375e+01
4.011568832397460938e+01
4.011372756958007812e+01
4.048081970214843750e+01
4.180028915405273438e+01
4.013527297973632812e+01
4.106038284301757812e+01
4.010970306396484375e+01
4.069856643676757812e+01
4.215346908569335938e+01
4.157567214965820312e+01
4.150147628784179688e+01
4.122467803955078125e+01
4.108256912231445312e+01
4.060770034790039062e+01
4.086441040039062500e+01
4.085545349121093750e+01
4.234001159667968750e+01
4.116872024536132812e+01
4.168054962158203125e+01
4.067358016967773438e+01
4.066433334350585938e+01
4.048700714111328125e+01
4.159480285644531250e+01
4.131194686889648438e+01
4.195842361450195312e+01
4.420940780639648438e+01
4.189989089965820312e+01
4.220718002319335938e+01
4.291075134277343750e+01
4.286694717407226562e+01
4.270600509643554688e+01
4.296714782714843750e+01
4.137781524658203125e+01
4.232918930053710938e+01
4.188246917724609375e+01
4.102227401733398438e+01
4.200489044189453125e+01
4.299518966674804688e+01
4.210780334472656250e+01
4.299396896362304688e+01
4.254177093505859375e+01
4.343449401855468750e+01
4.399014663696289062e+01
4.292247772216796875e+01
4.402586746215820312e+01
4.272720336914062500e+01
4.325757980346679688e+01
4.456904983520507812e+01
4.376453018188476562e+01
4.287891387939453125e+01
4.349460220336914062e+01
4.497269058227539062e+01
4.257042312622070312e+01
4.394965362548828125e+01
4.351295471191406250e+01
4.404031372070312500e+01
4.406329727172851562e+01
4.450421905517578125e+01
4.320898437500000000e+01
4.369240570068359375e+01
4.376807403564453125e+01
4.305869674682617188e+01
4.312315750122070312e+01
4.433090972900390625e+01
4.303448104858398438e+01
4.404769134521484375e+01
4.333965301513671875e+01
4.201612854003906250e+01
4.214501571655273438e+01
4.356093597412109375e+01
4.409590530395507812e+01
4.386556243896484375e+01
4.323332595825195312e+01
4.229571914672851562e+01
4.386431121826171875e+01
4.294284439086914062e+01
4.208329010009765625e+01
4.264007568359375000e+01
4.237718963623046875e+01
4.299359130859375000e+01
4.190163803100585938e+01
4.270855331420898438e+01
4.157270812988281250e+01
4.170861434936523438e+01
4.139141464233398438e+01
4.248738098144531250e+01
4.279785919189453125e+01
4.304922485351562500e+01
4.318930053710937500e+01
4.107921981811523438e+01
4.166031265258789062e+01
4.216918182373046875e+01
4.203632354736328125e+01
4.178873443603515625e+01
4.164667129516601562e+01
4.075941467285156250e+01
4.157493591308593750e+01
4.126400756835937500e+01
4.171678924560546875e+01
4.145697784423828125e+01
4.182409286499023438e+01
4.282211685180664062e+01
4.206312942504882812e+01
4.357229995727539062e+01
4.108249664306640625e+01
4.221538925170898438e+01
4.160667037963867188e+01
4.140179061889648438e+01
4.273083496093750000e+01
4.095289993286132812e+01
4.180527496337890625e+01
4.177040481567382812e+01
4.215552520751953125e+01
4.190125656127929688e+01
4.239311218261718750e+01
4.378803253173828125e+01
4.275934600830078125e+01
4.253050994873046875e+01
4.234550857543945312e+01
4.317050933837890625e+01
4.427405548095703125e+01
4.268107604980468750e+01
4.244579696655273438e+01
4.105687332153320312e+01
4.260302352905273438e+01
4.226728439331054688e+01
4.255913162231445312e+01
4.260051727294921875e+01
4.231209564208984375e+01
4.198312377929687500e+01
4.247860336303710938e+01
4.267085266113281250e+01
4.289562225341796875e+01
4.429888916015625000e+01
4.397663116455078125e+01
4.279878997802734375e+01
4.254037094116210938e+01
4.257204818725585938e+01
4.166328048706054688e+01
4.321131134033203125e+01
4.339471435546875000e+01
4.228982162475585938e+01
4.167327880859375000e+01
4.196607971191406250e+01
4.222422790527343750e+01
4.341953277587890625e+01
4.273693847656250000e+01
4.299903488159179688e+01
4.268711471557617188e+01
4.133318710327148438e+01
4.300587463378906250e+01
4.470619201660156250e+01
4.386668014526367188e+01
4.161593246459960938e+01
4.146531295776367188e+01
4.241217803955078125e+01
4.239936447143554688e+01
4.134791946411132812e+01
4.269084548950195312e+01
4.213482666015625000e+01
4.043336105346679688e+01
4.242617034912109375e+01
4.164296722412109375e+01
4.287582778930664062e+01
4.180349349975585938e+01
4.058013153076171875e+01
4.178189086914062500e+01
4.113079071044921875e+01
4.085525894165039062e+01
4.242446136474609375e+01
4.027292251586914062e+01
4.059874343872070312e+01
4.249020767211914062e+01
4.114353179931640625e+01
4.149442291259765625e+01
4.056277465820312500e+01
3.922905349731445312e+01
4.078973388671875000e+01
4.049739074707031250e+01
4.053857803344726562e+01
4.237423324584960938e+01
4.116403579711914062e+01
4.149847030639648438e+01
3.963407897949218750e+01
4.116965103149414062e+01
4.083447647094726562e+01
4.022703170776367188e+01
4.299900054931640625e+01
4.268748855590820312e+01
4.020235061645507812e+01
3.965734481811523438e+01
4.240902328491210938e+01
4.131551742553710938e+01
4.275532150268554688e+01
4.075625991821289062e+01
4.181830215454101562e+01
4.261925888061523438e+01
4.272308731079101562e+01
4.024897003173828125e+01
4.232485961914062500e+01
3.955625534057617188e+01
4.086577987670898438e+01
3.952109527587890625e+01
4.255327987670898438e+01
4.088355255126953125e+01
4.098414230346679688e+01
4.053575134277343750e+01
4.301829147338867188e+01
4.123974227905273438e+01
4.231894302368164062e+01
4.257079315185546875e+01
4.264861679077148438e+01
4.252746582031250000e+01
4.218078231811523438e+01
4.013250732421875000e+01
4.294892501831054688e+01
4.380685806274414062e+01
4.142353820800781250e+01
4.180169677734375000e+01
4.166145324707031250e+01
4.277165603637695312e+01
4.277151870727539062e+01
4.166067504882812500e+01
4.184029769897460938e+01
4.101128768920898438e+01
4.078337097167968750e+01
4.176617813110351562e+01
4.099897003173828125e+01
4.000151443481445312e+01
4.079376983642578125e+01
4.199447631835937500e+01
4.223366928100585938e+01
4.053121948242187500e+01
4.147622680664062500e+01
4.236153411865234375e+01
4.151615905761718750e+01
4.131258773803710938e+01
4.122893142700195312e+01
4.171479415893554688e+01
4.029690933227539062e+01
4.287324523925781250e+01
4.077060317993164062e+01
4.235643005371093750e+01
4.181815719604492188e+01
4.159368133544921875e+01
4.224219512939453125e+01
4.149446868896484375e+01
4.168983078002929688e+01
4.263203430175781250e+01
4.038315963745117188e+01
4.345045471191406250e+01
4.167088699340820312e+01
4.095985412597656250e+01
4.133622741699218750e+01
4.089538574218750000e+01
4.156768798828125000e+01
4.322783660888671875e+01
4.053512954711914062e+01
4.260311126708984375e+01
4.086771774291992188e+01
4.279950332641601562e+01
4.330809020996093750e+01
4.540884017944335938e+01
4.294669342041015625e+01
4.038544845581054688e+01
4.146852493286132812e+01
4.097481536865234375e+01
4.326691436767578125e+01
4.179312515258789062e+01
4.116406250000000000e+01
4.125741577148437500e+01
4.029468917846679688e+01
4.276066589355468750e+01
4.578452301025390625e+01
4.384445953369140625e+01
4.064355468750000000e+01
4.292109298706054688e+01
4.072631454467773438e+01
4.089424514770507812e+01
4.073188400268554688e+01
4.073291778564453125e+01
4.075845336914062500e+01
4.267255783081054688e+01
4.138868331909179688e+01
4.125394058227539062e+01
4.035931777954101562e+01
4.265948486328125000e+01
4.193817138671875000e+01
4.141728210449218750e+01
3.931903839111328125e+01
3.888100814819335938e+01
4.004473114013671875e+01
4.101500701904296875e+01
3.966944122314453125e+01
4.026558685302734375e+01
4.080338287353515625e+01
4.024762725830078125e+01
4.019221115112304688e+01
4.149427413940429688e+01
4.258568572998046875e+01
4.100754165649414062e+01
4.217010879516601562e+01
4.219169235229492188e+01
4.186006164550781250e+01
4.041745758056640625e+01
4.109360885620117188e+01
4.128468704223632812e+01
4.130985260009765625e+01
4.234841537475585938e+01
4.184869766235351562e+01
4.072182846069335938e+01
4.118588256835937500e+01
3.962132644653320312e+01
3.978631973266601562e+01
4.192955780029296875e+01
4.179360961914062500e+01
4.051049423217773438e+01
3.996660232543945312e+01
4.034669113159179688e+01
4.175253295898437500e+01
4.113762664794921875e+01
4.057310104370117188e+01
4.071414184570312500e+01
4.090749359130859375e+01
4.071715164184570312e+01
4.064850616455078125e+01
4.055693817138671875e+01
4.079482650756835938e+01
4.059432983398437500e+01
4.152836227416992188e+01
4.146911621093750000e+01
4.211268997192382812e+01
4.133043670654296875e+01
4.061133575439453125e+01
4.001983642578125000e+01
4.395377349853515625e+01
4.164582061767578125e+01
4.030928039550781250e+01
4.218872451782226562e+01
3.933452224731445312e+01
4.103316497802734375e+01
4.091668701171875000e+01
4.055778503417968750e+01
4.130554962158203125e+01
4.096356964111328125e+01
4.120346450805664062e+01
4.126190948486328125e+01
4.190577697753906250e+01
4.308384704589843750e+01
4.017370605468750000e+01
4.150897598266601562e+01
4.079932785034179688e+01
3.986891555786132812e+01
3.996657180786132812e+01
4.008753967285156250e+01
4.023679733276367188e+01
3.999184417724609375e+01
4.122526931762695312e+01
4.019710922241210938e+01
3.988023376464843750e+01
3.879323959350585938e+01
3.935520935058593750e+01
4.037600708007812500e+01
4.119864654541015625e+01
3.942518615722656250e+01
4.034186553955078125e+01
3.919272613525390625e+01
3.954265975952148438e+01
4.103442001342773438e+01
3.973353576660156250e+01
3.985092163085937500e+01
3.891081237792968750e+01
3.950609207153320312e+01
4.242910385131835938e+01
4.165034866333007812e+01
4.279958724975585938e+01
4.211179733276367188e+01
4.193259048461914062e+01
3.915054702758789062e+01
4.122972869873046875e+01
4.034149932861328125e+01
4.020877456665039062e+01
4.271559524536132812e+01
4.333433532714843750e+01
4.157728958129882812e+01
4.405103302001953125e+01
4.249621963500976562e+01
4.069175338745117188e+01
4.053774261474609375e+01
4.230393981933593750e+01
4.298568725585937500e+01
4.149661636352539062e+01
4.195041275024414062e+01
4.181681060791015625e+01
4.251371765136718750e+01
4.272831344604492188e+01
4.354835891723632812e+01
4.152162170410156250e+01
4.161510848999023438e+01
4.262928390502929688e+01
4.172365570068359375e+01
4.086566543579101562e+01
4.223352050781250000e+01
4.343924713134765625e+01
4.110267257690429688e+01
3.978050231933593750e+01
3.969078063964843750e+01
4.199318695068359375e+01
4.329968643188476562e+01
4.154489135742187500e+01
4.190349197387695312e+01
4.269129562377929688e+01
4.209076690673828125e+01
4.326730728149414062e+01
4.202011489868164062e+01
4.090117263793945312e+01
4.264742660522460938e+01
4.144744491577148438e+01
4.060198211669921875e+01
4.191607666015625000e+01
4.184549713134765625e+01
4.089763259887695312e+01
4.184769058227539062e+01
4.287433242797851562e+01
4.154508209228515625e+01
4.290890121459960938e+01
4.381553268432617188e+01
4.289487457275390625e+01
4.432400894165039062e+01
4.229669570922851562e+01
4.181451416015625000e+01
4.179656982421875000e+01
4.292072296142578125e+01
4.207477951049804688e+01
4.371681976318359375e+01
4.385317230224609375e+01
4.315892410278320312e+01
4.251496124267578125e+01
4.136461639404296875e+01
4.287886047363281250e+01
4.193736648559570312e+01
4.448372650146484375e+01
4.342337417602539062e+01
4.348087310791015625e+01
4.259410476684570312e+01
4.518549728393554688e+01
4.357895278930664062e+01
4.134263992309570312e+01
4.344270324707031250e+01
4.399449920654296875e+01
4.450468063354492188e+01
4.537232589721679688e+01
4.293653106689453125e+01
4.385774230957031250e+01
4.462132644653320312e+01
4.419220352172851562e+01
4.475757217407226562e+01
4.384543609619140625e+01
4.491219711303710938e+01
4.162099838256835938e+01
4.341743850708007812e+01
4.241167831420898438e+01
4.600580596923828125e+01
4.280199432373046875e+01
4.351628875732421875e+01
4.459312438964843750e+01
4.346788406372070312e+01
4.701631927490234375e+01
4.455854797363281250e+01
4.373116302490234375e+01
4.564852523803710938e+01
4.434638214111328125e+01
4.742170333862304688e+01
4.757058334350585938e+01
4.530768203735351562e+01
4.825393295288085938e+01
4.686345291137695312e+01
4.539714050292968750e+01
4.610096740722656250e+01
4.649773406982421875e+01
4.602724838256835938e+01
4.574877166748046875e+01
4.674106597900390625e+01
4.898317718505859375e+01
4.472191238403320312e+01
4.399202346801757812e+01
4.567075347900390625e+01
4.566011428833007812e+01
4.417903900146484375e+01
4.335679244995117188e+01
4.440264129638671875e+01
4.535540771484375000e+01
4.583668136596679688e+01
4.684377288818359375e+01
4.359834671020507812e+01
4.334972000122070312e+01
4.654947662353515625e+01
4.508366775512695312e+01
4.644014739990234375e+01
4.595521163940429688e+01
4.591460037231445312e+01
4.580766296386718750e+01
4.565182876586914062e+01
4.564037704467773438e+01
4.903862380981445312e+01
4.514604568481445312e+01
4.494949340820312500e+01
4.454974746704101562e+01
4.601804733276367188e+01
4.610224914550781250e+01
4.594554519653320312e+01
4.368835830688476562e+01
4.425253677368164062e+01
4.468368148803710938e+01
4.576220703125000000e+01
4.435613632202148438e+01
4.371484375000000000e+01
4.490560150146484375e+01
4.662654876708984375e+01
4.613086700439453125e+01
4.503847885131835938e+01
4.569729614257812500e+01
4.445246124267578125e+01
4.499223327636718750e+01
4.382370376586914062e+01
4.480802154541015625e+01
4.421758651733398438e+01
4.503000259399414062e+01
4.558728790283203125e+01
4.428151702880859375e+01
4.430638885498046875e+01
4.489384078979492188e+01
4.270469665527343750e+01
4.423186874389648438e+01
4.372829818725585938e+01
4.585400772094726562e+01
4.665630722045898438e+01
4.444849777221679688e+01
4.380683517456054688e+01
4.509011077880859375e+01
4.923686599731445312e+01
4.673556137084960938e+01
4.514511489868164062e+01
4.767198562622070312e+01
4.590327453613281250e+01
4.532910537719726562e+01
4.817884826660156250e+01
4.477275848388671875e+01
4.584995269775390625e+01
4.470233154296875000e+01
4.518101882934570312e+01
4.484083175659179688e+01
4.586663818359375000e+01
4.669170379638671875e+01
4.576407241821289062e+01
4.557507705688476562e+01
4.681715774536132812e+01
4.446981811523437500e+01
4.692707443237304688e+01
4.428231430053710938e+01
4.567083740234375000e+01
4.432057189941406250e+01
4.312226486206054688e+01
4.422232055664062500e+01
4.514957046508789062e+01
4.498190307617187500e+01
4.531309890747070312e+01
4.483750152587890625e+01
4.463883590698242188e+01
4.301260757446289062e+01
4.560585784912109375e+01
4.427348327636718750e+01
4.538052368164062500e+01
4.228197479248046875e+01
4.367577362060546875e+01
4.539384460449218750e+01
4.427101135253906250e+01
4.397873687744140625e+01
4.423155593872070312e+01
4.503208923339843750e+01
4.451016998291015625e+01
4.401015090942382812e+01
4.309365081787109375e+01
4.235461044311523438e+01
4.528218841552734375e+01
4.261124420166015625e+01
4.485867309570312500e+01
4.582976531982421875e+01
4.420569610595703125e+01
4.470960235595703125e+01
4.411606979370117188e+01
4.625765609741210938e+01
4.330221939086914062e+01
4.533817672729492188e+01
4.576200866699218750e+01
4.425639724731445312e+01
4.385208129882812500e+01
4.605968475341796875e+01
4.707209396362304688e+01
4.551688385009765625e+01
4.287277984619140625e+01
4.500414657592773438e+01
4.693833923339843750e+01
4.622059249877929688e+01
4.689173889160156250e+01
4.662562179565429688e+01
4.708068466186523438e+01
4.728760910034179688e+01
4.662233734130859375e+01
4.518638610839843750e+01
4.537213134765625000e+01
4.515606689453125000e+01
4.541751480102539062e+01
4.522613143920898438e+01
4.666459274291992188e+01
4.485858535766601562e+01
4.419441986083984375e+01
4.501692199707031250e+01
4.907852172851562500e+01
4.639676666259765625e+01
4.563250732421875000e+01
4.722868728637695312e+01
4.686070251464843750e+01
4.535712814331054688e+01
4.683386611938476562e+01
4.618155288696289062e+01
4.450864028930664062e+01
4.736470031738281250e+01
4.658462524414062500e+01
4.586057662963867188e+01
4.563368988037109375e+01
4.585154724121093750e+01
4.540644454956054688e+01
4.565358352661132812e+01
4.432081985473632812e+01
4.433691406250000000e+01
4.576118469238281250e+01
4.517740631103515625e+01
4.541259384155273438e+01
4.668096923828125000e+01
4.492264938354492188e+01
4.644281387329101562e+01
4.626876449584960938e+01
4.387620544433593750e+01
4.585938644409179688e+01
4.671557235717773438e+01
4.468336105346679688e+01
4.427484512329101562e+01
4.472768020629882812e+01
4.717023468017578125e+01
4.668817520141601562e+01
4.689817810058593750e+01
4.515700912475585938e+01
4.639003753662109375e+01
4.529362487792968750e+01
4.562894439697265625e+01
4.560899353027343750e+01
4.538965988159179688e+01
4.635826492309570312e+01
4.416242980957031250e+01
4.544997024536132812e+01
4.643795013427734375e+01
4.495212173461914062e+01
4.430020141601562500e+01
4.660601043701171875e+01
4.715477371215820312e+01
4.685244369506835938e+01
4.605934524536132812e+01
4.721770477294921875e+01
4.700103759765625000e+01
4.691198348999023438e+01
4.603444671630859375e+01
4.695386505126953125e+01
4.627478027343750000e+01
4.642315673828125000e+01
4.725556945800781250e+01
4.646026992797851562e+01
4.732606887817382812e+01
4.608852386474609375e+01
4.537298583984375000e+01
4.572122573852539062e+01
4.532846450805664062e+01
4.548912429809570312e+01
4.498518753051757812e+01
4.723379135131835938e+01
4.848949813842773438e+01
4.641495132446289062e+01
4.579870986938476562e+01
4.717379760742187500e+01
4.594669342041015625e+01
4.533163452148437500e+01
4.567974472045898438e+01
4.551270294189453125e+01
4.437915802001953125e+01
4.409597778320312500e+01
4.506161880493164062e+01
4.446805572509765625e+01
4.346424102783203125e+01
4.516975021362304688e+01
4.520436859130859375e+01
4.460163879394531250e+01
4.401262664794921875e+01
4.443529510498046875e+01
4.521512603759765625e+01
4.473041534423828125e+01
4.505987548828125000e+01
4.387804031372070312e+01
4.322928237915039062e+01
4.245279693603515625e+01
4.401824569702148438e+01
4.432124328613281250e+01
4.269374084472656250e+01
4.362471008300781250e+01
4.160198211669921875e+01
4.428331756591796875e+01
4.520993804931640625e+01
4.334664916992187500e+01
4.369462585449218750e+01
4.412250137329101562e+01
4.439355468750000000e+01
4.360275268554687500e+01
4.458160018920898438e+01
4.314023590087890625e+01
4.256364822387695312e+01
4.377773284912109375e+01
4.267788696289062500e+01
4.449048995971679688e+01
4.169187545776367188e+01
4.205260848999023438e+01
4.305632781982421875e+01
4.213416290283203125e+01
4.287663269042968750e+01
4.463157653808593750e+01
4.253114700317382812e+01
4.315263366699218750e+01
4.459140014648437500e+01
4.342964172363281250e+01
4.348073577880859375e+01
4.341910552978515625e+01
4.312455749511718750e+01
4.550650787353515625e+01
4.261395263671875000e+01
4.494814300537109375e+01
4.491993713378906250e+01
4.458419036865234375e+01
4.345535278320312500e+01
4.319056701660156250e+01
4.322182846069335938e+01
4.364295196533203125e+01
4.309444046020507812e+01
4.345414733886718750e+01
4.482588958740234375e+01
4.227011871337890625e+01
4.341656875610351562e+01
4.338867568969726562e+01
4.300461959838867188e+01
4.379832839965820312e+01
4.385947036743164062e+01
4.381114959716796875e+01
4.256283569335937500e+01
4.232050323486328125e+01
4.315804672241210938e+01
4.165807342529296875e+01
4.161084365844726562e+01
4.071578979492187500e+01
4.268301773071289062e+01
4.134110260009765625e+01
4.088077163696289062e+01
4.063010025024414062e+01
4.117016220092773438e+01
4.167966842651367188e+01
