8.210939168930053711e-02
2.796456813812255859e-01
6.200999617576599121e-01
9.461472034454345703e-01
1.176384210586547852e+00
1.363734126091003418e+00
1.504429578781127930e+00
1.541560888290405273e+00
1.641857147216796875e+00
1.690590858459472656e+00
1.896766185760498047e+00
2.389407157897949219e+00
1.761580824851989746e+00
1.776595234870910645e+00
1.870442867279052734e+00
1.728034496307373047e+00
1.945707559585571289e+00
1.842675924301147461e+00
1.852671265602111816e+00
1.836026310920715332e+00
1.911945581436157227e+00
2.009343862533569336e+00
2.088608503341674805e+00
2.370741605758666992e+00
2.208759784698486328e+00
9.514146804809570312e+00
2.984444379806518555e+00
2.436205148696899414e+00
3.034493207931518555e+00
2.352858781814575195e+00
2.512777805328369141e+00
2.409204483032226562e+00
2.308178901672363281e+00
2.274637460708618164e+00
2.289066791534423828e+00
2.245781660079956055e+00
2.203592300415039062e+00
2.253797292709350586e+00
2.289851903915405273e+00
2.253693342208862305e+00
2.236335992813110352e+00
2.350338935852050781e+00
2.337939023971557617e+00
2.440336942672729492e+00
2.335134029388427734e+00
2.318884849548339844e+00
2.458992958068847656e+00
2.514024972915649414e+00
2.544772386550903320e+00
2.592039823532104492e+00
2.566934108734130859e+00
2.539277791976928711e+00
2.544938087463378906e+00
2.614316940307617188e+00
2.571992635726928711e+00
2.700773000717163086e+00
2.679277420043945312e+00
2.647932529449462891e+00
2.771784782409667969e+00
2.782354116439819336e+00
2.780992746353149414e+00
2.892499446868896484e+00
2.885109424591064453e+00
2.833630323410034180e+00
2.855773210525512695e+00
2.843071699142456055e+00
2.966027736663818359e+00
2.889064311981201172e+00
2.943146467208862305e+00
2.906361818313598633e+00
2.955462694168090820e+00
2.946585416793823242e+00
2.916475057601928711e+00
2.849518060684204102e+00
2.895877838134765625e+00
2.966033220291137695e+00
2.954223155975341797e+00
2.905170440673828125e+00
2.955147504806518555e+00
2.974452733993530273e+00
2.903277397155761719e+00
2.889829635620117188e+00
2.937418937683105469e+00
3.026767492294311523e+00
2.929226636886596680e+00
3.030095815658569336e+00
3.028639554977416992e+00
3.034289121627807617e+00
3.014916896820068359e+00
3.012587308883666992e+00
2.987945795059204102e+00
3.023968696594238281e+00
3.008585453033447266e+00
3.040846347808837891e+00
3.043265581130981445e+00
3.339256286621093750e+00
3.187347173690795898e+00
3.109625577926635742e+00
3.107813119888305664e+00
3.081493139266967773e+00
3.148311614990234375e+00
3.176699399948120117e+00
3.120830059051513672e+00
3.136527299880981445e+00
3.120209693908691406e+00
3.171785593032836914e+00
3.077746391296386719e+00
3.181039333343505859e+00
3.158107280731201172e+00
3.145302295684814453e+00
3.186170816421508789e+00
3.151917457580566406e+00
3.265501022338867188e+00
3.187653064727783203e+00
3.171435594558715820e+00
3.202275991439819336e+00
3.179251194000244141e+00
3.183909177780151367e+00
3.208956003189086914e+00
3.246725797653198242e+00
3.285027742385864258e+00
3.408075571060180664e+00
3.295832872390747070e+00
3.326316356658935547e+00
3.408211946487426758e+00
3.362265110015869141e+00
3.435289144515991211e+00
3.442566871643066406e+00
3.447639226913452148e+00
3.428625106811523438e+00
3.438114166259765625e+00
3.429366111755371094e+00
3.518000602722167969e+00
3.574038505554199219e+00
3.602330684661865234e+00
3.699952840805053711e+00
3.727293968200683594e+00
3.704139709472656250e+00
3.674333095550537109e+00
3.768131017684936523e+00
3.771885633468627930e+00
3.826794385910034180e+00
3.824973106384277344e+00
3.868938207626342773e+00
3.928596019744873047e+00
4.048735141754150391e+00
4.091855049133300781e+00
4.235337734222412109e+00
4.445538997650146484e+00
4.525409221649169922e+00
4.596368312835693359e+00
4.828419685363769531e+00
4.819132804870605469e+00
4.982661247253417969e+00
5.085300922393798828e+00
5.180025577545166016e+00
5.305586338043212891e+00
5.573976516723632812e+00
5.734625816345214844e+00
5.994906902313232422e+00
6.198217868804931641e+00
6.337619304656982422e+00
6.567216873168945312e+00
6.728354930877685547e+00
7.084769725799560547e+00
7.220800876617431641e+00
7.335246086120605469e+00
7.452337741851806641e+00
7.500957965850830078e+00
7.782547950744628906e+00
7.905839920043945312e+00
8.158836364746093750e+00
8.166287422180175781e+00
8.482234001159667969e+00
8.478189468383789062e+00
8.617807388305664062e+00
8.986294746398925781e+00
9.194247245788574219e+00
9.685343742370605469e+00
1.013978767395019531e+01
1.052551937103271484e+01
1.115598106384277344e+01
1.183048152923583984e+01
1.221612930297851562e+01
1.293974781036376953e+01
1.318662452697753906e+01
1.393305683135986328e+01
1.456443881988525391e+01
1.506607151031494141e+01
1.551705074310302734e+01
1.576173019409179688e+01
1.645662689208984375e+01
1.653893280029296875e+01
1.739426803588867188e+01
1.716004371643066406e+01
1.754255104064941406e+01
1.779486274719238281e+01
1.769210243225097656e+01
1.799267578125000000e+01
1.773712730407714844e+01
1.775263977050781250e+01
1.765076637268066406e+01
1.742708206176757812e+01
1.763705062866210938e+01
1.749741554260253906e+01
1.732871246337890625e+01
1.722839546203613281e+01
1.703879356384277344e+01
1.693620300292968750e+01
1.703796005249023438e+01
1.690620231628417969e+01
1.725098991394042969e+01
1.716329383850097656e+01
1.694027328491210938e+01
1.680994224548339844e+01
1.696437835693359375e+01
1.713700866699218750e+01
1.727113342285156250e+01
1.743182563781738281e+01
1.728990173339843750e+01
1.743598937988281250e+01
1.792141914367675781e+01
1.770280838012695312e+01
1.746297264099121094e+01
1.774216461181640625e+01
1.742348480224609375e+01
1.771047973632812500e+01
1.772847747802734375e+01
1.780179595947265625e+01
1.830138206481933594e+01
1.825421905517578125e+01
1.836205863952636719e+01
1.827385711669921875e+01
1.834175872802734375e+01
1.851431083679199219e+01
1.821448326110839844e+01
1.858294868469238281e+01
1.833901596069335938e+01
1.855353927612304688e+01
1.846754264831542969e+01
1.853111648559570312e+01
1.858525466918945312e+01
1.871430587768554688e+01
1.847908210754394531e+01
1.865866279602050781e+01
1.830339241027832031e+01
1.837763023376464844e+01
1.836732864379882812e+01
1.840278244018554688e+01
1.861374282836914062e+01
1.861497688293457031e+01
1.861950302124023438e+01
1.856228446960449219e+01
1.834648513793945312e+01
1.888717079162597656e+01
1.872800445556640625e+01
1.865662765502929688e+01
1.941797065734863281e+01
1.888398551940917969e+01
1.970208549499511719e+01
1.938208198547363281e+01
2.032216072082519531e+01
1.999866485595703125e+01
1.964350700378417969e+01
2.006225776672363281e+01
1.943548011779785156e+01
1.937248420715332031e+01
1.945746231079101562e+01
1.917863082885742188e+01
1.924451637268066406e+01
1.877943992614746094e+01
1.927688217163085938e+01
1.855026817321777344e+01
1.882611274719238281e+01
1.927433586120605469e+01
1.851261138916015625e+01
1.896439933776855469e+01
1.864611053466796875e+01
1.870856285095214844e+01
1.850868034362792969e+01
1.831109428405761719e+01
1.794523239135742188e+01
1.820441436767578125e+01
1.808023834228515625e+01
1.753852272033691406e+01
1.755492973327636719e+01
1.784012031555175781e+01
1.795376205444335938e+01
1.745671081542968750e+01
1.739844894409179688e+01
1.769533538818359375e+01
1.767556571960449219e+01
1.734840202331542969e+01
1.816151237487792969e+01
1.789165306091308594e+01
1.835205459594726562e+01
1.804910659790039062e+01
1.815842437744140625e+01
1.849188613891601562e+01
1.829760551452636719e+01
1.843689155578613281e+01
1.879872703552246094e+01
1.882433891296386719e+01
1.847550392150878906e+01
1.879014778137207031e+01
1.873626518249511719e+01
1.894501495361328125e+01
1.918414878845214844e+01
1.953190231323242188e+01
1.931347274780273438e+01
1.948191070556640625e+01
1.990859413146972656e+01
2.000784111022949219e+01
1.986645317077636719e+01
2.056619262695312500e+01
2.044317054748535156e+01
2.087430191040039062e+01
2.083422279357910156e+01
2.070253944396972656e+01
2.102805519104003906e+01
2.134704780578613281e+01
2.135102081298828125e+01
2.139641761779785156e+01
2.149538230895996094e+01
2.167773437500000000e+01
2.133551788330078125e+01
2.215358734130859375e+01
2.201520538330078125e+01
2.205937957763671875e+01
2.174470901489257812e+01
2.185242271423339844e+01
2.295343017578125000e+01
2.375059318542480469e+01
2.386889457702636719e+01
2.410625839233398438e+01
2.513092613220214844e+01
2.494174957275390625e+01
2.561401557922363281e+01
2.534299659729003906e+01
2.559583663940429688e+01
2.564767456054687500e+01
2.703210258483886719e+01
2.752596855163574219e+01
2.818921470642089844e+01
2.839657402038574219e+01
2.895105361938476562e+01
2.837197685241699219e+01
2.889801788330078125e+01
2.884730911254882812e+01
3.008492851257324219e+01
2.971281242370605469e+01
3.050288581848144531e+01
2.979289245605468750e+01
3.037340927124023438e+01
3.034830474853515625e+01
3.060753631591796875e+01
3.133533477783203125e+01
3.161312484741210938e+01
3.076313781738281250e+01
3.064990806579589844e+01
3.147450637817382812e+01
3.128381729125976562e+01
3.108773422241210938e+01
2.960981559753417969e+01
2.987451934814453125e+01
3.104648780822753906e+01
3.026482391357421875e+01
2.944384956359863281e+01
2.908845710754394531e+01
2.922342681884765625e+01
2.767798042297363281e+01
2.787178421020507812e+01
2.716900062561035156e+01
2.779454994201660156e+01
2.691960144042968750e+01
2.721035575866699219e+01
2.613206672668457031e+01
2.735212135314941406e+01
2.703799247741699219e+01
2.681411743164062500e+01
2.763274574279785156e+01
2.731019592285156250e+01
2.744392204284667969e+01
2.727967643737792969e+01
2.855366516113281250e+01
2.740939521789550781e+01
2.767320251464843750e+01
2.697568702697753906e+01
2.636004638671875000e+01
2.664227294921875000e+01
2.677144622802734375e+01
2.600959014892578125e+01
2.623799514770507812e+01
2.621841049194335938e+01
2.570475387573242188e+01
2.569444084167480469e+01
2.604166030883789062e+01
2.575424194335937500e+01
2.527024269104003906e+01
2.513465118408203125e+01
2.470830535888671875e+01
2.426444625854492188e+01
2.453544998168945312e+01
2.417848777770996094e+01
2.350385665893554688e+01
2.392557907104492188e+01
2.373085975646972656e+01
2.348933219909667969e+01
2.372963714599609375e+01
2.322745895385742188e+01
2.295129203796386719e+01
2.271670341491699219e+01
2.270796203613281250e+01
2.248423004150390625e+01
2.242840576171875000e+01
2.219177818298339844e+01
2.155433273315429688e+01
2.171365356445312500e+01
2.138856697082519531e+01
2.123221969604492188e+01
2.160981369018554688e+01
2.140620613098144531e+01
2.114062500000000000e+01
2.080663108825683594e+01
2.066382408142089844e+01
2.074812889099121094e+01
2.072032737731933594e+01
2.066223907470703125e+01
2.063396644592285156e+01
2.067886352539062500e+01
2.045821571350097656e+01
2.083235168457031250e+01
2.028005981445312500e+01
2.075669479370117188e+01
2.019548797607421875e+01
2.022089958190917969e+01
2.004952812194824219e+01
1.979743766784667969e+01
1.962071037292480469e+01
1.988097572326660156e+01
2.024122428894042969e+01
1.965990257263183594e+01
1.961650848388671875e+01
1.950808525085449219e+01
1.884640121459960938e+01
1.885031509399414062e+01
1.967669868469238281e+01
1.926640319824218750e+01
1.924861335754394531e+01
1.897221183776855469e+01
1.905862808227539062e+01
1.931240463256835938e+01
1.869716835021972656e+01
1.890457153320312500e+01
1.891876602172851562e+01
1.870245742797851562e+01
1.891058158874511719e+01
1.864999961853027344e+01
1.842087364196777344e+01
1.852276039123535156e+01
1.861036300659179688e+01
1.881044578552246094e+01
1.825770950317382812e+01
1.809514045715332031e+01
1.802723121643066406e+01
1.804804801940917969e+01
1.859718513488769531e+01
1.805408287048339844e+01
1.839170265197753906e+01
1.805308341979980469e+01
1.799408721923828125e+01
1.782981300354003906e+01
1.804999923706054688e+01
1.767843627929687500e+01
1.793211555480957031e+01
1.774220657348632812e+01
1.781482887268066406e+01
1.761156272888183594e+01
1.741770362854003906e+01
1.749863433837890625e+01
1.740874671936035156e+01
1.732462120056152344e+01
1.735145187377929688e+01
1.713789367675781250e+01
1.744720268249511719e+01
1.710712242126464844e+01
1.716349601745605469e+01
1.715530204772949219e+01
1.720284461975097656e+01
1.706541824340820312e+01
1.687177848815917969e+01
1.662467765808105469e+01
1.669114875793457031e+01
1.651314735412597656e+01
1.699383163452148438e+01
1.677700424194335938e+01
1.696225929260253906e+01
1.644091033935546875e+01
1.666762733459472656e+01
1.663548660278320312e+01
1.645967483520507812e+01
1.678697013854980469e+01
1.640764427185058594e+01
1.631884002685546875e+01
1.669851875305175781e+01
1.688672637939453125e+01
1.673495292663574219e+01
1.659869956970214844e+01
1.677649116516113281e+01
1.646278381347656250e+01
1.654616737365722656e+01
1.652302360534667969e+01
1.671492195129394531e+01
1.674135208129882812e+01
1.674916839599609375e+01
1.635682868957519531e+01
1.670659828186035156e+01
1.675340461730957031e+01
1.689241409301757812e+01
1.680099868774414062e+01
1.673941802978515625e+01
1.677960205078125000e+01
1.735314369201660156e+01
1.696397781372070312e+01
1.687091255187988281e+01
1.683186340332031250e+01
1.648649787902832031e+01
1.676278305053710938e+01
1.671790313720703125e+01
1.702249908447265625e+01
1.680998420715332031e+01
1.690083503723144531e+01
1.700796318054199219e+01
1.690724563598632812e+01
1.699801635742187500e+01
1.741759681701660156e+01
1.730496597290039062e+01
1.723583030700683594e+01
1.717894363403320312e+01
1.689561462402343750e+01
1.724129295349121094e+01
1.722242164611816406e+01
1.691580772399902344e+01
1.702081489562988281e+01
1.721589088439941406e+01
1.693621063232421875e+01
1.712286758422851562e+01
1.706078720092773438e+01
1.735659599304199219e+01
1.709367942810058594e+01
1.728883171081542969e+01
1.751276969909667969e+01
1.746106147766113281e+01
1.733696556091308594e+01
1.760503768920898438e+01
1.749888420104980469e+01
1.779996871948242188e+01
1.730268859863281250e+01
1.775416755676269531e+01
1.826840209960937500e+01
1.814427566528320312e+01
1.884456062316894531e+01
1.846643257141113281e+01
1.831140327453613281e+01
1.826893043518066406e+01
1.808012199401855469e+01
1.788454818725585938e+01
1.818504905700683594e+01
1.787307739257812500e+01
1.804560089111328125e+01
1.750689125061035156e+01
1.767250251770019531e+01
1.714581871032714844e+01
1.753341865539550781e+01
1.715311813354492188e+01
1.725300407409667969e+01
1.737076950073242188e+01
1.695278930664062500e+01
1.713656234741210938e+01
1.665431594848632812e+01
1.689655685424804688e+01
1.670782470703125000e+01
1.674067115783691406e+01
1.692910766601562500e+01
1.638475799560546875e+01
1.697091674804687500e+01
1.651842117309570312e+01
1.651078987121582031e+01
1.678249931335449219e+01
1.680473327636718750e+01
1.661777687072753906e+01
1.664285850524902344e+01
1.672998046875000000e+01
1.649332809448242188e+01
1.673061752319335938e+01
1.639052391052246094e+01
1.628845405578613281e+01
1.621386146545410156e+01
1.598103332519531250e+01
1.644760894775390625e+01
1.630835914611816406e+01
1.644025611877441406e+01
1.619902038574218750e+01
1.657051086425781250e+01
1.633096885681152344e+01
1.594475936889648438e+01
1.608485794067382812e+01
1.607185363769531250e+01
1.579035758972167969e+01
1.598297023773193359e+01
1.607682037353515625e+01
1.556942558288574219e+01
1.567917156219482422e+01
1.570521640777587891e+01
1.531685924530029297e+01
1.528660392761230469e+01
1.524666023254394531e+01
1.508254718780517578e+01
1.498796176910400391e+01
1.537629699707031250e+01
1.503516387939453125e+01
1.500880241394042969e+01
1.464509391784667969e+01
1.479202747344970703e+01
1.484489059448242188e+01
1.471297645568847656e+01
1.487281036376953125e+01
1.476301193237304688e+01
1.468939781188964844e+01
1.455473613739013672e+01
1.496127223968505859e+01
1.491301536560058594e+01
1.452931785583496094e+01
1.471647644042968750e+01
1.458168697357177734e+01
1.456934165954589844e+01
1.491770076751708984e+01
1.474317264556884766e+01
1.457162284851074219e+01
1.442487335205078125e+01
1.439771556854248047e+01
1.450295925140380859e+01
1.435392189025878906e+01
1.462539577484130859e+01
1.418282127380371094e+01
1.464591026306152344e+01
1.420841693878173828e+01
1.442253589630126953e+01
1.442181873321533203e+01
1.459950828552246094e+01
1.454819869995117188e+01
1.425289821624755859e+01
1.436773490905761719e+01
1.414672851562500000e+01
1.415946674346923828e+01
1.422277164459228516e+01
1.382188701629638672e+01
1.409502887725830078e+01
1.397525119781494141e+01
1.415524196624755859e+01
1.408789634704589844e+01
1.424522876739501953e+01
1.413163089752197266e+01
1.423668003082275391e+01
1.392297935485839844e+01
1.380032348632812500e+01
1.368554496765136719e+01
1.403146648406982422e+01
1.395309734344482422e+01
1.384196662902832031e+01
1.421443939208984375e+01
1.357197284698486328e+01
1.399740219116210938e+01
1.383271503448486328e+01
1.385918998718261719e+01
1.409439659118652344e+01
1.389838027954101562e+01
1.383881664276123047e+01
1.376214981079101562e+01
1.384928607940673828e+01
1.417749023437500000e+01
1.371545600891113281e+01
1.381126403808593750e+01
1.389179611206054688e+01
1.419138431549072266e+01
1.373539257049560547e+01
1.382706832885742188e+01
1.393125915527343750e+01
1.381845092773437500e+01
1.397853469848632812e+01
1.375138473510742188e+01
1.384600734710693359e+01
1.393902778625488281e+01
1.392395687103271484e+01
1.364981079101562500e+01
1.393929481506347656e+01
1.393091011047363281e+01
1.377204990386962891e+01
1.370376968383789062e+01
1.345224952697753906e+01
1.355092144012451172e+01
1.377147483825683594e+01
1.370179271697998047e+01
1.401127338409423828e+01
1.361531448364257812e+01
1.380593967437744141e+01
1.405838298797607422e+01
1.365422534942626953e+01
1.364694499969482422e+01
1.341665267944335938e+01
1.379996490478515625e+01
1.364801597595214844e+01
1.378169155120849609e+01
1.379522991180419922e+01
1.390542221069335938e+01
1.363513374328613281e+01
1.374031257629394531e+01
1.358958435058593750e+01
1.405409336090087891e+01
1.380003166198730469e+01
1.361254501342773438e+01
1.356218528747558594e+01
1.384036159515380859e+01
1.420608615875244141e+01
1.374490642547607422e+01
1.392444133758544922e+01
1.371526527404785156e+01
1.365527820587158203e+01
1.407819938659667969e+01
1.406470680236816406e+01
1.386637020111083984e+01
1.360160923004150391e+01
1.370292282104492188e+01
1.362402153015136719e+01
1.401558971405029297e+01
1.396644401550292969e+01
1.412022876739501953e+01
1.395210170745849609e+01
1.377298259735107422e+01
1.400536346435546875e+01
1.399824237823486328e+01
1.368739986419677734e+01
1.389659214019775391e+01
1.361481666564941406e+01
1.382603359222412109e+01
1.449157047271728516e+01
1.383908939361572266e+01
1.365267753601074219e+01
1.369092559814453125e+01
1.377416229248046875e+01
1.373309707641601562e+01
1.411909103393554688e+01
1.412155628204345703e+01
1.408283996582031250e+01
1.397410964965820312e+01
1.431377506256103516e+01
1.382465744018554688e+01
1.399231243133544922e+01
1.392061519622802734e+01
1.377346992492675781e+01
1.398596668243408203e+01
1.405987739562988281e+01
1.387819099426269531e+01
1.371342086791992188e+01
1.381790733337402344e+01
1.368886947631835938e+01
1.425344371795654297e+01
1.402649211883544922e+01
1.396922874450683594e+01
1.406049060821533203e+01
1.418842983245849609e+01
1.415650558471679688e+01
1.416506004333496094e+01
1.401143360137939453e+01
1.424169349670410156e+01
1.378036689758300781e+01
1.415922069549560547e+01
1.389016437530517578e+01
1.426789951324462891e+01
1.391179275512695312e+01
1.384350776672363281e+01
1.364161109924316406e+01
1.397437953948974609e+01
1.400912189483642578e+01
1.398889064788818359e+01
1.413401889801025391e+01
1.377942943572998047e+01
1.419127082824707031e+01
1.439506053924560547e+01
1.400128936767578125e+01
1.390787982940673828e+01
1.385001182556152344e+01
1.403075981140136719e+01
1.374158954620361328e+01
1.376498794555664062e+01
1.384012889862060547e+01
1.406600284576416016e+01
1.403196525573730469e+01
1.378149223327636719e+01
1.376095294952392578e+01
1.384291839599609375e+01
1.404592990875244141e+01
1.412093925476074219e+01
1.414976406097412109e+01
1.372006034851074219e+01
1.382224082946777344e+01
1.424366569519042969e+01
1.360089015960693359e+01
1.385386085510253906e+01
1.411597442626953125e+01
1.371365451812744141e+01
1.420284175872802734e+01
1.402173042297363281e+01
1.401056480407714844e+01
1.391469097137451172e+01
1.379737567901611328e+01
1.440300846099853516e+01
1.382829475402832031e+01
1.430578613281250000e+01
1.406155300140380859e+01
1.448039054870605469e+01
1.465625381469726562e+01
1.446685504913330078e+01
1.480467414855957031e+01
1.437714099884033203e+01
1.440742874145507812e+01
1.457429504394531250e+01
1.438213253021240234e+01
1.405557727813720703e+01
1.438548851013183594e+01
1.445571136474609375e+01
1.443840980529785156e+01
1.445322322845458984e+01
1.463231086730957031e+01
1.501302146911621094e+01
1.492259407043457031e+01
1.498075294494628906e+01
1.502093696594238281e+01
1.483495521545410156e+01
1.568858432769775391e+01
1.531067943572998047e+01
1.470140171051025391e+01
1.502764415740966797e+01
1.537939357757568359e+01
1.434981822967529297e+01
1.480346488952636719e+01
1.528777503967285156e+01
1.484913825988769531e+01
1.509084510803222656e+01
1.512464141845703125e+01
1.505974769592285156e+01
1.501915645599365234e+01
1.539765834808349609e+01
1.494684600830078125e+01
1.516709804534912109e+01
1.527901744842529297e+01
1.508592796325683594e+01
1.515505218505859375e+01
1.579981613159179688e+01
1.542202949523925781e+01
1.568952178955078125e+01
1.585561180114746094e+01
1.565569305419921875e+01
1.634181976318359375e+01
1.585368251800537109e+01
1.541262531280517578e+01
1.593137073516845703e+01
1.604679107666015625e+01
1.629520225524902344e+01
1.679430961608886719e+01
1.627012443542480469e+01
1.593513488769531250e+01
1.668296432495117188e+01
1.614843940734863281e+01
1.670386314392089844e+01
1.641845130920410156e+01
1.636655807495117188e+01
1.604167747497558594e+01
1.693667984008789062e+01
1.719446945190429688e+01
1.684896087646484375e+01
1.697992706298828125e+01
1.669090652465820312e+01
1.770785140991210938e+01
1.721255874633789062e+01
1.751851272583007812e+01
1.760801696777343750e+01
1.770502853393554688e+01
1.755774116516113281e+01
1.793208122253417969e+01
1.779787635803222656e+01
1.848328971862792969e+01
1.838990974426269531e+01
1.836782836914062500e+01
1.863168144226074219e+01
1.828555297851562500e+01
1.811010169982910156e+01
1.893030357360839844e+01
1.840345382690429688e+01
1.936173057556152344e+01
1.841944885253906250e+01
1.965851020812988281e+01
1.983028602600097656e+01
1.891300392150878906e+01
1.868587684631347656e+01
1.906426429748535156e+01
1.880899047851562500e+01
1.923666381835937500e+01
1.957480812072753906e+01
1.912363433837890625e+01
1.862940216064453125e+01
1.880761528015136719e+01
1.918931770324707031e+01
1.900856399536132812e+01
1.980264091491699219e+01
1.997219467163085938e+01
1.976091957092285156e+01
1.937921714782714844e+01
2.037623023986816406e+01
1.961930274963378906e+01
2.030793762207031250e+01
2.004792213439941406e+01
1.909854888916015625e+01
1.948016166687011719e+01
1.911615753173828125e+01
1.958641242980957031e+01
1.934591865539550781e+01
1.945600128173828125e+01
2.052698516845703125e+01
2.008137512207031250e+01
1.965476036071777344e+01
2.038976097106933594e+01
1.953065109252929688e+01
1.969931030273437500e+01
2.037858009338378906e+01
2.036875724792480469e+01
2.051370429992675781e+01
2.015089416503906250e+01
2.021658897399902344e+01
1.991082763671875000e+01
2.098553466796875000e+01
1.953949165344238281e+01
1.976271629333496094e+01
2.081761741638183594e+01
2.014121437072753906e+01
2.005117416381835938e+01
2.078392410278320312e+01
2.065361022949218750e+01
2.142124366760253906e+01
2.011494636535644531e+01
2.010585212707519531e+01
2.068335914611816406e+01
2.057371520996093750e+01
2.119196510314941406e+01
2.097057914733886719e+01
2.101889038085937500e+01
2.064381217956542969e+01
2.096379852294921875e+01
2.045708274841308594e+01
2.056398010253906250e+01
2.079730796813964844e+01
2.202503395080566406e+01
2.078523063659667969e+01
2.047767639160156250e+01
2.098138618469238281e+01
2.170142173767089844e+01
2.144643402099609375e+01
2.207028961181640625e+01
2.114894104003906250e+01
2.131113243103027344e+01
2.184352302551269531e+01
2.132467651367187500e+01
2.235332107543945312e+01
2.136279296875000000e+01
2.274058914184570312e+01
2.259619140625000000e+01
2.211313247680664062e+01
2.225172615051269531e+01
2.215578079223632812e+01
2.231360244750976562e+01
2.235937118530273438e+01
2.192391395568847656e+01
2.232431983947753906e+01
2.236316490173339844e+01
2.248596954345703125e+01
2.189065361022949219e+01
2.154882812500000000e+01
2.141247177124023438e+01
2.295230865478515625e+01
2.295046043395996094e+01
2.374839401245117188e+01
2.259277343750000000e+01
2.339724922180175781e+01
2.348376655578613281e+01
2.340085220336914062e+01
2.390897178649902344e+01
2.268305397033691406e+01
2.397419929504394531e+01
2.376870346069335938e+01
2.394886779785156250e+01
2.347742080688476562e+01
2.353556251525878906e+01
2.355088996887207031e+01
2.375936126708984375e+01
2.476963996887207031e+01
2.491230201721191406e+01
2.433542823791503906e+01
2.506057357788085938e+01
2.485869216918945312e+01
2.482831764221191406e+01
2.419391822814941406e+01
2.447217178344726562e+01
2.487200355529785156e+01
2.440954399108886719e+01
2.478596878051757812e+01
2.532501602172851562e+01
2.491192245483398438e+01
2.550078201293945312e+01
2.565922737121582031e+01
2.539279747009277344e+01
2.488750839233398438e+01
2.487795257568359375e+01
2.586912918090820312e+01
2.522344970703125000e+01
2.600003814697265625e+01
2.534085464477539062e+01
2.568191337585449219e+01
2.630005455017089844e+01
2.551512908935546875e+01
2.517741203308105469e+01
2.677287483215332031e+01
2.560115242004394531e+01
2.676960754394531250e+01
2.652798843383789062e+01
2.582909774780273438e+01
2.570150756835937500e+01
2.641380310058593750e+01
2.623813819885253906e+01
2.628757095336914062e+01
2.671332740783691406e+01
2.680413627624511719e+01
2.679655838012695312e+01
2.764978218078613281e+01
2.797755813598632812e+01
2.817688751220703125e+01
2.659269523620605469e+01
2.827583503723144531e+01
2.804344940185546875e+01
2.802479362487792969e+01
2.821861839294433594e+01
2.944032669067382812e+01
2.867533111572265625e+01
2.927378082275390625e+01
2.956518363952636719e+01
3.013557434082031250e+01
3.052637672424316406e+01
2.934224891662597656e+01
3.035631942749023438e+01
2.991138648986816406e+01
3.014928817749023438e+01
2.994835853576660156e+01
3.132836532592773438e+01
3.039638710021972656e+01
3.035875701904296875e+01
3.189005851745605469e+01
3.180711364746093750e+01
3.207525634765625000e+01
3.247426605224609375e+01
3.082331657409667969e+01
3.183419990539550781e+01
3.123387908935546875e+01
3.108006286621093750e+01
3.068680572509765625e+01
3.068719673156738281e+01
2.979381370544433594e+01
2.986980819702148438e+01
3.278134918212890625e+01
3.049082756042480469e+01
3.050544738769531250e+01
3.086403656005859375e+01
3.183351898193359375e+01
3.100582885742187500e+01
3.157281112670898438e+01
3.153359985351562500e+01
3.196198844909667969e+01
3.073393630981445312e+01
3.103632926940917969e+01
3.174096870422363281e+01
3.377873611450195312e+01
3.154269409179687500e+01
3.112751007080078125e+01
3.172966384887695312e+01
3.206919479370117188e+01
3.286603927612304688e+01
3.220247650146484375e+01
3.301641464233398438e+01
3.390166091918945312e+01
3.310818862915039062e+01
3.057580947875976562e+01
3.188031578063964844e+01
3.246193313598632812e+01
3.177244186401367188e+01
3.268217086791992188e+01
3.252888107299804688e+01
3.259937667846679688e+01
3.283279418945312500e+01
3.099644660949707031e+01
3.215274810791015625e+01
3.173731613159179688e+01
3.251844787597656250e+01
3.169806671142578125e+01
3.153936386108398438e+01
3.161107063293457031e+01
3.273112487792968750e+01
3.120402908325195312e+01
3.370181274414062500e+01
3.156114006042480469e+01
3.246389389038085938e+01
3.374338150024414062e+01
3.372030258178710938e+01
3.149234008789062500e+01
3.025156402587890625e+01
3.047714233398437500e+01
3.054787063598632812e+01
3.119433975219726562e+01
3.062665557861328125e+01
2.983884811401367188e+01
3.039042282104492188e+01
3.073802757263183594e+01
3.089764785766601562e+01
3.035301971435546875e+01
3.210496902465820312e+01
3.183080482482910156e+01
3.048468208312988281e+01
3.087822723388671875e+01
3.046245765686035156e+01
2.983369255065917969e+01
3.032110977172851562e+01
3.071962547302246094e+01
3.015391349792480469e+01
3.070277404785156250e+01
3.066291809082031250e+01
3.045591545104980469e+01
3.042945289611816406e+01
3.063787841796875000e+01
3.032925224304199219e+01
3.057140159606933594e+01
3.057427024841308594e+01
3.080409431457519531e+01
3.039176368713378906e+01
3.007156944274902344e+01
3.032367897033691406e+01
3.031847953796386719e+01
3.046379661560058594e+01
3.175437545776367188e+01
3.073120689392089844e+01
2.997616767883300781e+01
3.102563285827636719e+01
3.188097572326660156e+01
3.093647956848144531e+01
3.044744873046875000e+01
3.129042625427246094e+01
3.049439620971679688e+01
3.076887893676757812e+01
3.107152557373046875e+01
3.067140579223632812e+01
3.187733268737792969e+01
3.071685981750488281e+01
3.099545288085937500e+01
3.152013206481933594e+01
3.123771858215332031e+01
3.078075027465820312e+01
3.112349891662597656e+01
3.168237876892089844e+01
3.137081718444824219e+01
3.129567146301269531e+01
3.142541122436523438e+01
3.207495880126953125e+01
3.174135971069335938e+01
3.184885406494140625e+01
3.271942138671875000e+01
3.228204345703125000e+01
3.209875869750976562e+01
3.203634643554687500e+01
3.082819175720214844e+01
3.195598793029785156e+01
3.216804885864257812e+01
3.189939498901367188e+01
3.303335571289062500e+01
3.267901611328125000e+01
3.306606292724609375e+01
3.361625671386718750e+01
3.459429550170898438e+01
3.332907104492187500e+01
3.295453643798828125e+01
3.369619369506835938e+01
3.459050750732421875e+01
3.346445465087890625e+01
3.409020233154296875e+01
3.448241043090820312e+01
3.425932693481445312e+01
3.266608810424804688e+01
3.486620712280273438e+01
3.377797698974609375e+01
3.250707626342773438e+01
3.264637756347656250e+01
3.332575607299804688e+01
3.257625961303710938e+01
3.208621597290039062e+01
3.278448104858398438e+01
3.257556533813476562e+01
3.151369094848632812e+01
3.218725204467773438e+01
3.250549316406250000e+01
3.379468917846679688e+01
3.347981643676757812e+01
3.256669235229492188e+01
3.211700439453125000e+01
3.208394241333007812e+01
3.350312042236328125e+01
3.226380920410156250e+01
3.146929740905761719e+01
3.176850128173828125e+01
3.232103347778320312e+01
3.322044372558593750e+01
3.177619743347167969e+01
3.186273384094238281e+01
3.186674308776855469e+01
3.178626441955566406e+01
3.272076797485351562e+01
3.360777282714843750e+01
3.220313644409179688e+01
3.232182312011718750e+01
3.228934097290039062e+01
3.281324768066406250e+01
3.213050842285156250e+01
3.223410034179687500e+01
3.284991836547851562e+01
3.249188613891601562e+01
3.356155776977539062e+01
3.204466629028320312e+01
3.324480438232421875e+01
3.228120040893554688e+01
3.258212280273437500e+01
3.308247756958007812e+01
3.253211212158203125e+01
3.302153778076171875e+01
3.255525207519531250e+01
3.179252624511718750e+01
3.282266235351562500e+01
3.198292922973632812e+01
3.263764953613281250e+01
3.217224121093750000e+01
3.244112014770507812e+01
3.218736648559570312e+01
3.243544006347656250e+01
3.251153564453125000e+01
3.307619476318359375e+01
3.229594039916992188e+01
3.224596405029296875e+01
3.258232498168945312e+01
3.232731628417968750e+01
3.250355911254882812e+01
3.261443710327148438e+01
3.259838104248046875e+01
3.201905822753906250e+01
3.243857574462890625e+01
3.188432121276855469e+01
3.171313667297363281e+01
3.229216766357421875e+01
3.272934341430664062e+01
3.233301544189453125e+01
3.275176239013671875e+01
3.169041442871093750e+01
3.223854064941406250e+01
3.227236938476562500e+01
3.197847175598144531e+01
3.232441329956054688e+01
3.195521545410156250e+01
3.152141761779785156e+01
3.146605491638183594e+01
3.101383209228515625e+01
3.157525062561035156e+01
3.166916656494140625e+01
3.167617988586425781e+01
3.172130393981933594e+01
3.163715171813964844e+01
3.137824630737304688e+01
3.233084487915039062e+01
3.180441474914550781e+01
3.163217926025390625e+01
3.177878761291503906e+01
3.100892829895019531e+01
3.123047065734863281e+01
3.130096817016601562e+01
3.088966369628906250e+01
3.036923408508300781e+01
3.085703849792480469e+01
3.140985488891601562e+01
3.056148147583007812e+01
3.033310508728027344e+01
2.974370384216308594e+01
3.093808555603027344e+01
3.023141479492187500e+01
3.048303031921386719e+01
3.076161003112792969e+01
3.102075767517089844e+01
3.132683181762695312e+01
3.018533515930175781e+01
3.052268600463867188e+01
3.064388275146484375e+01
3.085357856750488281e+01
3.018635940551757812e+01
3.006125259399414062e+01
3.000789833068847656e+01
3.009161567687988281e+01
3.028919982910156250e+01
3.044958686828613281e+01
3.111921882629394531e+01
3.105488586425781250e+01
3.088831710815429688e+01
3.085579299926757812e+01
3.061033630371093750e+01
3.104562950134277344e+01
3.096429443359375000e+01
3.036716651916503906e+01
3.132244491577148438e+01
3.109636306762695312e+01
3.150087547302246094e+01
3.158627891540527344e+01
3.172226905822753906e+01
3.128184318542480469e+01
3.170219612121582031e+01
3.113287544250488281e+01
3.117026901245117188e+01
3.053410148620605469e+01
3.149957656860351562e+01
3.203614425659179688e+01
3.193036079406738281e+01
3.112035179138183594e+01
3.140392875671386719e+01
3.089530944824218750e+01
3.077725219726562500e+01
3.125618934631347656e+01
3.148788642883300781e+01
3.184427452087402344e+01
3.129613685607910156e+01
3.164666175842285156e+01
3.082761001586914062e+01
3.113921546936035156e+01
3.082192420959472656e+01
3.081062316894531250e+01
3.152311325073242188e+01
3.155392265319824219e+01
3.091856193542480469e+01
3.190377807617187500e+01
3.150310516357421875e+01
3.072039031982421875e+01
3.086574935913085938e+01
3.247984695434570312e+01
3.093758964538574219e+01
3.160081672668457031e+01
3.134659385681152344e+01
3.168198394775390625e+01
3.159521484375000000e+01
3.126355552673339844e+01
3.190885925292968750e+01
3.218397140502929688e+01
3.267902755737304688e+01
3.314060974121093750e+01
3.236196517944335938e+01
3.332805633544921875e+01
3.267246246337890625e+01
3.341733551025390625e+01
3.368276596069335938e+01
3.282727432250976562e+01
3.281325912475585938e+01
3.354722213745117188e+01
3.345194625854492188e+01
3.241123580932617188e+01
3.305908584594726562e+01
3.373764801025390625e+01
3.323993682861328125e+01
3.302724838256835938e+01
3.178465652465820312e+01
3.252472686767578125e+01
3.252345275878906250e+01
3.207347488403320312e+01
3.289474487304687500e+01
3.268502044677734375e+01
3.250819396972656250e+01
3.245817947387695312e+01
3.342397689819335938e+01
3.253071594238281250e+01
3.333492279052734375e+01
3.316341018676757812e+01
3.269105911254882812e+01
3.154094505310058594e+01
3.338335037231445312e+01
3.292063522338867188e+01
3.317475891113281250e+01
3.241241836547851562e+01
3.214603424072265625e+01
3.251312637329101562e+01
3.286014938354492188e+01
3.222666931152343750e+01
3.230881881713867188e+01
3.165825462341308594e+01
3.166750144958496094e+01
3.146514511108398438e+01
3.167120552062988281e+01
3.282492065429687500e+01
3.279140090942382812e+01
3.247780227661132812e+01
3.198691558837890625e+01
3.253453063964843750e+01
3.227703857421875000e+01
3.233301925659179688e+01
3.107351684570312500e+01
3.283408355712890625e+01
3.205842208862304688e+01
3.225338363647460938e+01
3.169775199890136719e+01
3.223166275024414062e+01
3.230000305175781250e+01
3.129270935058593750e+01
3.238646316528320312e+01
3.227663040161132812e+01
3.246960449218750000e+01
3.265356063842773438e+01
3.175320243835449219e+01
3.197261810302734375e+01
3.351499176025390625e+01
3.313262939453125000e+01
3.167982864379882812e+01
3.213608551025390625e+01
3.233177185058593750e+01
3.202064895629882812e+01
3.267451477050781250e+01
3.229542922973632812e+01
3.241540527343750000e+01
3.289327239990234375e+01
3.209857559204101562e+01
3.264030075073242188e+01
3.318498992919921875e+01
3.370543670654296875e+01
3.358467864990234375e+01
3.297214126586914062e+01
3.255645370483398438e+01
3.249937057495117188e+01
3.277048873901367188e+01
3.250225067138671875e+01
3.188166427612304688e+01
3.220384597778320312e+01
3.281003952026367188e+01
3.257567214965820312e+01
3.111190414428710938e+01
3.160571098327636719e+01
3.176645088195800781e+01
3.150860595703125000e+01
3.204331970214843750e+01
3.072357177734375000e+01
3.111972427368164062e+01
3.106359291076660156e+01
3.139808273315429688e+01
3.118309593200683594e+01
3.242094421386718750e+01
3.097800445556640625e+01
3.169272994995117188e+01
3.125395011901855469e+01
3.176482009887695312e+01
3.203520965576171875e+01
3.260844039916992188e+01
3.303337097167968750e+01
3.311383438110351562e+01
3.244733047485351562e+01
3.220911788940429688e+01
3.338859939575195312e+01
3.428061676025390625e+01
3.219675064086914062e+01
3.289739227294921875e+01
3.310079956054687500e+01
3.298175048828125000e+01
3.171671104431152344e+01
3.152220153808593750e+01
3.075123786926269531e+01
3.175889015197753906e+01
3.119535446166992188e+01
3.177326202392578125e+01
3.112389945983886719e+01
3.027681159973144531e+01
3.089294052124023438e+01
3.101945686340332031e+01
3.246896362304687500e+01
3.123550605773925781e+01
3.212940216064453125e+01
3.186757850646972656e+01
3.214872360229492188e+01
3.091555786132812500e+01
3.152486801147460938e+01
3.121910476684570312e+01
3.095337677001953125e+01
3.109953117370605469e+01
3.151329612731933594e+01
3.114378929138183594e+01
3.177768135070800781e+01
3.139678955078125000e+01
3.067300796508789062e+01
3.122225570678710938e+01
3.040015411376953125e+01
3.154054069519042969e+01
3.043050003051757812e+01
3.004756546020507812e+01
3.027943801879882812e+01
3.030384063720703125e+01
3.023920249938964844e+01
3.113472175598144531e+01
3.008019447326660156e+01
3.029514503479003906e+01
3.107625007629394531e+01
3.037631797790527344e+01
3.125170898437500000e+01
3.131961059570312500e+01
3.054278945922851562e+01
3.157830810546875000e+01
3.166784095764160156e+01
3.106950759887695312e+01
3.069555282592773438e+01
3.047899627685546875e+01
3.153972816467285156e+01
3.181602287292480469e+01
3.107656860351562500e+01
2.987896728515625000e+01
3.099052619934082031e+01
3.043320274353027344e+01
3.119096565246582031e+01
3.049933624267578125e+01
3.019350624084472656e+01
3.158022689819335938e+01
3.010557174682617188e+01
3.062672424316406250e+01
3.112924575805664062e+01
3.140053939819335938e+01
3.140418434143066406e+01
3.172228240966796875e+01
3.093741416931152344e+01
3.121020317077636719e+01
3.257965087890625000e+01
3.196003150939941406e+01
3.176769256591796875e+01
3.191073608398437500e+01
3.147842025756835938e+01
3.140291213989257812e+01
3.089822578430175781e+01
3.044618034362792969e+01
3.158576583862304688e+01
3.049017143249511719e+01
3.162521362304687500e+01
3.112782478332519531e+01
3.167920303344726562e+01
3.175905418395996094e+01
3.055935859680175781e+01
3.151336860656738281e+01
3.107176589965820312e+01
3.142297554016113281e+01
3.136784934997558594e+01
3.135369110107421875e+01
3.129108619689941406e+01
3.123578834533691406e+01
3.209404754638671875e+01
3.126637268066406250e+01
3.089282798767089844e+01
3.041099166870117188e+01
3.138217544555664062e+01
3.119731140136718750e+01
3.167714881896972656e+01
3.105905914306640625e+01
3.149452209472656250e+01
3.148656272888183594e+01
3.179305076599121094e+01
3.126294898986816406e+01
3.149096488952636719e+01
3.183621597290039062e+01
3.092383956909179688e+01
3.100906562805175781e+01
3.101150894165039062e+01
3.146020317077636719e+01
3.104082870483398438e+01
3.108631515502929688e+01
3.043993377685546875e+01
3.031942939758300781e+01
3.061542129516601562e+01
3.088735389709472656e+01
3.064406585693359375e+01
3.039830017089843750e+01
3.116381263732910156e+01
3.010671997070312500e+01
3.079551506042480469e+01
3.051309394836425781e+01
3.027467155456542969e+01
3.101732826232910156e+01
3.076587486267089844e+01
3.078231430053710938e+01
3.079611015319824219e+01
3.100625991821289062e+01
3.040758132934570312e+01
3.154620170593261719e+01
3.092964935302734375e+01
3.027795982360839844e+01
3.042313957214355469e+01
3.049602890014648438e+01
3.057198905944824219e+01
3.058733177185058594e+01
3.023960876464843750e+01
3.057619476318359375e+01
3.057309722900390625e+01
3.073333168029785156e+01
3.068557929992675781e+01
3.062490463256835938e+01
2.988055038452148438e+01
3.009628868103027344e+01
3.005364799499511719e+01
3.014353179931640625e+01
2.957768440246582031e+01
2.976321983337402344e+01
2.982038307189941406e+01
2.940713691711425781e+01
2.939605712890625000e+01
2.884911346435546875e+01
2.957307243347167969e+01
2.927528190612792969e+01
2.894978523254394531e+01
2.921868705749511719e+01
2.927013587951660156e+01
2.880482864379882812e+01
2.923578262329101562e+01
2.922630500793457031e+01
2.893358039855957031e+01
2.906606292724609375e+01
2.921678924560546875e+01
2.920533370971679688e+01
2.868878364562988281e+01
3.028195953369140625e+01
2.958820724487304688e+01
2.949848175048828125e+01
3.018277740478515625e+01
2.904385375976562500e+01
2.882216262817382812e+01
2.900704383850097656e+01
2.855716133117675781e+01
2.927373123168945312e+01
2.866613578796386719e+01
2.917258453369140625e+01
2.878801918029785156e+01
2.860200881958007812e+01
2.938151931762695312e+01
2.851998519897460938e+01
2.978119087219238281e+01
2.935899162292480469e+01
2.975048828125000000e+01
2.945182800292968750e+01
2.986644744873046875e+01
2.973955726623535156e+01
2.992741012573242188e+01
2.973174285888671875e+01
2.969122314453125000e+01
3.012287712097167969e+01
2.888617324829101562e+01
2.873830032348632812e+01
2.859103393554687500e+01
2.898586273193359375e+01
2.860587120056152344e+01
2.981361389160156250e+01
2.833755111694335938e+01
2.904728126525878906e+01
2.907846450805664062e+01
2.913466644287109375e+01
2.828686332702636719e+01
2.927375411987304688e+01
2.919712638854980469e+01
2.875025367736816406e+01
2.994753837585449219e+01
2.952200317382812500e+01
3.065304565429687500e+01
3.016312026977539062e+01
2.947144508361816406e+01
2.936408805847167969e+01
3.025893402099609375e+01
3.055354690551757812e+01
3.079574394226074219e+01
2.994765281677246094e+01
3.053841781616210938e+01
3.072887039184570312e+01
3.093134117126464844e+01
3.088240623474121094e+01
3.085028076171875000e+01
3.067601585388183594e+01
3.102467918395996094e+01
3.041908836364746094e+01
3.050480079650878906e+01
3.026711273193359375e+01
3.041040229797363281e+01
3.032589149475097656e+01
2.908815956115722656e+01
3.018319511413574219e+01
3.010265350341796875e+01
2.968595695495605469e+01
3.057592010498046875e+01
3.014305114746093750e+01
3.106269073486328125e+01
3.069220161437988281e+01
3.127032852172851562e+01
3.014480781555175781e+01
3.007141494750976562e+01
2.947754287719726562e+01
3.074253654479980469e+01
3.209169769287109375e+01
2.976321411132812500e+01
2.970057868957519531e+01
3.041095161437988281e+01
3.114941406250000000e+01
3.043749618530273438e+01
3.188179969787597656e+01
2.965492820739746094e+01
3.026320075988769531e+01
2.997509002685546875e+01
2.993884849548339844e+01
2.993233871459960938e+01
3.257198715209960938e+01
3.124547576904296875e+01
3.079411697387695312e+01
3.093791580200195312e+01
3.114754676818847656e+01
3.118028831481933594e+01
3.132242012023925781e+01
3.177280044555664062e+01
3.120041084289550781e+01
3.173048782348632812e+01
3.131104278564453125e+01
3.040772247314453125e+01
3.184384346008300781e+01
3.306761550903320312e+01
3.234973526000976562e+01
3.144643211364746094e+01
3.265294265747070312e+01
3.173286247253417969e+01
3.194603919982910156e+01
3.235189437866210938e+01
3.126136016845703125e+01
3.248855209350585938e+01
3.291397094726562500e+01
3.180446243286132812e+01
3.139054679870605469e+01
3.193600463867187500e+01
3.238332748413085938e+01
3.264945983886718750e+01
3.266553878784179688e+01
3.174974250793457031e+01
3.130358695983886719e+01
3.089064025878906250e+01
3.230212020874023438e+01
3.175426101684570312e+01
3.121158599853515625e+01
3.144828414916992188e+01
3.127682876586914062e+01
3.138313293457031250e+01
3.164742660522460938e+01
3.227265930175781250e+01
3.171531295776367188e+01
3.221045303344726562e+01
3.121456909179687500e+01
3.226343917846679688e+01
3.067219734191894531e+01
3.235095596313476562e+01
3.077703285217285156e+01
3.180186271667480469e+01
3.185468482971191406e+01
3.227890014648437500e+01
3.137204360961914062e+01
3.085404777526855469e+01
3.029372787475585938e+01
3.211637115478515625e+01
3.070227432250976562e+01
3.080285835266113281e+01
3.037685775756835938e+01
3.052619361877441406e+01
3.058146286010742188e+01
3.196223449707031250e+01
3.277525329589843750e+01
3.155567550659179688e+01
3.138121414184570312e+01
3.373811340332031250e+01
3.201804733276367188e+01
3.207008361816406250e+01
3.192154312133789062e+01
3.104816818237304688e+01
3.082611656188964844e+01
3.217369842529296875e+01
3.186455917358398438e+01
3.272674560546875000e+01
3.269757461547851562e+01
3.246397399902343750e+01
3.291744232177734375e+01
3.190338706970214844e+01
3.151068115234375000e+01
3.334088897705078125e+01
3.250560379028320312e+01
3.322543716430664062e+01
3.246602630615234375e+01
3.125916481018066406e+01
3.200314712524414062e+01
3.387895965576171875e+01
3.264483261108398438e+01
3.071453094482421875e+01
3.050911712646484375e+01
3.110522270202636719e+01
3.146548080444335938e+01
3.239640808105468750e+01
3.204566955566406250e+01
3.212263107299804688e+01
3.305324935913085938e+01
3.399160385131835938e+01
3.314238357543945312e+01
3.395235443115234375e+01
3.293758392333984375e+01
3.245959854125976562e+01
3.165916442871093750e+01
3.236214828491210938e+01
3.228161239624023438e+01
3.183337783813476562e+01
3.126434898376464844e+01
3.271005249023437500e+01
3.079556083679199219e+01
3.083431625366210938e+01
3.079364395141601562e+01
3.068795013427734375e+01
3.091906166076660156e+01
3.063611412048339844e+01
3.264868927001953125e+01
3.171148490905761719e+01
3.159808540344238281e+01
3.215928268432617188e+01
3.254188537597656250e+01
3.154451751708984375e+01
3.120890617370605469e+01
3.336565780639648438e+01
3.340575027465820312e+01
3.188148880004882812e+01
3.255079650878906250e+01
3.179704284667968750e+01
3.129908561706542969e+01
3.178578948974609375e+01
3.184362411499023438e+01
3.172225379943847656e+01
3.226725006103515625e+01
3.152340316772460938e+01
3.221128845214843750e+01
3.133313751220703125e+01
3.187443351745605469e+01
3.353806304931640625e+01
3.261111068725585938e+01
3.272383117675781250e+01
3.318299865722656250e+01
3.345125579833984375e+01
3.233313751220703125e+01
3.377582931518554688e+01
3.301853942871093750e+01
3.419237518310546875e+01
3.348929595947265625e+01
3.489202499389648438e+01
3.297752380371093750e+01
3.276932907104492188e+01
3.339943695068359375e+01
3.272788238525390625e+01
3.466286849975585938e+01
3.505900573730468750e+01
3.581979370117187500e+01
3.432361984252929688e+01
3.411063385009765625e+01
3.521717071533203125e+01
3.533119583129882812e+01
3.528531265258789062e+01
3.676408386230468750e+01
3.515764999389648438e+01
3.668798065185546875e+01
3.681145477294921875e+01
3.804075241088867188e+01
4.008834457397460938e+01
4.201853561401367188e+01
4.183385467529296875e+01
4.452293395996093750e+01
4.564157867431640625e+01
4.728464126586914062e+01
5.103281402587890625e+01
5.133558654785156250e+01
5.235723495483398438e+01
5.494396209716796875e+01
5.294164276123046875e+01
5.728239440917968750e+01
6.067259216308593750e+01
6.250391387939453125e+01
6.674368286132812500e+01
6.380028152465820312e+01
6.843557739257812500e+01
6.923034667968750000e+01
7.132538604736328125e+01
7.283222198486328125e+01
7.948897552490234375e+01
7.590650177001953125e+01
7.205179595947265625e+01
7.040370178222656250e+01
6.882220458984375000e+01
6.923142242431640625e+01
6.709238433837890625e+01
7.144347381591796875e+01
7.199994659423828125e+01
7.275040435791015625e+01
7.096211242675781250e+01
7.458135223388671875e+01
7.253379058837890625e+01
7.073660278320312500e+01
7.236965179443359375e+01
7.249562072753906250e+01
7.100784301757812500e+01
6.576699829101562500e+01
6.286935806274414062e+01
6.186914443969726562e+01
6.328102493286132812e+01
5.880010986328125000e+01
5.980300903320312500e+01
5.747932815551757812e+01
5.423851013183593750e+01
5.311714935302734375e+01
5.276238250732421875e+01
5.200970458984375000e+01
5.105337905883789062e+01
5.153033065795898438e+01
5.248574829101562500e+01
5.356878280639648438e+01
5.351425933837890625e+01
5.467719268798828125e+01
5.404430389404296875e+01
5.389783859252929688e+01
5.377314758300781250e+01
5.163893127441406250e+01
5.217619323730468750e+01
5.185210800170898438e+01
5.303410339355468750e+01
5.170226669311523438e+01
5.068716430664062500e+01
5.126725387573242188e+01
4.909031677246093750e+01
5.014945220947265625e+01
5.093358993530273438e+01
4.860341262817382812e+01
4.870817184448242188e+01
4.971278381347656250e+01
4.888804626464843750e+01
4.757685852050781250e+01
4.909666442871093750e+01
4.979295349121093750e+01
4.861443710327148438e+01
4.725471115112304688e+01
4.763694000244140625e+01
4.601388168334960938e+01
4.639102935791015625e+01
4.622789764404296875e+01
4.621267318725585938e+01
4.504323196411132812e+01
4.565560913085937500e+01
4.471435928344726562e+01
4.352422714233398438e+01
4.540554809570312500e+01
4.721861648559570312e+01
4.354662704467773438e+01
4.595235824584960938e+01
4.357149887084960938e+01
4.438843917846679688e+01
4.542985916137695312e+01
4.165858459472656250e+01
4.220682525634765625e+01
4.083201599121093750e+01
4.208435058593750000e+01
4.282772827148437500e+01
4.306678009033203125e+01
4.251179504394531250e+01
4.156890487670898438e+01
4.175166320800781250e+01
4.376399993896484375e+01
4.247008132934570312e+01
4.140184020996093750e+01
4.214336776733398438e+01
4.147527313232421875e+01
4.132529067993164062e+01
4.253228378295898438e+01
4.105116271972656250e+01
4.005838012695312500e+01
4.010693740844726562e+01
4.117889022827148438e+01
3.928341293334960938e+01
