1.259175837039947510e-01
6.165221333503723145e-01
2.412594079971313477e+00
1.386908888816833496e+00
1.309415698051452637e+00
1.278545141220092773e+00
1.347860813140869141e+00
1.382360458374023438e+00
1.388726115226745605e+00
1.703421115875244141e+00
1.612040042877197266e+00
1.631595969200134277e+00
1.801984906196594238e+00
1.805745005607604980e+00
1.854866266250610352e+00
2.036224603652954102e+00
2.161428213119506836e+00
2.099266529083251953e+00
2.076956748962402344e+00
2.078993558883666992e+00
2.103400468826293945e+00
2.134841680526733398e+00
2.506588459014892578e+00
2.409537553787231445e+00
2.436281204223632812e+00
2.350856065750122070e+00
2.696848154067993164e+00
2.712748050689697266e+00
7.706852436065673828e+00
3.361319780349731445e+00
2.961757898330688477e+00
2.944151401519775391e+00
2.812679529190063477e+00
2.739565849304199219e+00
2.947563648223876953e+00
2.832633972167968750e+00
2.964855909347534180e+00
3.146605491638183594e+00
3.171024322509765625e+00
3.106431961059570312e+00
3.229824781417846680e+00
3.210501909255981445e+00
3.265524864196777344e+00
3.273580551147460938e+00
3.300383329391479492e+00
3.551202058792114258e+00
3.521344661712646484e+00
3.793705224990844727e+00
3.681532144546508789e+00
3.704388141632080078e+00
3.880642652511596680e+00
4.050497531890869141e+00
4.153447151184082031e+00
4.314073085784912109e+00
4.546225547790527344e+00
4.673052787780761719e+00
4.646697521209716797e+00
4.754167079925537109e+00
4.917827606201171875e+00
5.037019729614257812e+00
5.173925399780273438e+00
5.337055683135986328e+00
5.493946075439453125e+00
5.705955028533935547e+00
5.908564567565917969e+00
6.060980319976806641e+00
6.379588127136230469e+00
6.652049541473388672e+00
6.771049499511718750e+00
6.982664585113525391e+00
7.119297027587890625e+00
7.359808444976806641e+00
7.537620067596435547e+00
7.741145610809326172e+00
8.010281562805175781e+00
8.279807090759277344e+00
8.210253715515136719e+00
8.392488479614257812e+00
8.465863227844238281e+00
8.702535629272460938e+00
8.779513359069824219e+00
8.603131294250488281e+00
8.687419891357421875e+00
8.713270187377929688e+00
8.768867492675781250e+00
9.167463302612304688e+00
8.969892501831054688e+00
9.023633003234863281e+00
9.184293746948242188e+00
9.079306602478027344e+00
9.162614822387695312e+00
9.024554252624511719e+00
9.248770713806152344e+00
9.159126281738281250e+00
9.294383049011230469e+00
9.117111206054687500e+00
9.169766426086425781e+00
9.217507362365722656e+00
9.297987937927246094e+00
9.148286819458007812e+00
9.480561256408691406e+00
9.508371353149414062e+00
9.289945602416992188e+00
9.162998199462890625e+00
9.389861106872558594e+00
9.441576957702636719e+00
9.272983551025390625e+00
9.339992523193359375e+00
9.262417793273925781e+00
9.391243934631347656e+00
9.252658843994140625e+00
9.319718360900878906e+00
9.544306755065917969e+00
9.290721893310546875e+00
9.453282356262207031e+00
9.452896118164062500e+00
9.256289482116699219e+00
9.570688247680664062e+00
9.358102798461914062e+00
9.423737525939941406e+00
9.458320617675781250e+00
9.529989242553710938e+00
9.555856704711914062e+00
9.549123764038085938e+00
9.609363555908203125e+00
9.562082290649414062e+00
9.571888923645019531e+00
9.576026916503906250e+00
9.577548980712890625e+00
9.540307044982910156e+00
9.630171775817871094e+00
9.684697151184082031e+00
9.560617446899414062e+00
9.707217216491699219e+00
9.593014717102050781e+00
9.556636810302734375e+00
9.600271224975585938e+00
9.749081611633300781e+00
9.518361091613769531e+00
9.635487556457519531e+00
9.653054237365722656e+00
9.765999794006347656e+00
9.772631645202636719e+00
9.705115318298339844e+00
9.880166053771972656e+00
9.773580551147460938e+00
9.898930549621582031e+00
9.973869323730468750e+00
9.989199638366699219e+00
9.927868843078613281e+00
1.001507854461669922e+01
9.987619400024414062e+00
1.011838912963867188e+01
1.015900611877441406e+01
1.021123790740966797e+01
1.029250812530517578e+01
1.014121913909912109e+01
1.024071884155273438e+01
1.028910732269287109e+01
1.037467765808105469e+01
1.038786602020263672e+01
1.039739418029785156e+01
1.060434532165527344e+01
1.052340221405029297e+01
1.101745319366455078e+01
1.094143009185791016e+01
1.126179313659667969e+01
1.128131484985351562e+01
1.105703735351562500e+01
1.106105136871337891e+01
1.112983417510986328e+01
1.099807167053222656e+01
1.123591423034667969e+01
1.129407310485839844e+01
1.133776378631591797e+01
1.147801017761230469e+01
1.145711231231689453e+01
1.132127857208251953e+01
1.151766395568847656e+01
1.148409175872802734e+01
1.158645725250244141e+01
1.162804889678955078e+01
1.183001136779785156e+01
1.158819007873535156e+01
1.166449737548828125e+01
1.179942417144775391e+01
1.193770313262939453e+01
1.215765571594238281e+01
1.193221092224121094e+01
1.188851165771484375e+01
1.179927921295166016e+01
1.189284896850585938e+01
1.203361129760742188e+01
1.202572631835937500e+01
1.197224712371826172e+01
1.216033744812011719e+01
1.215580081939697266e+01
1.223082637786865234e+01
1.214262771606445312e+01
1.248912525177001953e+01
1.260716819763183594e+01
1.264756107330322266e+01
1.273437309265136719e+01
1.271249008178710938e+01
1.277709770202636719e+01
1.270201969146728516e+01
1.301503086090087891e+01
1.281920909881591797e+01
1.294609928131103516e+01
1.290105438232421875e+01
1.322584438323974609e+01
1.343478584289550781e+01
1.324970436096191406e+01
1.358393573760986328e+01
1.352936363220214844e+01
1.385083675384521484e+01
1.372007179260253906e+01
1.401069355010986328e+01
1.418247890472412109e+01
1.392091274261474609e+01
1.455756092071533203e+01
1.429989051818847656e+01
1.470061779022216797e+01
1.487608623504638672e+01
1.525105667114257812e+01
1.536296749114990234e+01
1.559474945068359375e+01
1.579467296600341797e+01
1.572559356689453125e+01
1.616062164306640625e+01
1.613800430297851562e+01
1.658573532104492188e+01
1.695996093750000000e+01
1.722883796691894531e+01
1.759125709533691406e+01
1.792037582397460938e+01
1.798013687133789062e+01
1.827420616149902344e+01
1.846392440795898438e+01
1.982794189453125000e+01
1.972780799865722656e+01
1.974494171142578125e+01
2.033767890930175781e+01
2.055388259887695312e+01
2.064206886291503906e+01
2.063019561767578125e+01
2.102907752990722656e+01
2.081331253051757812e+01
2.118194770812988281e+01
2.143338584899902344e+01
2.124589538574218750e+01
2.111116409301757812e+01
2.156369972229003906e+01
2.178539848327636719e+01
2.200231170654296875e+01
2.210634803771972656e+01
2.209842491149902344e+01
2.238373756408691406e+01
2.243420219421386719e+01
2.268311309814453125e+01
2.295461654663085938e+01
2.293584632873535156e+01
2.337137031555175781e+01
2.273897171020507812e+01
2.324961662292480469e+01
2.356992149353027344e+01
2.356956672668457031e+01
2.350851058959960938e+01
2.393212890625000000e+01
2.344814682006835938e+01
2.346933174133300781e+01
2.376738166809082031e+01
2.371230506896972656e+01
2.349505615234375000e+01
2.355371856689453125e+01
2.361080551147460938e+01
2.340180015563964844e+01
2.264694595336914062e+01
2.318465042114257812e+01
2.307056617736816406e+01
2.286755561828613281e+01
2.274205398559570312e+01
2.277335548400878906e+01
2.318401527404785156e+01
2.328027343750000000e+01
2.307785034179687500e+01
2.344876098632812500e+01
2.294802856445312500e+01
2.288953208923339844e+01
2.279248809814453125e+01
2.300709724426269531e+01
2.282854843139648438e+01
2.246418190002441406e+01
2.274703979492187500e+01
2.284904479980468750e+01
2.273314094543457031e+01
2.328490066528320312e+01
2.317316055297851562e+01
2.246730232238769531e+01
2.316654777526855469e+01
2.282198905944824219e+01
2.279489135742187500e+01
2.290690231323242188e+01
2.290747261047363281e+01
2.259657096862792969e+01
2.300223922729492188e+01
2.279762840270996094e+01
2.270789909362792969e+01
2.261467933654785156e+01
2.220542907714843750e+01
2.265836524963378906e+01
2.252233505249023438e+01
2.251587104797363281e+01
2.244157981872558594e+01
2.273383522033691406e+01
2.317110633850097656e+01
2.319833183288574219e+01
2.306333923339843750e+01
2.294973373413085938e+01
2.264275360107421875e+01
2.342672348022460938e+01
2.297974586486816406e+01
2.268542861938476562e+01
2.313633728027343750e+01
2.235589790344238281e+01
2.244398880004882812e+01
2.243587493896484375e+01
2.251323509216308594e+01
2.262026977539062500e+01
2.266980171203613281e+01
2.214156723022460938e+01
2.218559455871582031e+01
2.221836280822753906e+01
2.251632118225097656e+01
2.230530166625976562e+01
2.216392898559570312e+01
2.281010627746582031e+01
2.244699668884277344e+01
2.298146820068359375e+01
2.266729736328125000e+01
2.286380195617675781e+01
2.292984580993652344e+01
2.299050331115722656e+01
2.307190322875976562e+01
2.308012962341308594e+01
2.270224952697753906e+01
2.332628822326660156e+01
2.281856155395507812e+01
2.330315208435058594e+01
2.287946128845214844e+01
2.292007446289062500e+01
2.277451896667480469e+01
2.276138305664062500e+01
2.290912818908691406e+01
2.237909317016601562e+01
2.313311004638671875e+01
2.286573028564453125e+01
2.261373519897460938e+01
2.286944961547851562e+01
2.240209388732910156e+01
2.252991104125976562e+01
2.307063674926757812e+01
2.303936386108398438e+01
2.288038253784179688e+01
2.278726387023925781e+01
2.257494354248046875e+01
2.265085411071777344e+01
2.228318786621093750e+01
2.262501144409179688e+01
2.272388648986816406e+01
2.245060157775878906e+01
2.227554893493652344e+01
2.235824394226074219e+01
2.221663284301757812e+01
2.241089439392089844e+01
2.233792495727539062e+01
2.246089363098144531e+01
2.250436019897460938e+01
2.213721847534179688e+01
2.230157470703125000e+01
2.250264358520507812e+01
2.173616027832031250e+01
2.151446533203125000e+01
2.168197441101074219e+01
2.159046173095703125e+01
2.170989418029785156e+01
2.146290016174316406e+01
2.183536720275878906e+01
2.175268936157226562e+01
2.120764732360839844e+01
2.122450828552246094e+01
2.162338256835937500e+01
2.157743835449218750e+01
2.110794639587402344e+01
2.034683227539062500e+01
2.099472236633300781e+01
2.147147941589355469e+01
2.104841613769531250e+01
2.140257263183593750e+01
2.120802497863769531e+01
2.144062042236328125e+01
2.074975013732910156e+01
2.146358680725097656e+01
2.129077339172363281e+01
2.160619163513183594e+01
2.106126594543457031e+01
2.108174133300781250e+01
2.130902099609375000e+01
2.118647575378417969e+01
2.132350349426269531e+01
2.110025978088378906e+01
2.129916572570800781e+01
2.153095436096191406e+01
2.131535339355468750e+01
2.159090995788574219e+01
2.129800415039062500e+01
2.153128814697265625e+01
2.141431617736816406e+01
2.137890625000000000e+01
2.189927101135253906e+01
2.163339424133300781e+01
2.174555015563964844e+01
2.151144599914550781e+01
2.142830467224121094e+01
2.167462539672851562e+01
2.186758995056152344e+01
2.169358634948730469e+01
2.182700729370117188e+01
2.167399978637695312e+01
2.221854782104492188e+01
2.163344573974609375e+01
2.178943824768066406e+01
2.183804702758789062e+01
2.238397598266601562e+01
2.238354301452636719e+01
2.269380950927734375e+01
2.286955642700195312e+01
2.237025642395019531e+01
2.179337882995605469e+01
2.224533843994140625e+01
2.260541725158691406e+01
2.250234413146972656e+01
2.224093437194824219e+01
2.195316123962402344e+01
2.233889198303222656e+01
2.231271934509277344e+01
2.189304733276367188e+01
2.203814888000488281e+01
2.172676467895507812e+01
2.207384300231933594e+01
2.211034584045410156e+01
2.215690231323242188e+01
2.188765144348144531e+01
2.214798736572265625e+01
2.307428932189941406e+01
2.260327720642089844e+01
2.246045303344726562e+01
2.256829071044921875e+01
2.242825126647949219e+01
2.238221740722656250e+01
2.267523384094238281e+01
2.250400924682617188e+01
2.275561332702636719e+01
2.199535942077636719e+01
2.299495124816894531e+01
2.227989387512207031e+01
2.273180007934570312e+01
2.284739112854003906e+01
2.288438224792480469e+01
2.316147994995117188e+01
2.296469306945800781e+01
2.254385757446289062e+01
2.265945625305175781e+01
2.295227432250976562e+01
2.300839042663574219e+01
2.350083160400390625e+01
2.375682830810546875e+01
2.362916946411132812e+01
2.310613059997558594e+01
2.340391540527343750e+01
2.310965156555175781e+01
2.397113990783691406e+01
2.352158737182617188e+01
2.329613685607910156e+01
2.304681587219238281e+01
2.365059852600097656e+01
2.367171859741210938e+01
2.402670669555664062e+01
2.351519203186035156e+01
2.364316368103027344e+01
2.342334747314453125e+01
2.362924194335937500e+01
2.368968772888183594e+01
2.389376831054687500e+01
2.420189476013183594e+01
2.409912109375000000e+01
2.423553848266601562e+01
2.461477851867675781e+01
2.422388648986816406e+01
2.386520385742187500e+01
2.391779708862304688e+01
2.390279579162597656e+01
2.423580169677734375e+01
2.496987915039062500e+01
2.456410026550292969e+01
2.463668060302734375e+01
2.451383209228515625e+01
2.471751785278320312e+01
2.536659812927246094e+01
2.509442901611328125e+01
2.566489791870117188e+01
2.493660545349121094e+01
2.551653480529785156e+01
2.518191146850585938e+01
2.442733764648437500e+01
2.572048377990722656e+01
2.548676109313964844e+01
2.510254859924316406e+01
2.498418807983398438e+01
2.461179733276367188e+01
2.523219108581542969e+01
2.473853874206542969e+01
2.480752754211425781e+01
2.498660469055175781e+01
2.509443664550781250e+01
2.507073974609375000e+01
2.542562103271484375e+01
2.476739311218261719e+01
2.454173278808593750e+01
2.513946151733398438e+01
2.501067924499511719e+01
2.445133590698242188e+01
2.481925392150878906e+01
2.456398391723632812e+01
2.508257675170898438e+01
2.480735588073730469e+01
2.434794998168945312e+01
2.481954193115234375e+01
2.453931427001953125e+01
2.526826667785644531e+01
2.500501632690429688e+01
2.498986434936523438e+01
2.545639801025390625e+01
2.416789054870605469e+01
2.427079582214355469e+01
2.511098098754882812e+01
2.489141464233398438e+01
2.469101715087890625e+01
2.477543449401855469e+01
2.466890907287597656e+01
2.485929298400878906e+01
2.493559646606445312e+01
2.419135856628417969e+01
2.449926376342773438e+01
2.483544349670410156e+01
2.436876869201660156e+01
2.493550872802734375e+01
2.505328941345214844e+01
2.478982734680175781e+01
2.479323196411132812e+01
2.431381225585937500e+01
2.432768821716308594e+01
2.512332916259765625e+01
2.421460151672363281e+01
2.447506332397460938e+01
2.504050064086914062e+01
2.526099586486816406e+01
2.473926544189453125e+01
2.477643966674804688e+01
2.476114273071289062e+01
2.512134742736816406e+01
2.445638847351074219e+01
2.502433776855468750e+01
2.496992492675781250e+01
2.442167282104492188e+01
2.430344581604003906e+01
2.432028198242187500e+01
2.436858940124511719e+01
2.524583053588867188e+01
2.524116706848144531e+01
2.523838043212890625e+01
2.487078094482421875e+01
2.526064109802246094e+01
2.450982475280761719e+01
2.453750991821289062e+01
2.541195678710937500e+01
2.454200744628906250e+01
2.465422630310058594e+01
2.481080818176269531e+01
2.548778343200683594e+01
2.519325828552246094e+01
2.481113815307617188e+01
2.452985572814941406e+01
2.472289848327636719e+01
2.482647323608398438e+01
2.515695190429687500e+01
2.528562545776367188e+01
2.519168663024902344e+01
2.549282836914062500e+01
2.523472976684570312e+01
2.554946136474609375e+01
2.475156974792480469e+01
2.444965171813964844e+01
2.465608596801757812e+01
2.427478218078613281e+01
2.604951667785644531e+01
2.607090950012207031e+01
2.533298492431640625e+01
2.531475448608398438e+01
2.586062049865722656e+01
2.620626640319824219e+01
2.533712959289550781e+01
2.509133911132812500e+01
2.571564483642578125e+01
2.586075019836425781e+01
2.513626480102539062e+01
2.568398094177246094e+01
2.550109291076660156e+01
2.595721054077148438e+01
2.591389083862304688e+01
2.610781478881835938e+01
2.595510482788085938e+01
2.635319709777832031e+01
2.584422302246093750e+01
2.672905921936035156e+01
2.619990539550781250e+01
2.537580490112304688e+01
2.636299133300781250e+01
2.704664611816406250e+01
2.641443443298339844e+01
2.703536224365234375e+01
2.738088989257812500e+01
2.856493377685546875e+01
2.650013732910156250e+01
2.704484939575195312e+01
2.692863464355468750e+01
2.793732452392578125e+01
2.728155517578125000e+01
2.746053695678710938e+01
2.846673393249511719e+01
2.775652694702148438e+01
2.676622962951660156e+01
2.712317085266113281e+01
2.751545715332031250e+01
2.731303405761718750e+01
2.663385963439941406e+01
2.777824020385742188e+01
2.764838218688964844e+01
2.754164886474609375e+01
2.708188438415527344e+01
2.727666473388671875e+01
2.805437278747558594e+01
2.733051109313964844e+01
2.790721893310546875e+01
2.790920639038085938e+01
2.760612678527832031e+01
2.761578178405761719e+01
2.769215583801269531e+01
2.739329910278320312e+01
2.722504615783691406e+01
2.722652816772460938e+01
2.711912155151367188e+01
2.728221893310546875e+01
2.736104774475097656e+01
2.685119438171386719e+01
2.615595626831054688e+01
2.627515983581542969e+01
2.635770988464355469e+01
2.561615753173828125e+01
2.646762847900390625e+01
2.666794967651367188e+01
2.590642547607421875e+01
2.655685997009277344e+01
2.677503967285156250e+01
2.618193244934082031e+01
2.595890426635742188e+01
2.575358963012695312e+01
2.585704612731933594e+01
2.603444671630859375e+01
2.560495185852050781e+01
2.617849922180175781e+01
2.611157035827636719e+01
2.576358795166015625e+01
2.615748786926269531e+01
2.553420257568359375e+01
2.507949638366699219e+01
2.549508285522460938e+01
2.587545967102050781e+01
2.565648841857910156e+01
2.643529701232910156e+01
2.603897666931152344e+01
2.654172706604003906e+01
2.641316413879394531e+01
2.616697692871093750e+01
2.686082458496093750e+01
2.704500770568847656e+01
2.713143539428710938e+01
2.639389801025390625e+01
2.597690963745117188e+01
2.703596305847167969e+01
2.607230949401855469e+01
2.583338356018066406e+01
2.634000778198242188e+01
2.616867256164550781e+01
2.592177772521972656e+01
2.591542816162109375e+01
2.560652923583984375e+01
2.675833892822265625e+01
2.584461784362792969e+01
2.604555511474609375e+01
2.653652000427246094e+01
2.623148918151855469e+01
2.533230400085449219e+01
2.616047668457031250e+01
2.561206626892089844e+01
2.567825317382812500e+01
2.537747573852539062e+01
2.541558074951171875e+01
2.627767181396484375e+01
2.546840095520019531e+01
2.623077392578125000e+01
2.509886169433593750e+01
2.475372505187988281e+01
2.526416397094726562e+01
2.536367797851562500e+01
2.479378318786621094e+01
2.478994941711425781e+01
2.494131469726562500e+01
2.519425964355468750e+01
2.479694938659667969e+01
2.557774353027343750e+01
2.425502014160156250e+01
2.495461654663085938e+01
2.489951133728027344e+01
2.490772628784179688e+01
2.462444877624511719e+01
2.469700431823730469e+01
2.422868347167968750e+01
2.431132125854492188e+01
2.480623817443847656e+01
2.391432762145996094e+01
2.405937385559082031e+01
2.440084075927734375e+01
2.353250122070312500e+01
2.389321136474609375e+01
2.333186340332031250e+01
2.450755882263183594e+01
2.409695816040039062e+01
2.359045791625976562e+01
2.380769538879394531e+01
2.364560890197753906e+01
2.374918365478515625e+01
2.448963356018066406e+01
2.315911293029785156e+01
2.355164909362792969e+01
2.302414512634277344e+01
2.315155982971191406e+01
2.340193748474121094e+01
2.302524948120117188e+01
2.318538475036621094e+01
2.349470710754394531e+01
2.284273147583007812e+01
2.285547256469726562e+01
2.291453170776367188e+01
2.295844459533691406e+01
2.329213905334472656e+01
2.264505767822265625e+01
2.258935928344726562e+01
2.299123001098632812e+01
2.262199401855468750e+01
2.291680145263671875e+01
2.270514297485351562e+01
2.259417152404785156e+01
2.278295898437500000e+01
2.241806221008300781e+01
2.271296119689941406e+01
2.242704010009765625e+01
2.235889244079589844e+01
2.267349624633789062e+01
2.259417915344238281e+01
2.276439285278320312e+01
2.275612831115722656e+01
2.252616119384765625e+01
2.278250694274902344e+01
2.256675529479980469e+01
2.281217384338378906e+01
2.266955947875976562e+01
2.317752265930175781e+01
2.261001586914062500e+01
2.302170372009277344e+01
2.317501258850097656e+01
2.285648345947265625e+01
2.312740707397460938e+01
2.287966346740722656e+01
2.237921905517578125e+01
2.314535903930664062e+01
2.321001052856445312e+01
2.342897415161132812e+01
2.283610153198242188e+01
2.273761749267578125e+01
2.331403923034667969e+01
2.314617919921875000e+01
2.311106491088867188e+01
2.311144447326660156e+01
2.332732772827148438e+01
2.328018379211425781e+01
2.320535469055175781e+01
2.324437904357910156e+01
2.331095695495605469e+01
2.353520393371582031e+01
2.316974067687988281e+01
2.313515281677246094e+01
2.322189140319824219e+01
2.366271209716796875e+01
2.382538604736328125e+01
2.409911727905273438e+01
2.463431358337402344e+01
2.430320739746093750e+01
2.448679351806640625e+01
2.496165847778320312e+01
2.503633117675781250e+01
2.459855270385742188e+01
2.449543762207031250e+01
2.490903472900390625e+01
2.567182731628417969e+01
2.570577621459960938e+01
2.541919136047363281e+01
2.482864379882812500e+01
2.518380928039550781e+01
2.479693794250488281e+01
2.587781715393066406e+01
2.526904869079589844e+01
2.543871879577636719e+01
2.564841079711914062e+01
2.564402770996093750e+01
2.543356323242187500e+01
2.566374397277832031e+01
2.574831199645996094e+01
2.546417617797851562e+01
2.578686141967773438e+01
2.574863243103027344e+01
2.570474624633789062e+01
2.644280815124511719e+01
2.704909133911132812e+01
2.684971046447753906e+01
2.611222839355468750e+01
2.677663993835449219e+01
2.672600364685058594e+01
2.720711898803710938e+01
2.709987449645996094e+01
2.721193695068359375e+01
2.674488258361816406e+01
2.798952674865722656e+01
2.766782379150390625e+01
2.755871009826660156e+01
2.790234565734863281e+01
2.805371475219726562e+01
2.794605827331542969e+01
2.780118942260742188e+01
2.849516105651855469e+01
2.807349777221679688e+01
2.813447189331054688e+01
2.825669479370117188e+01
2.790463829040527344e+01
2.793215751647949219e+01
2.860653686523437500e+01
2.826316642761230469e+01
2.866616630554199219e+01
2.784847068786621094e+01
2.883167648315429688e+01
2.823817253112792969e+01
2.820574188232421875e+01
2.856876945495605469e+01
2.833912658691406250e+01
2.866388130187988281e+01
2.850103187561035156e+01
2.793244171142578125e+01
2.810760879516601562e+01
2.840390968322753906e+01
2.821405792236328125e+01
2.843967628479003906e+01
2.818901062011718750e+01
2.819610595703125000e+01
2.867909240722656250e+01
2.911271858215332031e+01
2.786578178405761719e+01
2.854336357116699219e+01
2.847414588928222656e+01
2.856840324401855469e+01
2.861438179016113281e+01
2.842176628112792969e+01
2.912905502319335938e+01
2.889183998107910156e+01
2.817857551574707031e+01
2.817963218688964844e+01
2.810977363586425781e+01
2.802090072631835938e+01
2.837446784973144531e+01
2.823546218872070312e+01
2.834224128723144531e+01
2.865001678466796875e+01
2.857578849792480469e+01
2.800526237487792969e+01
2.835563278198242188e+01
2.828988265991210938e+01
2.864699554443359375e+01
2.818503952026367188e+01
2.864794158935546875e+01
2.880270767211914062e+01
2.867127037048339844e+01
2.903554344177246094e+01
2.862572097778320312e+01
2.914061737060546875e+01
2.889850234985351562e+01
2.944958877563476562e+01
2.915519142150878906e+01
2.906293296813964844e+01
2.951773834228515625e+01
3.011349678039550781e+01
2.979775238037109375e+01
2.907828712463378906e+01
2.878806114196777344e+01
2.943162155151367188e+01
2.878718757629394531e+01
2.860848999023437500e+01
2.915855598449707031e+01
2.933084297180175781e+01
2.964467620849609375e+01
2.989224052429199219e+01
2.864564514160156250e+01
2.901545715332031250e+01
2.924317741394042969e+01
2.937774658203125000e+01
2.930842781066894531e+01
2.876598930358886719e+01
2.963572311401367188e+01
2.967457008361816406e+01
2.948519325256347656e+01
2.982982826232910156e+01
2.979790687561035156e+01
2.968583488464355469e+01
2.979546165466308594e+01
2.970614433288574219e+01
2.934324264526367188e+01
2.980582809448242188e+01
3.040316772460937500e+01
3.053121948242187500e+01
3.013612556457519531e+01
3.077733612060546875e+01
3.004992103576660156e+01
3.078528213500976562e+01
2.986988639831542969e+01
2.999278450012207031e+01
2.995912551879882812e+01
3.049242210388183594e+01
3.076295280456542969e+01
3.070697212219238281e+01
3.141606521606445312e+01
3.083899307250976562e+01
3.162733078002929688e+01
3.121616554260253906e+01
3.115542602539062500e+01
3.191369819641113281e+01
3.193801879882812500e+01
3.204293823242187500e+01
3.186148834228515625e+01
3.194303131103515625e+01
3.339220428466796875e+01
3.218734741210937500e+01
3.189809226989746094e+01
3.259593200683593750e+01
3.283044052124023438e+01
3.142721939086914062e+01
3.246308517456054688e+01
3.262786483764648438e+01
3.226416397094726562e+01
3.228009796142578125e+01
3.152134895324707031e+01
3.112709426879882812e+01
3.207231521606445312e+01
3.186167144775390625e+01
3.220227813720703125e+01
3.179920196533203125e+01
3.242767333984375000e+01
3.273608398437500000e+01
3.229231262207031250e+01
3.255717849731445312e+01
3.305064773559570312e+01
3.243879699707031250e+01
3.313307189941406250e+01
3.249750518798828125e+01
3.193982696533203125e+01
3.215961074829101562e+01
3.213509368896484375e+01
3.266413497924804688e+01
3.294605636596679688e+01
3.305991363525390625e+01
3.359941482543945312e+01
3.306814956665039062e+01
3.342281341552734375e+01
3.330755615234375000e+01
3.339799880981445312e+01
3.392966461181640625e+01
3.270980072021484375e+01
3.332965469360351562e+01
3.292477798461914062e+01
3.363271713256835938e+01
3.307355117797851562e+01
3.346963882446289062e+01
3.347260284423828125e+01
3.441118621826171875e+01
3.360131072998046875e+01
3.340501403808593750e+01
3.386648559570312500e+01
3.355397033691406250e+01
3.316941452026367188e+01
3.562507629394531250e+01
3.522493743896484375e+01
3.520268630981445312e+01
3.511784362792968750e+01
3.565794372558593750e+01
3.535115814208984375e+01
3.507983016967773438e+01
3.538915634155273438e+01
3.517629241943359375e+01
3.494529724121093750e+01
3.463656616210937500e+01
3.574805831909179688e+01
3.594510269165039062e+01
3.596480178833007812e+01
3.521732711791992188e+01
3.574163436889648438e+01
3.518508529663085938e+01
3.577228164672851562e+01
3.517259597778320312e+01
3.537335968017578125e+01
3.557243347167968750e+01
3.536004638671875000e+01
3.582059097290039062e+01
3.601331329345703125e+01
3.550543975830078125e+01
3.652673721313476562e+01
3.603669357299804688e+01
3.574044799804687500e+01
3.616496276855468750e+01
3.553661727905273438e+01
3.574659347534179688e+01
3.658368682861328125e+01
3.556444549560546875e+01
3.514479064941406250e+01
3.529568099975585938e+01
3.632188034057617188e+01
3.570586013793945312e+01
3.577765655517578125e+01
3.551465606689453125e+01
3.500009918212890625e+01
3.509209823608398438e+01
3.520666885375976562e+01
3.463654327392578125e+01
3.569606399536132812e+01
3.509839248657226562e+01
3.525602722167968750e+01
3.463734436035156250e+01
3.540682983398437500e+01
3.436085891723632812e+01
3.510089874267578125e+01
3.523507308959960938e+01
3.536806106567382812e+01
3.473475646972656250e+01
3.486252212524414062e+01
3.531715393066406250e+01
3.787467956542968750e+01
3.713489151000976562e+01
3.726434707641601562e+01
3.744113540649414062e+01
3.642796707153320312e+01
3.664300155639648438e+01
3.730190658569335938e+01
3.633161163330078125e+01
3.703882598876953125e+01
3.674937438964843750e+01
3.726134490966796875e+01
3.600584411621093750e+01
3.579800796508789062e+01
3.562011718750000000e+01
3.541812896728515625e+01
3.569941329956054688e+01
3.607394790649414062e+01
3.626305007934570312e+01
3.624678039550781250e+01
3.680246734619140625e+01
3.666283798217773438e+01
3.611549377441406250e+01
3.659273529052734375e+01
3.605272674560546875e+01
3.722925186157226562e+01
3.707737350463867188e+01
3.622501373291015625e+01
3.705599212646484375e+01
3.713447570800781250e+01
3.630673599243164062e+01
3.666672897338867188e+01
3.663819503784179688e+01
3.820366287231445312e+01
3.757545852661132812e+01
3.742754364013671875e+01
3.767294311523437500e+01
3.707402801513671875e+01
3.734002304077148438e+01
3.774016952514648438e+01
3.690211105346679688e+01
3.785089492797851562e+01
3.692761993408203125e+01
3.716657638549804688e+01
3.676570129394531250e+01
3.725055313110351562e+01
3.782110214233398438e+01
3.811610794067382812e+01
3.670829391479492188e+01
3.917571640014648438e+01
3.801401519775390625e+01
3.843924331665039062e+01
3.814046096801757812e+01
3.764144897460937500e+01
3.921177673339843750e+01
3.805599594116210938e+01
3.895762634277343750e+01
3.879217910766601562e+01
3.858678054809570312e+01
3.826731872558593750e+01
3.901803970336914062e+01
3.981781387329101562e+01
3.891486358642578125e+01
3.896875762939453125e+01
3.915755844116210938e+01
3.901922607421875000e+01
3.817550659179687500e+01
3.839708709716796875e+01
3.790768432617187500e+01
3.850707626342773438e+01
3.818687057495117188e+01
3.775059509277343750e+01
3.834541320800781250e+01
3.726741409301757812e+01
3.742075729370117188e+01
3.709998321533203125e+01
3.645343780517578125e+01
3.711364364624023438e+01
3.707193374633789062e+01
3.739022064208984375e+01
3.670273971557617188e+01
3.775135421752929688e+01
3.757248306274414062e+01
3.786548995971679688e+01
3.872290802001953125e+01
3.774469375610351562e+01
3.746835327148437500e+01
3.797401428222656250e+01
3.847952270507812500e+01
3.824349594116210938e+01
3.736146926879882812e+01
3.919075012207031250e+01
3.948186111450195312e+01
3.945068740844726562e+01
3.840613174438476562e+01
3.774893569946289062e+01
3.888016510009765625e+01
3.811139678955078125e+01
3.897628021240234375e+01
3.823317718505859375e+01
3.839198303222656250e+01
3.843254470825195312e+01
3.807164001464843750e+01
3.798683547973632812e+01
3.946028137207031250e+01
3.835591888427734375e+01
3.821736145019531250e+01
3.835032653808593750e+01
3.791377639770507812e+01
3.906900787353515625e+01
3.894291305541992188e+01
3.930779647827148438e+01
3.852130889892578125e+01
3.882286071777343750e+01
3.862305831909179688e+01
3.845814895629882812e+01
3.914631652832031250e+01
4.003031158447265625e+01
4.032274246215820312e+01
3.946559524536132812e+01
3.925000762939453125e+01
3.899271011352539062e+01
3.960464859008789062e+01
3.931885528564453125e+01
3.957855606079101562e+01
3.916494369506835938e+01
4.005331420898437500e+01
3.910121917724609375e+01
3.951279067993164062e+01
3.975184249877929688e+01
3.922271728515625000e+01
3.892133712768554688e+01
4.021724319458007812e+01
3.982465744018554688e+01
3.967729187011718750e+01
3.865220260620117188e+01
3.927317810058593750e+01
3.923409652709960938e+01
3.956674194335937500e+01
3.990590667724609375e+01
4.022084808349609375e+01
3.957032012939453125e+01
3.986745071411132812e+01
3.912840652465820312e+01
3.869342041015625000e+01
3.830628585815429688e+01
3.923181533813476562e+01
3.904344940185546875e+01
3.963496017456054688e+01
3.936727523803710938e+01
4.013053131103515625e+01
3.905261230468750000e+01
3.954537582397460938e+01
3.948117065429687500e+01
3.974271392822265625e+01
4.022585296630859375e+01
3.917581176757812500e+01
4.060091018676757812e+01
3.974431228637695312e+01
4.193067932128906250e+01
4.241283416748046875e+01
4.006336593627929688e+01
4.049209976196289062e+01
4.001396179199218750e+01
4.076873397827148438e+01
4.006074523925781250e+01
4.034700775146484375e+01
4.121775817871093750e+01
3.979902648925781250e+01
4.042987823486328125e+01
4.037739181518554688e+01
4.139804077148437500e+01
4.014102935791015625e+01
4.123745346069335938e+01
4.054410934448242188e+01
4.068764877319335938e+01
4.090713882446289062e+01
4.043838500976562500e+01
4.030086517333984375e+01
4.001336669921875000e+01
3.960335922241210938e+01
3.967370986938476562e+01
4.057326889038085938e+01
3.982324218750000000e+01
3.986923980712890625e+01
4.020360183715820312e+01
4.037786865234375000e+01
3.962038421630859375e+01
3.985723495483398438e+01
3.960950088500976562e+01
3.990333175659179688e+01
3.905282211303710938e+01
3.971910858154296875e+01
3.941200256347656250e+01
3.978869628906250000e+01
3.919047927856445312e+01
3.951295089721679688e+01
3.944821548461914062e+01
3.937857055664062500e+01
3.876855087280273438e+01
3.941685867309570312e+01
3.914833450317382812e+01
3.853024291992187500e+01
3.895025253295898438e+01
3.829702377319335938e+01
3.922219085693359375e+01
3.856397628784179688e+01
3.865364074707031250e+01
3.843764495849609375e+01
3.900936889648437500e+01
3.961627578735351562e+01
3.852295303344726562e+01
3.828089904785156250e+01
3.892510604858398438e+01
3.796471786499023438e+01
3.868688964843750000e+01
3.815041732788085938e+01
3.768473815917968750e+01
3.866492843627929688e+01
3.868452453613281250e+01
3.808057785034179688e+01
3.947262573242187500e+01
3.829922103881835938e+01
3.882454681396484375e+01
3.890293121337890625e+01
3.812343597412109375e+01
3.853870391845703125e+01
3.893106079101562500e+01
3.851249694824218750e+01
3.787007141113281250e+01
3.716365051269531250e+01
3.987566375732421875e+01
3.943952941894531250e+01
3.871734237670898438e+01
3.947366714477539062e+01
3.897282028198242188e+01
4.078318023681640625e+01
4.001835632324218750e+01
4.007242202758789062e+01
3.954612350463867188e+01
3.941574096679687500e+01
3.948698425292968750e+01
3.899729156494140625e+01
3.887941360473632812e+01
3.892288970947265625e+01
3.866030120849609375e+01
3.929294586181640625e+01
4.040276718139648438e+01
4.057664489746093750e+01
4.074274063110351562e+01
4.060364913940429688e+01
4.040923690795898438e+01
4.124775695800781250e+01
4.212471389770507812e+01
4.143881225585937500e+01
3.965150451660156250e+01
4.109546661376953125e+01
4.072584152221679688e+01
3.991300201416015625e+01
4.053796768188476562e+01
4.001891326904296875e+01
4.023122406005859375e+01
3.971713256835937500e+01
4.019367980957031250e+01
4.055798339843750000e+01
3.993616104125976562e+01
3.964075469970703125e+01
3.985552597045898438e+01
4.019967269897460938e+01
4.035647964477539062e+01
4.137887954711914062e+01
3.998210144042968750e+01
3.954743957519531250e+01
3.924535751342773438e+01
3.904046249389648438e+01
3.937908554077148438e+01
4.028177261352539062e+01
3.979948043823242188e+01
3.939353561401367188e+01
3.889070129394531250e+01
3.993616485595703125e+01
3.978279113769531250e+01
3.962068176269531250e+01
3.893412399291992188e+01
3.905641555786132812e+01
3.926129150390625000e+01
3.985081863403320312e+01
3.827663421630859375e+01
3.907442855834960938e+01
4.021490097045898438e+01
3.890769195556640625e+01
3.907131958007812500e+01
3.880902481079101562e+01
3.904634857177734375e+01
3.851031875610351562e+01
3.915069961547851562e+01
3.895502471923828125e+01
3.901096725463867188e+01
3.924189758300781250e+01
3.940867614746093750e+01
3.943851852416992188e+01
3.956857681274414062e+01
4.066579437255859375e+01
4.040576553344726562e+01
3.948308563232421875e+01
4.136078643798828125e+01
4.096824645996093750e+01
4.070031356811523438e+01
3.998224258422851562e+01
4.051770401000976562e+01
4.076592254638671875e+01
4.050031280517578125e+01
4.025062561035156250e+01
4.094294357299804688e+01
4.027240753173828125e+01
4.041134262084960938e+01
3.942138290405273438e+01
4.036409378051757812e+01
4.175574111938476562e+01
4.177020263671875000e+01
4.104761505126953125e+01
4.069316101074218750e+01
4.067009353637695312e+01
4.117651748657226562e+01
4.134798049926757812e+01
4.119627380371093750e+01
4.085867691040039062e+01
4.194721984863281250e+01
3.979214477539062500e+01
4.001631546020507812e+01
4.001784515380859375e+01
3.980826187133789062e+01
4.025590515136718750e+01
4.020946884155273438e+01
3.961668014526367188e+01
4.008761596679687500e+01
4.068207550048828125e+01
4.055997467041015625e+01
4.023772048950195312e+01
3.960374832153320312e+01
3.975520324707031250e+01
3.907440567016601562e+01
4.018695449829101562e+01
4.001844024658203125e+01
3.987214660644531250e+01
4.025326919555664062e+01
3.933105468750000000e+01
4.016278457641601562e+01
3.973264694213867188e+01
3.885326385498046875e+01
3.970602416992187500e+01
3.985429763793945312e+01
3.888345336914062500e+01
3.878089523315429688e+01
3.859628295898437500e+01
3.894042205810546875e+01
3.972764205932617188e+01
3.909993743896484375e+01
4.003052520751953125e+01
4.031159973144531250e+01
4.053977584838867188e+01
4.005511856079101562e+01
3.982610702514648438e+01
4.015687561035156250e+01
3.993352890014648438e+01
3.903454589843750000e+01
3.923295211791992188e+01
3.985201644897460938e+01
3.944930648803710938e+01
3.849763107299804688e+01
3.952275466918945312e+01
3.966133499145507812e+01
3.867255020141601562e+01
3.973046875000000000e+01
3.941715240478515625e+01
3.997524642944335938e+01
3.963392257690429688e+01
3.931447982788085938e+01
3.974060058593750000e+01
4.029946136474609375e+01
4.011214065551757812e+01
3.998675155639648438e+01
3.913182830810546875e+01
3.941789245605468750e+01
3.907658386230468750e+01
3.897667312622070312e+01
4.024936676025390625e+01
3.952693939208984375e+01
4.012709426879882812e+01
3.999658203125000000e+01
3.994905471801757812e+01
3.891210174560546875e+01
3.967768096923828125e+01
3.969761276245117188e+01
4.001771163940429688e+01
4.007811737060546875e+01
3.936828231811523438e+01
3.962873077392578125e+01
3.955910110473632812e+01
3.943205642700195312e+01
3.909021377563476562e+01
3.971660232543945312e+01
3.958424377441406250e+01
4.063916397094726562e+01
4.022980499267578125e+01
3.975249099731445312e+01
3.974287414550781250e+01
3.977943038940429688e+01
3.986178207397460938e+01
3.917482757568359375e+01
3.957012557983398438e+01
3.919921875000000000e+01
3.947950744628906250e+01
3.917522811889648438e+01
3.867305755615234375e+01
3.861237716674804688e+01
3.922788238525390625e+01
3.836095809936523438e+01
3.840746688842773438e+01
3.994807815551757812e+01
3.917838287353515625e+01
3.991617202758789062e+01
3.930582427978515625e+01
4.038288879394531250e+01
4.038742828369140625e+01
3.997834014892578125e+01
3.879943084716796875e+01
4.018471908569335938e+01
3.919516372680664062e+01
4.007009506225585938e+01
3.910828018188476562e+01
3.949702835083007812e+01
3.947309875488281250e+01
3.928542709350585938e+01
3.933535003662109375e+01
3.919472122192382812e+01
3.943482971191406250e+01
3.999900817871093750e+01
3.945626068115234375e+01
3.844784164428710938e+01
3.883016586303710938e+01
3.845946884155273438e+01
3.865377426147460938e+01
3.894639205932617188e+01
3.838090896606445312e+01
3.905024337768554688e+01
3.887256622314453125e+01
3.909308624267578125e+01
3.886668777465820312e+01
3.867210006713867188e+01
3.874325180053710938e+01
3.874264907836914062e+01
3.920066833496093750e+01
3.934931945800781250e+01
3.902290725708007812e+01
3.882912445068359375e+01
3.866222000122070312e+01
3.853308486938476562e+01
3.868395996093750000e+01
3.888097000122070312e+01
3.934070968627929688e+01
3.821319198608398438e+01
3.876553344726562500e+01
3.863761901855468750e+01
3.804846191406250000e+01
3.906106948852539062e+01
3.863051986694335938e+01
3.839435958862304688e+01
3.874459838867187500e+01
3.835796737670898438e+01
3.878660583496093750e+01
3.837340545654296875e+01
3.859393692016601562e+01
3.892733383178710938e+01
3.835970306396484375e+01
3.833248519897460938e+01
3.910758590698242188e+01
3.767898559570312500e+01
3.735017395019531250e+01
3.855245971679687500e+01
3.862518692016601562e+01
3.852705383300781250e+01
3.884907913208007812e+01
3.787762451171875000e+01
3.818756866455078125e+01
3.823618316650390625e+01
3.847110748291015625e+01
3.841267395019531250e+01
3.814452362060546875e+01
3.923085021972656250e+01
3.826736068725585938e+01
3.823223876953125000e+01
3.812639236450195312e+01
3.974142074584960938e+01
3.983465576171875000e+01
3.767103195190429688e+01
3.945845413208007812e+01
3.860953903198242188e+01
3.880329513549804688e+01
3.884669494628906250e+01
3.907603836059570312e+01
3.913885879516601562e+01
3.793917083740234375e+01
3.846863555908203125e+01
3.878686904907226562e+01
3.831571197509765625e+01
3.783620452880859375e+01
3.812297058105468750e+01
3.862435913085937500e+01
3.775713348388671875e+01
3.844098281860351562e+01
3.835744476318359375e+01
3.764540100097656250e+01
3.758944702148437500e+01
3.829542541503906250e+01
3.774942016601562500e+01
3.809608840942382812e+01
3.766753768920898438e+01
3.832131195068359375e+01
3.863668060302734375e+01
3.888748550415039062e+01
3.830711364746093750e+01
3.775336456298828125e+01
3.852801513671875000e+01
3.760960388183593750e+01
3.772660064697265625e+01
3.832802963256835938e+01
3.801931381225585938e+01
3.778356170654296875e+01
3.774851608276367188e+01
3.820428848266601562e+01
3.768498611450195312e+01
3.907218933105468750e+01
3.828106307983398438e+01
3.835363769531250000e+01
3.770107650756835938e+01
3.805644989013671875e+01
3.929843139648437500e+01
3.805136871337890625e+01
3.846331024169921875e+01
3.862128067016601562e+01
3.862125396728515625e+01
3.860101699829101562e+01
3.859673690795898438e+01
3.817212295532226562e+01
3.831882476806640625e+01
3.777475738525390625e+01
3.708294296264648438e+01
3.698537063598632812e+01
3.744869613647460938e+01
3.815483093261718750e+01
3.713809967041015625e+01
3.788442230224609375e+01
3.813931274414062500e+01
3.861345672607421875e+01
3.821893310546875000e+01
3.820683288574218750e+01
3.780849838256835938e+01
3.955825042724609375e+01
3.850698471069335938e+01
3.852041625976562500e+01
3.822826766967773438e+01
3.975016403198242188e+01
3.867434692382812500e+01
3.828633499145507812e+01
3.830039978027343750e+01
3.766386032104492188e+01
3.930064773559570312e+01
3.808679962158203125e+01
3.864271163940429688e+01
4.031566238403320312e+01
3.928994369506835938e+01
3.926982879638671875e+01
4.013090896606445312e+01
4.070429611206054688e+01
4.056168365478515625e+01
3.983599853515625000e+01
3.893029403686523438e+01
3.950417327880859375e+01
3.887934112548828125e+01
3.897801589965820312e+01
3.964721298217773438e+01
3.936695098876953125e+01
4.048147201538085938e+01
3.950656890869140625e+01
3.930365371704101562e+01
3.895426559448242188e+01
3.942290115356445312e+01
3.906208419799804688e+01
3.960153198242187500e+01
3.917813873291015625e+01
4.040174102783203125e+01
4.003568649291992188e+01
3.865662384033203125e+01
4.063994216918945312e+01
3.948830795288085938e+01
3.972444534301757812e+01
3.905131149291992188e+01
4.014757919311523438e+01
4.067268753051757812e+01
3.839026641845703125e+01
3.971225738525390625e+01
3.972872924804687500e+01
4.019055557250976562e+01
3.964736175537109375e+01
4.024384307861328125e+01
4.030516433715820312e+01
3.907096862792968750e+01
3.941516876220703125e+01
3.929966354370117188e+01
3.930842208862304688e+01
3.900540542602539062e+01
3.890981292724609375e+01
3.888943862915039062e+01
3.930047607421875000e+01
3.920934295654296875e+01
3.900064468383789062e+01
3.851828384399414062e+01
3.871243667602539062e+01
3.905986022949218750e+01
3.915543365478515625e+01
3.866983032226562500e+01
3.798471069335937500e+01
3.952437591552734375e+01
3.997466278076171875e+01
3.861682128906250000e+01
3.912707138061523438e+01
3.950392150878906250e+01
3.922988128662109375e+01
3.937203979492187500e+01
3.813375091552734375e+01
3.840394973754882812e+01
3.920381927490234375e+01
3.913895034790039062e+01
3.883769226074218750e+01
3.886864471435546875e+01
3.888293457031250000e+01
3.947049713134765625e+01
3.912887191772460938e+01
3.912295913696289062e+01
3.854132843017578125e+01
3.838577270507812500e+01
3.905067825317382812e+01
3.917695999145507812e+01
3.832308197021484375e+01
3.878597640991210938e+01
3.891242599487304688e+01
3.918198394775390625e+01
3.882868576049804688e+01
3.873507690429687500e+01
3.870471954345703125e+01
3.920417404174804688e+01
3.781954193115234375e+01
3.899489212036132812e+01
3.882945251464843750e+01
3.922354125976562500e+01
3.905658340454101562e+01
3.903595733642578125e+01
3.967741394042968750e+01
3.935840988159179688e+01
3.915988922119140625e+01
3.974371337890625000e+01
3.914493560791015625e+01
3.849522781372070312e+01
3.882856369018554688e+01
3.807479095458984375e+01
3.872425079345703125e+01
3.778796005249023438e+01
3.906595230102539062e+01
3.767950820922851562e+01
3.814883804321289062e+01
3.831516265869140625e+01
3.769486618041992188e+01
3.847232055664062500e+01
3.838345336914062500e+01
3.838557434082031250e+01
3.819223022460937500e+01
3.806143569946289062e+01
3.815877532958984375e+01
3.716564941406250000e+01
3.805352783203125000e+01
3.693729400634765625e+01
3.693528747558593750e+01
3.731288146972656250e+01
3.777990722656250000e+01
3.795837783813476562e+01
3.798514938354492188e+01
3.838317871093750000e+01
3.840486907958984375e+01
3.738290786743164062e+01
3.737320709228515625e+01
3.760542678833007812e+01
3.724799346923828125e+01
3.783944702148437500e+01
3.718950271606445312e+01
3.732355117797851562e+01
3.769668579101562500e+01
3.815750885009765625e+01
3.735134506225585938e+01
3.738079071044921875e+01
3.764905929565429688e+01
3.881251525878906250e+01
3.728382492065429688e+01
3.787342071533203125e+01
3.792324447631835938e+01
3.814449310302734375e+01
3.796007919311523438e+01
3.771900558471679688e+01
3.863207244873046875e+01
3.795268630981445312e+01
3.817062377929687500e+01
3.774936676025390625e+01
3.775052261352539062e+01
3.769482421875000000e+01
3.762506103515625000e+01
3.722782516479492188e+01
3.684339523315429688e+01
3.809869384765625000e+01
3.737484359741210938e+01
3.773795318603515625e+01
3.731441879272460938e+01
3.676802062988281250e+01
3.873711776733398438e+01
3.753807830810546875e+01
3.765202331542968750e+01
3.793275833129882812e+01
3.791660308837890625e+01
3.727718353271484375e+01
3.749472808837890625e+01
3.739751434326171875e+01
3.616293716430664062e+01
3.699422454833984375e+01
3.764078903198242188e+01
3.670911026000976562e+01
3.637776565551757812e+01
3.705615615844726562e+01
3.762568283081054688e+01
3.736506652832031250e+01
3.702849197387695312e+01
3.762321090698242188e+01
3.684532165527343750e+01
3.671928024291992188e+01
3.641448593139648438e+01
3.698727416992187500e+01
3.722350311279296875e+01
3.823609161376953125e+01
3.808815002441406250e+01
3.826220703125000000e+01
3.675549316406250000e+01
3.918323898315429688e+01
3.845571517944335938e+01
3.854212188720703125e+01
3.779197692871093750e+01
3.807315826416015625e+01
3.854238891601562500e+01
3.727612686157226562e+01
3.815686035156250000e+01
3.738008499145507812e+01
3.780369567871093750e+01
3.770812225341796875e+01
3.806846237182617188e+01
3.875057220458984375e+01
3.895901107788085938e+01
3.774602508544921875e+01
3.892068862915039062e+01
3.876587677001953125e+01
3.903741455078125000e+01
3.863719558715820312e+01
3.768984603881835938e+01
3.744217300415039062e+01
3.784961700439453125e+01
3.780725479125976562e+01
3.855619430541992188e+01
3.816028213500976562e+01
3.889134216308593750e+01
3.942816543579101562e+01
3.758174133300781250e+01
3.907755279541015625e+01
3.853381347656250000e+01
3.896447372436523438e+01
3.955450057983398438e+01
3.855009841918945312e+01
3.847007751464843750e+01
3.851335525512695312e+01
3.800849151611328125e+01
3.789688110351562500e+01
3.733019256591796875e+01
3.761601257324218750e+01
3.802278137207031250e+01
3.752617263793945312e+01
3.786156845092773438e+01
3.847236633300781250e+01
3.952341842651367188e+01
3.886673355102539062e+01
3.837656402587890625e+01
3.897308349609375000e+01
3.753248596191406250e+01
3.789028930664062500e+01
3.805313110351562500e+01
3.864740371704101562e+01
3.841280746459960938e+01
3.725417709350585938e+01
3.777553558349609375e+01
3.835705947875976562e+01
3.757686233520507812e+01
3.751302337646484375e+01
3.746620941162109375e+01
3.897377777099609375e+01
3.782307052612304688e+01
3.879125213623046875e+01
3.805932235717773438e+01
3.869739913940429688e+01
3.786329650878906250e+01
3.751509094238281250e+01
3.756333541870117188e+01
3.715799331665039062e+01
3.647146224975585938e+01
3.665507125854492188e+01
3.675020980834960938e+01
3.709278869628906250e+01
3.765028762817382812e+01
3.758285522460937500e+01
3.808213043212890625e+01
3.876856994628906250e+01
3.796257019042968750e+01
3.728691482543945312e+01
3.775867080688476562e+01
3.731152725219726562e+01
3.763890457153320312e+01
3.719158554077148438e+01
3.717958068847656250e+01
3.691363525390625000e+01
3.803280258178710938e+01
3.657848358154296875e+01
3.794497680664062500e+01
3.778962707519531250e+01
3.696916580200195312e+01
3.800198745727539062e+01
3.768221664428710938e+01
3.725000381469726562e+01
3.750854110717773438e+01
3.687437820434570312e+01
3.629221343994140625e+01
3.614064788818359375e+01
3.680382919311523438e+01
3.688526535034179688e+01
3.662295150756835938e+01
3.699315643310546875e+01
3.724374389648437500e+01
3.574147415161132812e+01
3.689080429077148438e+01
3.614783477783203125e+01
3.636583709716796875e+01
3.681036758422851562e+01
3.687289428710937500e+01
3.674280548095703125e+01
3.612645721435546875e+01
3.567915725708007812e+01
3.646504974365234375e+01
3.631777191162109375e+01
3.544002532958984375e+01
3.583933639526367188e+01
3.619395828247070312e+01
3.630279922485351562e+01
3.574600601196289062e+01
3.690549087524414062e+01
3.656571960449218750e+01
3.659039688110351562e+01
3.666836929321289062e+01
3.585601425170898438e+01
3.578595352172851562e+01
3.581313705444335938e+01
3.612681961059570312e+01
3.598177719116210938e+01
3.503126144409179688e+01
3.648287963867187500e+01
3.589108657836914062e+01
3.547135925292968750e+01
3.649464797973632812e+01
3.552786636352539062e+01
3.679537200927734375e+01
3.626554870605468750e+01
3.589037704467773438e+01
3.653253936767578125e+01
3.642796707153320312e+01
3.672511291503906250e+01
3.654424285888671875e+01
3.639851379394531250e+01
3.559552764892578125e+01
3.594417572021484375e+01
3.507378387451171875e+01
3.619628143310546875e+01
3.587561035156250000e+01
3.592861557006835938e+01
3.597809600830078125e+01
3.633664321899414062e+01
3.709758758544921875e+01
3.707608413696289062e+01
3.660659408569335938e+01
3.761620330810546875e+01
3.644707870483398438e+01
3.729426193237304688e+01
3.698875427246093750e+01
3.735594940185546875e+01
3.657399368286132812e+01
3.773290252685546875e+01
3.623226547241210938e+01
3.743695831298828125e+01
3.772554397583007812e+01
3.641753768920898438e+01
3.596537399291992188e+01
3.753309249877929688e+01
3.650234222412109375e+01
3.702458190917968750e+01
3.731716537475585938e+01
3.865476989746093750e+01
3.715169525146484375e+01
3.795945358276367188e+01
3.760577011108398438e+01
3.724836730957031250e+01
3.669250488281250000e+01
3.759519577026367188e+01
3.627787399291992188e+01
3.764002990722656250e+01
3.640319442749023438e+01
3.630655288696289062e+01
3.664772796630859375e+01
3.566842651367187500e+01
3.721787643432617188e+01
3.731785583496093750e+01
