1.352416127920150757e-01
1.006348133087158203e+00
5.935559272766113281e-01
6.682540774345397949e-01
8.257731795310974121e-01
1.050666213035583496e+00
1.078797459602355957e+00
1.206596493721008301e+00
1.467425704002380371e+00
1.537093877792358398e+00
1.615394711494445801e+00
5.414288520812988281e+00
2.073616981506347656e+00
1.862292289733886719e+00
1.764097929000854492e+00
1.719162821769714355e+00
1.693158388137817383e+00
1.707530021667480469e+00
1.725637674331665039e+00
1.750224590301513672e+00
1.723002672195434570e+00
1.737634539604187012e+00
1.668391346931457520e+00
1.726222872734069824e+00
1.794038176536560059e+00
1.785331010818481445e+00
1.867898464202880859e+00
1.827497124671936035e+00
1.833517313003540039e+00
1.901220917701721191e+00
1.878772020339965820e+00
1.898686766624450684e+00
1.985244870185852051e+00
1.930605053901672363e+00
1.962351441383361816e+00
2.010299921035766602e+00
2.054097890853881836e+00
2.097985029220581055e+00
2.106551170349121094e+00
2.143899202346801758e+00
2.126328706741333008e+00
2.156489849090576172e+00
2.163214445114135742e+00
2.206207513809204102e+00
2.283340215682983398e+00
2.260625600814819336e+00
2.313411235809326172e+00
2.291503429412841797e+00
2.357614755630493164e+00
2.439588785171508789e+00
2.417844533920288086e+00
2.521334409713745117e+00
2.517997741699218750e+00
2.512503385543823242e+00
2.567734003067016602e+00
2.621069908142089844e+00
2.570659637451171875e+00
2.576328992843627930e+00
2.575142621994018555e+00
3.049344778060913086e+00
2.817402362823486328e+00
2.713452100753784180e+00
2.646129608154296875e+00
2.625857353210449219e+00
2.601967334747314453e+00
2.652279376983642578e+00
2.570825815200805664e+00
2.561485528945922852e+00
2.616112232208251953e+00
2.571441888809204102e+00
2.544513702392578125e+00
2.570059061050415039e+00
2.511033535003662109e+00
2.490933656692504883e+00
2.571974515914916992e+00
2.488365173339843750e+00
2.487486600875854492e+00
2.502767086029052734e+00
2.529102563858032227e+00
2.459489107131958008e+00
2.803120613098144531e+00
2.588453054428100586e+00
2.511227846145629883e+00
2.518417835235595703e+00
2.568611145019531250e+00
2.657034635543823242e+00
2.509447813034057617e+00
2.470383644104003906e+00
2.512820959091186523e+00
2.496265888214111328e+00
2.506219148635864258e+00
2.487797737121582031e+00
2.458499193191528320e+00
2.456854581832885742e+00
2.853439569473266602e+00
2.705472946166992188e+00
2.607501029968261719e+00
2.506765127182006836e+00
2.528051376342773438e+00
2.564085960388183594e+00
2.461372613906860352e+00
2.472363233566284180e+00
2.487205028533935547e+00
2.456336975097656250e+00
2.436512708663940430e+00
2.516552686691284180e+00
2.509118795394897461e+00
2.473706483840942383e+00
2.402622699737548828e+00
2.376588821411132812e+00
2.342329978942871094e+00
2.604393482208251953e+00
2.488803148269653320e+00
2.427967786788940430e+00
2.384334087371826172e+00
2.371125221252441406e+00
2.345642566680908203e+00
2.390599250793457031e+00
2.366863965988159180e+00
2.366623401641845703e+00
2.337048292160034180e+00
2.325181722640991211e+00
2.305855512619018555e+00
2.298659086227416992e+00
2.242674350738525391e+00
2.266023397445678711e+00
2.280452489852905273e+00
2.233083486557006836e+00
2.261775970458984375e+00
2.215481519699096680e+00
2.191118001937866211e+00
2.319007158279418945e+00
2.249412059783935547e+00
2.206995248794555664e+00
2.204851150512695312e+00
2.172841310501098633e+00
2.183198213577270508e+00
2.151743173599243164e+00
2.183164119720458984e+00
2.178009271621704102e+00
2.136780977249145508e+00
2.119152784347534180e+00
2.139206171035766602e+00
2.106967449188232422e+00
2.094454288482666016e+00
2.135599136352539062e+00
2.086576223373413086e+00
2.090258836746215820e+00
2.122257709503173828e+00
2.111898422241210938e+00
2.042569160461425781e+00
2.091619729995727539e+00
2.056919097900390625e+00
2.059788227081298828e+00
2.054716825485229492e+00
2.064795255661010742e+00
2.088312625885009766e+00
2.083352804183959961e+00
2.068061351776123047e+00
2.033593654632568359e+00
2.153552532196044922e+00
2.121552228927612305e+00
2.135317564010620117e+00
2.192486286163330078e+00
2.144511938095092773e+00
2.119854211807250977e+00
2.115051269531250000e+00
2.110019445419311523e+00
2.096514225006103516e+00
2.120424270629882812e+00
2.073856830596923828e+00
2.095362663269042969e+00
2.072883367538452148e+00
2.049294233322143555e+00
2.084486007690429688e+00
2.088532686233520508e+00
2.067934989929199219e+00
2.094966411590576172e+00
2.083307266235351562e+00
2.104372024536132812e+00
2.092600584030151367e+00
2.094128370285034180e+00
2.112329006195068359e+00
2.153993129730224609e+00
2.099105358123779297e+00
2.126567840576171875e+00
2.126667261123657227e+00
2.112018346786499023e+00
2.097550868988037109e+00
2.113514423370361328e+00
2.094054222106933594e+00
2.150944232940673828e+00
2.040081501007080078e+00
2.121374130249023438e+00
2.151246547698974609e+00
2.100991249084472656e+00
2.116140365600585938e+00
2.182261228561401367e+00
2.300976276397705078e+00
2.227779865264892578e+00
2.220798730850219727e+00
2.230787038803100586e+00
2.205338478088378906e+00
2.214371681213378906e+00
2.186323881149291992e+00
2.235573530197143555e+00
2.241554498672485352e+00
2.190960407257080078e+00
2.188254594802856445e+00
2.170561790466308594e+00
2.172406673431396484e+00
2.183088779449462891e+00
2.209038972854614258e+00
2.388480901718139648e+00
2.207533836364746094e+00
2.282232284545898438e+00
2.257658958435058594e+00
2.240273475646972656e+00
2.240435123443603516e+00
2.240108966827392578e+00
2.254973411560058594e+00
2.292718648910522461e+00
2.252257585525512695e+00
2.248470306396484375e+00
2.300366163253784180e+00
2.271358013153076172e+00
2.263585090637207031e+00
2.329302549362182617e+00
2.252388954162597656e+00
2.334055185317993164e+00
2.324443340301513672e+00
2.377287864685058594e+00
2.402313470840454102e+00
2.370764970779418945e+00
2.386689424514770508e+00
2.419201612472534180e+00
2.473541498184204102e+00
2.559032678604125977e+00
2.559460163116455078e+00
2.655370712280273438e+00
2.736802816390991211e+00
2.797259092330932617e+00
2.848896980285644531e+00
2.885280132293701172e+00
2.987667083740234375e+00
3.044417858123779297e+00
3.161954164505004883e+00
3.130371570587158203e+00
3.258444786071777344e+00
3.295807123184204102e+00
3.328961849212646484e+00
3.274381399154663086e+00
3.323248386383056641e+00
3.408579349517822266e+00
3.461025476455688477e+00
3.483716249465942383e+00
3.534816026687622070e+00
3.543515920639038086e+00
3.558291196823120117e+00
3.569521427154541016e+00
3.611971616744995117e+00
3.642253875732421875e+00
3.626677036285400391e+00
3.745989561080932617e+00
3.732825517654418945e+00
3.705752849578857422e+00
3.779253005981445312e+00
3.681539297103881836e+00
3.733342647552490234e+00
3.769025802612304688e+00
3.721298933029174805e+00
3.852860450744628906e+00
3.719064712524414062e+00
3.919329881668090820e+00
3.978141784667968750e+00
4.004240036010742188e+00
4.013980865478515625e+00
4.041329383850097656e+00
4.124347686767578125e+00
4.085716247558593750e+00
4.240641593933105469e+00
4.160881042480468750e+00
4.309072971343994141e+00
4.277854442596435547e+00
4.412387847900390625e+00
4.355190277099609375e+00
4.458297729492187500e+00
4.546516418457031250e+00
4.501337051391601562e+00
4.647879600524902344e+00
4.564383506774902344e+00
4.685964584350585938e+00
4.723210811614990234e+00
4.734236240386962891e+00
4.762531280517578125e+00
4.865364074707031250e+00
4.864033222198486328e+00
4.946327209472656250e+00
5.091064453125000000e+00
5.066492080688476562e+00
5.063838005065917969e+00
5.161213874816894531e+00
5.152040958404541016e+00
5.271071434020996094e+00
5.303787708282470703e+00
5.337910175323486328e+00
5.457276344299316406e+00
5.557188987731933594e+00
5.541483402252197266e+00
5.618567466735839844e+00
5.729892730712890625e+00
5.697591781616210938e+00
5.834705829620361328e+00
5.752409458160400391e+00
5.846363067626953125e+00
5.919049739837646484e+00
5.914573192596435547e+00
6.032485961914062500e+00
6.042482376098632812e+00
6.014578342437744141e+00
6.051062107086181641e+00
6.205236434936523438e+00
6.275637626647949219e+00
6.187063694000244141e+00
6.348048686981201172e+00
6.368280887603759766e+00
6.430006027221679688e+00
6.321596622467041016e+00
6.481566429138183594e+00
6.553019046783447266e+00
6.754366397857666016e+00
6.756325244903564453e+00
6.954918861389160156e+00
6.911044120788574219e+00
7.152962207794189453e+00
7.125294685363769531e+00
7.221719741821289062e+00
7.221085071563720703e+00
7.244120597839355469e+00
7.378365993499755859e+00
7.373114109039306641e+00
7.375608921051025391e+00
7.525180816650390625e+00
7.577695846557617188e+00
7.515349388122558594e+00
7.604032993316650391e+00
7.599203109741210938e+00
7.589499950408935547e+00
7.534101963043212891e+00
7.661657333374023438e+00
7.783969402313232422e+00
7.816308498382568359e+00
8.094253540039062500e+00
8.008387565612792969e+00
8.174283981323242188e+00
8.162374496459960938e+00
8.293655395507812500e+00
8.338999748229980469e+00
8.438421249389648438e+00
8.455184936523437500e+00
8.641633033752441406e+00
8.687464714050292969e+00
8.893705368041992188e+00
8.886845588684082031e+00
9.014166831970214844e+00
9.327630043029785156e+00
9.172346115112304688e+00
9.343715667724609375e+00
9.291395187377929688e+00
9.478939056396484375e+00
9.555431365966796875e+00
9.784370422363281250e+00
1.006668567657470703e+01
1.007831096649169922e+01
1.019073581695556641e+01
1.016647434234619141e+01
1.029696655273437500e+01
1.031015205383300781e+01
1.025074577331542969e+01
1.015858459472656250e+01
1.036565399169921875e+01
1.051310729980468750e+01
1.078389072418212891e+01
1.073633575439453125e+01
1.089939498901367188e+01
1.111884498596191406e+01
1.109964942932128906e+01
1.128783416748046875e+01
1.132581043243408203e+01
1.154723072052001953e+01
1.170251369476318359e+01
1.161224079132080078e+01
1.179636383056640625e+01
1.169545555114746094e+01
1.213237190246582031e+01
1.199211025238037109e+01
1.212095069885253906e+01
1.224862861633300781e+01
1.227830314636230469e+01
1.238836097717285156e+01
1.243774223327636719e+01
1.263798809051513672e+01
1.273386764526367188e+01
1.281636714935302734e+01
1.283296108245849609e+01
1.292219066619873047e+01
1.312339496612548828e+01
1.324172115325927734e+01
1.320776176452636719e+01
1.347844219207763672e+01
1.341400623321533203e+01
1.372045803070068359e+01
1.375632476806640625e+01
1.350054454803466797e+01
1.375170230865478516e+01
1.370907783508300781e+01
1.391753005981445312e+01
1.385768127441406250e+01
1.428316974639892578e+01
1.415258026123046875e+01
1.407466030120849609e+01
1.422018527984619141e+01
1.434865570068359375e+01
1.465543746948242188e+01
1.453601551055908203e+01
1.447257614135742188e+01
1.466483020782470703e+01
1.510290431976318359e+01
1.527640819549560547e+01
1.531070327758789062e+01
1.531777191162109375e+01
1.553872680664062500e+01
1.570377159118652344e+01
1.582851886749267578e+01
1.591474437713623047e+01
1.646599197387695312e+01
1.648669242858886719e+01
1.662394714355468750e+01
1.680100822448730469e+01
1.712692260742187500e+01
1.730442619323730469e+01
1.753232955932617188e+01
1.786523056030273438e+01
1.752532577514648438e+01
1.755200767517089844e+01
1.743660926818847656e+01
1.822098350524902344e+01
1.811641311645507812e+01
1.809360504150390625e+01
1.857867622375488281e+01
1.813765144348144531e+01
1.847479057312011719e+01
1.863967514038085938e+01
1.862414932250976562e+01
1.863573837280273438e+01
1.855155754089355469e+01
1.869726943969726562e+01
1.875603485107421875e+01
1.893458557128906250e+01
1.883950042724609375e+01
1.895013618469238281e+01
1.916059684753417969e+01
1.933502388000488281e+01
1.943204689025878906e+01
1.961853790283203125e+01
1.978353500366210938e+01
1.957674217224121094e+01
2.028735160827636719e+01
2.016145515441894531e+01
2.058187294006347656e+01
2.134292411804199219e+01
2.143743705749511719e+01
2.211640739440917969e+01
2.212833976745605469e+01
2.167542457580566406e+01
2.217277908325195312e+01
2.261985397338867188e+01
2.362539482116699219e+01
2.301965522766113281e+01
2.379299736022949219e+01
2.395924568176269531e+01
2.526536369323730469e+01
2.457345008850097656e+01
2.441895866394042969e+01
2.362134742736816406e+01
2.391929626464843750e+01
2.488697624206542969e+01
2.506378555297851562e+01
2.483333587646484375e+01
2.435807800292968750e+01
2.516197776794433594e+01
2.475236701965332031e+01
2.499191093444824219e+01
2.497015380859375000e+01
2.498200416564941406e+01
2.511726379394531250e+01
2.529863357543945312e+01
2.609816932678222656e+01
2.538305091857910156e+01
2.580862808227539062e+01
2.582274436950683594e+01
2.525438690185546875e+01
2.578244590759277344e+01
2.554845619201660156e+01
2.579811859130859375e+01
2.483274650573730469e+01
2.382451248168945312e+01
2.364276504516601562e+01
2.265657043457031250e+01
2.253835105895996094e+01
2.202496528625488281e+01
2.220942878723144531e+01
2.113029861450195312e+01
2.109447479248046875e+01
2.057724189758300781e+01
1.988538169860839844e+01
1.904826164245605469e+01
1.854805374145507812e+01
1.863608551025390625e+01
1.822551155090332031e+01
1.814985084533691406e+01
1.804934310913085938e+01
1.865064430236816406e+01
1.865361785888671875e+01
1.907959365844726562e+01
1.987701988220214844e+01
1.974460220336914062e+01
2.059473800659179688e+01
2.088949966430664062e+01
2.197706222534179688e+01
2.254945373535156250e+01
2.306549072265625000e+01
2.338555908203125000e+01
2.438625526428222656e+01
2.496039962768554688e+01
2.523195266723632812e+01
2.575085067749023438e+01
2.585762405395507812e+01
2.609949493408203125e+01
2.624761772155761719e+01
2.611094093322753906e+01
2.609538841247558594e+01
2.604888153076171875e+01
2.646062850952148438e+01
2.658216094970703125e+01
2.678910064697265625e+01
2.648336410522460938e+01
2.708050346374511719e+01
2.689646339416503906e+01
2.686038017272949219e+01
2.681157875061035156e+01
2.713676071166992188e+01
2.701235961914062500e+01
2.677865409851074219e+01
2.728449249267578125e+01
2.683023452758789062e+01
2.766375350952148438e+01
2.700327873229980469e+01
2.706036949157714844e+01
2.690000152587890625e+01
2.731472206115722656e+01
2.750403594970703125e+01
2.722173309326171875e+01
2.689007377624511719e+01
2.750489425659179688e+01
2.690950202941894531e+01
2.699574661254882812e+01
2.704591369628906250e+01
2.722581291198730469e+01
2.679571914672851562e+01
2.746650695800781250e+01
2.747381782531738281e+01
2.727687835693359375e+01
2.684890174865722656e+01
2.680203628540039062e+01
2.676105117797851562e+01
2.717886734008789062e+01
2.672225189208984375e+01
2.692435073852539062e+01
2.710435104370117188e+01
2.709401702880859375e+01
2.728915023803710938e+01
2.734815979003906250e+01
2.720663452148437500e+01
2.752366447448730469e+01
2.720587921142578125e+01
2.700650596618652344e+01
2.709872436523437500e+01
2.752377700805664062e+01
2.753000831604003906e+01
2.785558128356933594e+01
2.749613761901855469e+01
2.687335968017578125e+01
2.650150871276855469e+01
2.640285110473632812e+01
2.688864135742187500e+01
2.693413352966308594e+01
2.743099021911621094e+01
2.715182876586914062e+01
2.697408485412597656e+01
2.668738746643066406e+01
2.683271026611328125e+01
2.671182060241699219e+01
2.637769126892089844e+01
2.627072525024414062e+01
2.610281944274902344e+01
2.671098709106445312e+01
2.677786636352539062e+01
2.693537330627441406e+01
2.653621101379394531e+01
2.681962776184082031e+01
2.665430259704589844e+01
2.679337692260742188e+01
2.676148033142089844e+01
2.664266586303710938e+01
2.614127349853515625e+01
2.706708145141601562e+01
2.631737518310546875e+01
2.624054908752441406e+01
2.653451919555664062e+01
2.646033859252929688e+01
2.690962028503417969e+01
2.702414894104003906e+01
2.606238174438476562e+01
2.582645225524902344e+01
2.612961387634277344e+01
2.618158149719238281e+01
2.635474395751953125e+01
2.579311943054199219e+01
2.553791427612304688e+01
2.556324958801269531e+01
2.527704238891601562e+01
2.593969154357910156e+01
2.548104286193847656e+01
2.541673469543457031e+01
2.567607116699218750e+01
2.482357025146484375e+01
2.530890655517578125e+01
2.475259208679199219e+01
2.481305503845214844e+01
2.458209419250488281e+01
2.489224624633789062e+01
2.441574668884277344e+01
2.479641723632812500e+01
2.477556228637695312e+01
2.520751190185546875e+01
2.529555130004882812e+01
2.474292564392089844e+01
2.469872474670410156e+01
2.457122611999511719e+01
2.441702651977539062e+01
2.477753448486328125e+01
2.471200370788574219e+01
2.399692916870117188e+01
2.454173469543457031e+01
2.413599586486816406e+01
2.391430473327636719e+01
2.397789001464843750e+01
2.399790191650390625e+01
2.424630928039550781e+01
2.399197578430175781e+01
2.402580451965332031e+01
2.418532371520996094e+01
2.421990966796875000e+01
2.459501647949218750e+01
2.441382980346679688e+01
2.442278861999511719e+01
2.416233253479003906e+01
2.405554389953613281e+01
2.366739463806152344e+01
2.403448486328125000e+01
2.405061340332031250e+01
2.386512184143066406e+01
2.370569229125976562e+01
2.404051971435546875e+01
2.433291435241699219e+01
2.438912582397460938e+01
2.420639610290527344e+01
2.394511222839355469e+01
2.419832038879394531e+01
2.423466110229492188e+01
2.483617591857910156e+01
2.474071884155273438e+01
2.434847259521484375e+01
2.453433799743652344e+01
2.414952468872070312e+01
2.436188316345214844e+01
2.444884300231933594e+01
2.473811912536621094e+01
2.414439392089843750e+01
2.495485496520996094e+01
2.475528144836425781e+01
2.472244834899902344e+01
2.434938621520996094e+01
2.454144859313964844e+01
2.453834724426269531e+01
2.474558448791503906e+01
2.461492347717285156e+01
2.446683502197265625e+01
2.433419990539550781e+01
2.478247261047363281e+01
2.464037704467773438e+01
2.520382881164550781e+01
2.468944549560546875e+01
2.514289665222167969e+01
2.518630409240722656e+01
2.585383605957031250e+01
2.563751602172851562e+01
2.576483345031738281e+01
2.562955093383789062e+01
2.537291717529296875e+01
2.543968009948730469e+01
2.585493850708007812e+01
2.549461174011230469e+01
2.548764801025390625e+01
2.576902770996093750e+01
2.571062850952148438e+01
2.582998847961425781e+01
2.563445281982421875e+01
2.613295745849609375e+01
2.621803855895996094e+01
2.616756629943847656e+01
2.593919944763183594e+01
2.640287590026855469e+01
2.587081336975097656e+01
2.557039070129394531e+01
2.578053665161132812e+01
2.551819801330566406e+01
2.567001533508300781e+01
2.582706260681152344e+01
2.600394439697265625e+01
2.623008346557617188e+01
2.611844062805175781e+01
2.624108123779296875e+01
2.644772720336914062e+01
2.671714782714843750e+01
2.601344108581542969e+01
2.627552032470703125e+01
2.634611701965332031e+01
2.641276741027832031e+01
2.590114974975585938e+01
2.608276939392089844e+01
2.601884460449218750e+01
2.669103813171386719e+01
2.639930152893066406e+01
2.635863113403320312e+01
2.650621414184570312e+01
2.617504310607910156e+01
2.662736701965332031e+01
2.665897750854492188e+01
2.645946884155273438e+01
2.650311279296875000e+01
2.708146476745605469e+01
2.671208953857421875e+01
2.681834030151367188e+01
2.726856803894042969e+01
2.717410659790039062e+01
2.737292098999023438e+01
2.713834762573242188e+01
2.755739402770996094e+01
2.731140327453613281e+01
2.759059333801269531e+01
2.721990776062011719e+01
2.700395011901855469e+01
2.773185920715332031e+01
2.774853515625000000e+01
2.823806190490722656e+01
2.830373954772949219e+01
2.835482788085937500e+01
2.842001152038574219e+01
2.807314872741699219e+01
2.822887611389160156e+01
2.914293098449707031e+01
2.891296958923339844e+01
2.965745925903320312e+01
2.991783905029296875e+01
2.895042419433593750e+01
2.876185417175292969e+01
2.862451553344726562e+01
2.882845306396484375e+01
2.882172584533691406e+01
2.878814697265625000e+01
2.891491317749023438e+01
2.906289482116699219e+01
2.880117225646972656e+01
2.963994979858398438e+01
2.936885452270507812e+01
2.919817924499511719e+01
2.913997077941894531e+01
2.904920196533203125e+01
2.933928489685058594e+01
2.907036209106445312e+01
2.871102333068847656e+01
2.868100929260253906e+01
2.884283447265625000e+01
2.954504776000976562e+01
2.922586250305175781e+01
2.942838668823242188e+01
2.985993003845214844e+01
3.055947875976562500e+01
2.994160652160644531e+01
2.970529937744140625e+01
3.015088653564453125e+01
3.028152847290039062e+01
3.049565696716308594e+01
3.028038597106933594e+01
3.014941787719726562e+01
3.088563537597656250e+01
3.143904304504394531e+01
3.026513099670410156e+01
3.108870124816894531e+01
3.165068435668945312e+01
3.142775344848632812e+01
3.203165435791015625e+01
3.203353118896484375e+01
3.171347808837890625e+01
3.143073081970214844e+01
3.158935737609863281e+01
3.193886947631835938e+01
3.138566780090332031e+01
3.147190666198730469e+01
3.147493743896484375e+01
3.155167579650878906e+01
3.189881706237792969e+01
3.131857490539550781e+01
3.138311767578125000e+01
3.185910224914550781e+01
3.161815643310546875e+01
3.094653892517089844e+01
3.097053909301757812e+01
3.135810852050781250e+01
3.139954376220703125e+01
3.158255386352539062e+01
3.187222290039062500e+01
3.203024291992187500e+01
3.207190704345703125e+01
3.221573257446289062e+01
3.223286819458007812e+01
3.313603973388671875e+01
3.259549713134765625e+01
3.295505523681640625e+01
3.279072570800781250e+01
3.286952972412109375e+01
3.249171447753906250e+01
3.248320388793945312e+01
3.244071960449218750e+01
3.223262786865234375e+01
3.267258834838867188e+01
3.243204116821289062e+01
3.283222961425781250e+01
3.215582275390625000e+01
3.282083511352539062e+01
3.249598312377929688e+01
3.251417922973632812e+01
3.202639389038085938e+01
3.178458023071289062e+01
3.247093200683593750e+01
3.252686691284179688e+01
3.242562866210937500e+01
3.213898849487304688e+01
3.323896026611328125e+01
3.290633773803710938e+01
3.280442047119140625e+01
3.258928680419921875e+01
3.269101715087890625e+01
3.289277267456054688e+01
3.195257949829101562e+01
3.253077697753906250e+01
3.290527343750000000e+01
3.276026535034179688e+01
3.318115615844726562e+01
3.249234390258789062e+01
3.311283874511718750e+01
3.259088516235351562e+01
3.295918655395507812e+01
3.326587677001953125e+01
3.402016830444335938e+01
3.411759948730468750e+01
3.393295288085937500e+01
3.404396057128906250e+01
3.470243835449218750e+01
3.502062606811523438e+01
3.522954940795898438e+01
3.444825363159179688e+01
3.440058517456054688e+01
3.467057418823242188e+01
3.440539169311523438e+01
3.436246109008789062e+01
3.544449234008789062e+01
3.525932693481445312e+01
3.523246002197265625e+01
3.490245819091796875e+01
3.566626739501953125e+01
3.576382827758789062e+01
3.525437164306640625e+01
3.547468185424804688e+01
3.553939819335937500e+01
3.610863113403320312e+01
3.556550598144531250e+01
3.552384185791015625e+01
3.602604675292968750e+01
3.559335708618164062e+01
3.545797348022460938e+01
3.658386611938476562e+01
3.543843841552734375e+01
3.655322647094726562e+01
3.676647186279296875e+01
3.559241485595703125e+01
3.616701507568359375e+01
3.559687042236328125e+01
3.624142837524414062e+01
3.555990600585937500e+01
3.522742462158203125e+01
3.534228515625000000e+01
3.571639251708984375e+01
3.555799865722656250e+01
3.484057998657226562e+01
3.515607070922851562e+01
3.508390808105468750e+01
3.529788589477539062e+01
3.545226669311523438e+01
3.565228271484375000e+01
3.584055328369140625e+01
3.578285980224609375e+01
3.465198516845703125e+01
3.528194046020507812e+01
3.506832122802734375e+01
3.454082107543945312e+01
3.511128234863281250e+01
3.468712615966796875e+01
3.453019714355468750e+01
3.498972702026367188e+01
3.461204528808593750e+01
3.528799819946289062e+01
3.519582748413085938e+01
3.493061828613281250e+01
3.511615371704101562e+01
3.582056045532226562e+01
3.480467224121093750e+01
3.495777511596679688e+01
3.489710998535156250e+01
3.453314971923828125e+01
3.395672607421875000e+01
3.411760330200195312e+01
3.416415786743164062e+01
3.483231353759765625e+01
3.512469482421875000e+01
3.512130737304687500e+01
3.440274810791015625e+01
3.563339996337890625e+01
3.495568084716796875e+01
3.428920364379882812e+01
3.391730499267578125e+01
3.465385818481445312e+01
3.451909255981445312e+01
3.419969558715820312e+01
3.460311889648437500e+01
3.491050720214843750e+01
3.507769393920898438e+01
3.446782684326171875e+01
3.522518157958984375e+01
3.566907882690429688e+01
3.523237228393554688e+01
3.370269012451171875e+01
3.420032882690429688e+01
3.383485794067382812e+01
3.417723464965820312e+01
3.416490936279296875e+01
3.339796066284179688e+01
3.376453399658203125e+01
3.340420532226562500e+01
3.310987091064453125e+01
3.375552368164062500e+01
3.412882995605468750e+01
3.314266586303710938e+01
3.338414382934570312e+01
3.361343002319335938e+01
3.421961593627929688e+01
3.443785858154296875e+01
3.394282913208007812e+01
3.473804855346679688e+01
3.412923812866210938e+01
3.432342910766601562e+01
3.397951889038085938e+01
3.455839920043945312e+01
3.477232742309570312e+01
3.447183609008789062e+01
3.479321670532226562e+01
3.445003128051757812e+01
3.449252319335937500e+01
3.490715789794921875e+01
3.460853576660156250e+01
3.486907958984375000e+01
3.422059631347656250e+01
3.441115951538085938e+01
3.486892318725585938e+01
3.460349273681640625e+01
3.450843048095703125e+01
3.409451675415039062e+01
3.372538757324218750e+01
3.387705230712890625e+01
3.470480346679687500e+01
3.466103744506835938e+01
3.511349105834960938e+01
3.473450088500976562e+01
3.424743652343750000e+01
3.451357269287109375e+01
3.432032012939453125e+01
3.507518386840820312e+01
3.440424728393554688e+01
3.491155624389648438e+01
3.475653839111328125e+01
3.521324157714843750e+01
3.404604721069335938e+01
3.460882949829101562e+01
3.509520339965820312e+01
3.604861831665039062e+01
3.532846069335937500e+01
3.567825317382812500e+01
3.518217849731445312e+01
3.474619674682617188e+01
3.507881927490234375e+01
3.558959579467773438e+01
3.519870376586914062e+01
3.509659194946289062e+01
3.538661956787109375e+01
3.499127197265625000e+01
3.540197753906250000e+01
3.466501235961914062e+01
3.482582092285156250e+01
3.503783035278320312e+01
3.370221328735351562e+01
3.438079071044921875e+01
3.459280776977539062e+01
3.580680847167968750e+01
3.585630798339843750e+01
3.481281280517578125e+01
3.561640548706054688e+01
3.552654647827148438e+01
3.555811691284179688e+01
3.726332092285156250e+01
3.613936614990234375e+01
3.577901458740234375e+01
3.567668914794921875e+01
3.590877532958984375e+01
3.654469680786132812e+01
3.565166473388671875e+01
3.596469116210937500e+01
3.569284057617187500e+01
3.650974273681640625e+01
3.711818695068359375e+01
3.567967224121093750e+01
3.540293121337890625e+01
3.578440475463867188e+01
3.622670364379882812e+01
3.580180740356445312e+01
3.620683670043945312e+01
3.587691879272460938e+01
3.718122482299804688e+01
3.765234375000000000e+01
3.721041870117187500e+01
3.642088317871093750e+01
3.623367691040039062e+01
3.582809066772460938e+01
3.549037170410156250e+01
3.539530563354492188e+01
3.600407791137695312e+01
3.621783447265625000e+01
3.558842468261718750e+01
3.519414901733398438e+01
3.525233459472656250e+01
3.625798416137695312e+01
3.675457382202148438e+01
3.570648574829101562e+01
3.723295593261718750e+01
3.715405654907226562e+01
3.689590835571289062e+01
3.805499649047851562e+01
3.705837249755859375e+01
3.675047683715820312e+01
3.745040130615234375e+01
3.790966796875000000e+01
3.583522796630859375e+01
3.639474868774414062e+01
3.785169601440429688e+01
3.691262435913085938e+01
3.769931793212890625e+01
3.826031875610351562e+01
3.783625030517578125e+01
3.808827972412109375e+01
3.877513122558593750e+01
3.758214569091796875e+01
3.802832794189453125e+01
3.887372589111328125e+01
3.872226715087890625e+01
3.849781036376953125e+01
3.701490020751953125e+01
3.745755386352539062e+01
3.776805496215820312e+01
3.683911514282226562e+01
3.868678283691406250e+01
3.691413879394531250e+01
3.837047576904296875e+01
3.814553070068359375e+01
3.727652740478515625e+01
3.914187622070312500e+01
3.742340469360351562e+01
3.821679687500000000e+01
3.778227233886718750e+01
3.708710098266601562e+01
3.765174102783203125e+01
3.698788452148437500e+01
3.681529617309570312e+01
3.783319473266601562e+01
3.754885864257812500e+01
3.716529464721679688e+01
3.710874557495117188e+01
3.720521163940429688e+01
3.865700149536132812e+01
3.753445434570312500e+01
3.788844680786132812e+01
3.743618774414062500e+01
3.732475280761718750e+01
3.776476287841796875e+01
3.736657714843750000e+01
3.754232406616210938e+01
3.817369842529296875e+01
3.741939163208007812e+01
3.783917617797851562e+01
3.736279296875000000e+01
3.795252990722656250e+01
3.731073760986328125e+01
3.765853881835937500e+01
3.772173309326171875e+01
3.778710174560546875e+01
3.750860977172851562e+01
3.772879409790039062e+01
3.756256866455078125e+01
3.715993499755859375e+01
3.761551666259765625e+01
3.846140670776367188e+01
3.762864303588867188e+01
3.785968780517578125e+01
3.867532348632812500e+01
3.748836898803710938e+01
3.815475082397460938e+01
3.725157928466796875e+01
3.670979690551757812e+01
3.725344085693359375e+01
3.832174301147460938e+01
3.798973846435546875e+01
3.785056304931640625e+01
3.805228805541992188e+01
3.811631393432617188e+01
3.732849121093750000e+01
3.801229858398437500e+01
3.765484237670898438e+01
3.733428573608398438e+01
3.739497756958007812e+01
3.755423355102539062e+01
3.841122055053710938e+01
3.827438735961914062e+01
3.759963989257812500e+01
3.799589920043945312e+01
3.782499313354492188e+01
3.860850906372070312e+01
3.836706161499023438e+01
3.892974090576171875e+01
3.927747726440429688e+01
3.845565414428710938e+01
3.950958633422851562e+01
3.851239776611328125e+01
3.796442794799804688e+01
3.925588226318359375e+01
3.890903854370117188e+01
3.997909545898437500e+01
3.935602188110351562e+01
3.833852005004882812e+01
3.842775726318359375e+01
3.966060256958007812e+01
4.028070831298828125e+01
3.981080245971679688e+01
3.999085235595703125e+01
4.039351654052734375e+01
4.039295959472656250e+01
3.993103408813476562e+01
3.942984390258789062e+01
3.996259307861328125e+01
3.969819641113281250e+01
4.010535049438476562e+01
3.964974975585937500e+01
3.952669525146484375e+01
3.959424972534179688e+01
3.984095382690429688e+01
3.937673950195312500e+01
4.051081085205078125e+01
3.992019653320312500e+01
3.927014160156250000e+01
3.939819717407226562e+01
3.982730102539062500e+01
4.019981002807617188e+01
3.980229187011718750e+01
4.007927703857421875e+01
3.985165786743164062e+01
4.005728149414062500e+01
4.005904769897460938e+01
4.084627532958984375e+01
4.081012344360351562e+01
4.040690994262695312e+01
4.017460632324218750e+01
4.023978042602539062e+01
3.966851806640625000e+01
4.051376724243164062e+01
3.983896255493164062e+01
4.019052505493164062e+01
4.035660171508789062e+01
4.079444503784179688e+01
3.985814666748046875e+01
4.026382064819335938e+01
3.940188980102539062e+01
3.960032653808593750e+01
4.055891036987304688e+01
4.095616912841796875e+01
4.088349914550781250e+01
4.027326583862304688e+01
4.082688903808593750e+01
4.091962432861328125e+01
4.210787963867187500e+01
4.007265472412109375e+01
4.109522247314453125e+01
4.054805374145507812e+01
4.040073394775390625e+01
4.049996185302734375e+01
4.113475799560546875e+01
4.091282272338867188e+01
4.069040679931640625e+01
4.053799057006835938e+01
4.122495269775390625e+01
4.067967605590820312e+01
4.062084197998046875e+01
4.204517364501953125e+01
4.229584121704101562e+01
4.197367095947265625e+01
4.129662704467773438e+01
4.178514862060546875e+01
4.184467315673828125e+01
4.170029067993164062e+01
4.284896850585937500e+01
4.193271255493164062e+01
4.344945907592773438e+01
4.324179458618164062e+01
4.269208908081054688e+01
4.279446792602539062e+01
4.314933776855468750e+01
4.473246002197265625e+01
4.489834213256835938e+01
4.597222137451171875e+01
4.448867416381835938e+01
4.557258224487304688e+01
4.699249267578125000e+01
4.795706939697265625e+01
5.140180587768554688e+01
5.167357635498046875e+01
5.314475250244140625e+01
4.950805282592773438e+01
5.032096099853515625e+01
4.927126693725585938e+01
5.102826309204101562e+01
5.075527191162109375e+01
4.943840026855468750e+01
5.090724945068359375e+01
4.993479156494140625e+01
4.894450759887695312e+01
4.781365585327148438e+01
4.874168777465820312e+01
4.801768875122070312e+01
4.915569686889648438e+01
4.880778884887695312e+01
5.443674850463867188e+01
5.330712509155273438e+01
5.146104812622070312e+01
5.077719497680664062e+01
5.487475967407226562e+01
5.648078918457031250e+01
6.038404846191406250e+01
6.032388305664062500e+01
5.949377059936523438e+01
5.908929443359375000e+01
6.110848236083984375e+01
5.826150512695312500e+01
5.762112426757812500e+01
5.911999893188476562e+01
5.779752349853515625e+01
5.803366470336914062e+01
5.645243835449218750e+01
5.533672714233398438e+01
5.557025527954101562e+01
5.468604660034179688e+01
5.477590942382812500e+01
5.538310241699218750e+01
5.678292083740234375e+01
5.482551574707031250e+01
5.459715652465820312e+01
5.458811187744140625e+01
5.559646987915039062e+01
5.446587753295898438e+01
5.416429519653320312e+01
5.285269546508789062e+01
5.206215667724609375e+01
5.200228118896484375e+01
5.263022994995117188e+01
5.342085266113281250e+01
5.205123519897460938e+01
5.355757904052734375e+01
5.374399185180664062e+01
5.479479598999023438e+01
5.485830307006835938e+01
5.430429077148437500e+01
5.279241561889648438e+01
5.341405487060546875e+01
5.362753677368164062e+01
5.241070938110351562e+01
5.335820388793945312e+01
5.332836532592773438e+01
5.238398361206054688e+01
5.145331192016601562e+01
5.175274276733398438e+01
4.969459533691406250e+01
4.980962371826171875e+01
5.015669631958007812e+01
5.015190505981445312e+01
4.916090774536132812e+01
5.011874389648437500e+01
5.012094497680664062e+01
5.082806777954101562e+01
5.026985931396484375e+01
4.978004455566406250e+01
5.029393005371093750e+01
4.997501373291015625e+01
5.013348007202148438e+01
4.871139144897460938e+01
4.812700653076171875e+01
4.952328872680664062e+01
4.843309402465820312e+01
4.810789108276367188e+01
4.744636535644531250e+01
4.943154144287109375e+01
4.683132934570312500e+01
4.675459289550781250e+01
4.717387390136718750e+01
4.540568923950195312e+01
4.716727066040039062e+01
4.705199813842773438e+01
4.775920486450195312e+01
4.751687622070312500e+01
4.564261627197265625e+01
4.597691345214843750e+01
4.566902160644531250e+01
4.629023361206054688e+01
4.717046737670898438e+01
4.552978515625000000e+01
4.662356185913085938e+01
4.580666351318359375e+01
4.737814712524414062e+01
4.634725570678710938e+01
4.666540145874023438e+01
4.632381439208984375e+01
4.574127960205078125e+01
4.486106109619140625e+01
4.556150436401367188e+01
4.604610824584960938e+01
4.728472518920898438e+01
4.507646560668945312e+01
4.406430053710937500e+01
4.594704055786132812e+01
4.586788558959960938e+01
4.491611862182617188e+01
4.569890594482421875e+01
4.621651840209960938e+01
4.572855377197265625e+01
4.682095718383789062e+01
4.575702285766601562e+01
4.427989959716796875e+01
4.363529968261718750e+01
4.516640853881835938e+01
4.481246185302734375e+01
4.481445693969726562e+01
4.544084167480468750e+01
4.520862197875976562e+01
4.491524505615234375e+01
4.459671783447265625e+01
4.501333236694335938e+01
4.496365737915039062e+01
4.469333267211914062e+01
4.499524307250976562e+01
4.420454025268554688e+01
4.455966186523437500e+01
4.571146774291992188e+01
4.372592163085937500e+01
4.500667190551757812e+01
4.452486419677734375e+01
4.670879745483398438e+01
4.675094985961914062e+01
4.628780364990234375e+01
4.514501571655273438e+01
4.423078536987304688e+01
4.343308639526367188e+01
4.600912857055664062e+01
4.615943145751953125e+01
4.457232284545898438e+01
4.586369705200195312e+01
4.530331420898437500e+01
4.548912429809570312e+01
4.496356201171875000e+01
4.417208480834960938e+01
4.543705368041992188e+01
4.530093765258789062e+01
4.508018493652343750e+01
4.408175659179687500e+01
4.662149047851562500e+01
4.400059509277343750e+01
4.412685394287109375e+01
4.404505157470703125e+01
4.346634292602539062e+01
4.454005432128906250e+01
4.581029129028320312e+01
4.448681259155273438e+01
4.585205459594726562e+01
4.463460159301757812e+01
4.321939849853515625e+01
4.499579238891601562e+01
4.430608749389648438e+01
4.379752349853515625e+01
4.397381210327148438e+01
4.453145217895507812e+01
4.343207931518554688e+01
4.360353851318359375e+01
4.315142440795898438e+01
4.346337127685546875e+01
4.322681427001953125e+01
4.509061813354492188e+01
4.294846725463867188e+01
4.295459365844726562e+01
4.368581008911132812e+01
4.435215759277343750e+01
4.329280471801757812e+01
4.264968872070312500e+01
4.440635299682617188e+01
4.304885864257812500e+01
4.166474151611328125e+01
4.313202285766601562e+01
4.281192016601562500e+01
4.404732894897460938e+01
4.187201309204101562e+01
4.293070983886718750e+01
4.335574340820312500e+01
4.305846023559570312e+01
4.510351562500000000e+01
4.330430603027343750e+01
4.269338226318359375e+01
4.307936859130859375e+01
4.428550720214843750e+01
4.361799240112304688e+01
4.355408477783203125e+01
4.223447036743164062e+01
4.425511550903320312e+01
4.335211563110351562e+01
4.233432769775390625e+01
4.240457153320312500e+01
4.148661041259765625e+01
4.368533706665039062e+01
4.250201416015625000e+01
4.418946838378906250e+01
4.331538391113281250e+01
4.294774627685546875e+01
4.225702667236328125e+01
4.263911819458007812e+01
4.181211471557617188e+01
4.262076568603515625e+01
4.304627990722656250e+01
4.433961868286132812e+01
4.290208053588867188e+01
4.310728073120117188e+01
4.207502746582031250e+01
4.301558303833007812e+01
4.222980499267578125e+01
4.222027206420898438e+01
4.190735626220703125e+01
4.190361785888671875e+01
4.278495407104492188e+01
4.111677169799804688e+01
4.252361679077148438e+01
4.247545242309570312e+01
4.175231552124023438e+01
4.234967041015625000e+01
4.137610244750976562e+01
4.210482788085937500e+01
4.257912445068359375e+01
4.248614883422851562e+01
4.313995361328125000e+01
4.133369445800781250e+01
4.250459671020507812e+01
4.266490554809570312e+01
4.155742263793945312e+01
4.084461593627929688e+01
4.235953903198242188e+01
4.208633804321289062e+01
4.205765533447265625e+01
4.188085174560546875e+01
4.214332962036132812e+01
4.248854827880859375e+01
4.209442520141601562e+01
4.192345046997070312e+01
4.233739852905273438e+01
4.138068008422851562e+01
4.141941452026367188e+01
4.103735733032226562e+01
4.140654754638671875e+01
4.218070220947265625e+01
4.108305358886718750e+01
4.223871231079101562e+01
4.221261978149414062e+01
4.139757156372070312e+01
4.126079177856445312e+01
4.153100204467773438e+01
4.086697769165039062e+01
4.190963363647460938e+01
4.192848587036132812e+01
4.195528030395507812e+01
4.184150314331054688e+01
4.194972610473632812e+01
4.119430160522460938e+01
4.208316040039062500e+01
4.108879852294921875e+01
4.167861557006835938e+01
4.003297042846679688e+01
4.258211898803710938e+01
4.100128555297851562e+01
4.033464050292968750e+01
4.059631347656250000e+01
4.088200759887695312e+01
4.010009002685546875e+01
3.992217636108398438e+01
4.018712615966796875e+01
4.047883605957031250e+01
3.925328063964843750e+01
4.038144683837890625e+01
4.004721069335937500e+01
4.017545318603515625e+01
4.079444503784179688e+01
4.134980392456054688e+01
3.935918807983398438e+01
4.046603012084960938e+01
3.965048599243164062e+01
3.987174987792968750e+01
4.035432052612304688e+01
3.938035964965820312e+01
3.958097076416015625e+01
3.969906616210937500e+01
4.024530029296875000e+01
3.961923599243164062e+01
3.993117904663085938e+01
4.034473037719726562e+01
4.120333862304687500e+01
4.174944686889648438e+01
4.144300079345703125e+01
4.031664657592773438e+01
3.945291900634765625e+01
4.067594528198242188e+01
3.907695770263671875e+01
4.149879074096679688e+01
4.050381851196289062e+01
4.099211120605468750e+01
3.907313156127929688e+01
3.960132217407226562e+01
3.986600875854492188e+01
3.912017440795898438e+01
4.003433990478515625e+01
3.998833465576171875e+01
3.933484268188476562e+01
3.845929718017578125e+01
4.040476226806640625e+01
3.949078369140625000e+01
3.893696212768554688e+01
3.939200592041015625e+01
3.989127731323242188e+01
4.055831909179687500e+01
3.907648468017578125e+01
3.990159988403320312e+01
3.845944595336914062e+01
3.865802383422851562e+01
3.883509445190429688e+01
3.967662429809570312e+01
3.926575851440429688e+01
3.995441436767578125e+01
4.091169357299804688e+01
3.988167953491210938e+01
3.876870346069335938e+01
3.940139007568359375e+01
3.959195709228515625e+01
4.041741180419921875e+01
3.897048950195312500e+01
3.906524276733398438e+01
4.034175491333007812e+01
4.014069747924804688e+01
3.857553100585937500e+01
4.083387756347656250e+01
4.030829620361328125e+01
3.938260650634765625e+01
3.906538391113281250e+01
4.052444076538085938e+01
3.968476486206054688e+01
4.108763122558593750e+01
3.963872528076171875e+01
4.038452529907226562e+01
4.184735488891601562e+01
4.163115692138671875e+01
4.113932800292968750e+01
4.204613113403320312e+01
4.099363327026367188e+01
4.223276901245117188e+01
4.068361663818359375e+01
4.141624069213867188e+01
4.161400604248046875e+01
4.058172607421875000e+01
4.127878189086914062e+01
4.247898864746093750e+01
3.990293502807617188e+01
4.189378738403320312e+01
4.030106353759765625e+01
4.093750762939453125e+01
4.160724258422851562e+01
4.031604766845703125e+01
4.164164352416992188e+01
4.063612365722656250e+01
4.032700729370117188e+01
4.146125793457031250e+01
4.137374877929687500e+01
4.027935791015625000e+01
4.073830413818359375e+01
4.026723098754882812e+01
4.001696014404296875e+01
4.011018753051757812e+01
4.018998718261718750e+01
3.952059173583984375e+01
3.988253021240234375e+01
3.879164886474609375e+01
3.897041702270507812e+01
3.947529602050781250e+01
3.886888122558593750e+01
4.060792922973632812e+01
4.040913391113281250e+01
4.011743545532226562e+01
3.958711624145507812e+01
3.944713211059570312e+01
3.883745956420898438e+01
3.994625091552734375e+01
3.989925384521484375e+01
3.913254928588867188e+01
4.070932006835937500e+01
4.039719772338867188e+01
4.005866622924804688e+01
4.103696060180664062e+01
4.023925781250000000e+01
4.023440170288085938e+01
4.003769302368164062e+01
4.023144149780273438e+01
3.985479354858398438e+01
4.057951736450195312e+01
4.072672653198242188e+01
4.044309234619140625e+01
4.017293548583984375e+01
3.937091445922851562e+01
4.062411880493164062e+01
4.112648010253906250e+01
4.177936553955078125e+01
4.000730514526367188e+01
4.047577285766601562e+01
4.031002426147460938e+01
4.047639083862304688e+01
3.901900863647460938e+01
3.942799377441406250e+01
4.037525939941406250e+01
4.122589492797851562e+01
4.036481094360351562e+01
4.010643768310546875e+01
4.113102722167968750e+01
4.035429000854492188e+01
3.967092132568359375e+01
4.023427200317382812e+01
4.060886001586914062e+01
4.031077194213867188e+01
4.077489852905273438e+01
4.006038284301757812e+01
4.088694381713867188e+01
3.949855422973632812e+01
4.073662185668945312e+01
4.034851074218750000e+01
4.040443801879882812e+01
4.149961090087890625e+01
4.080463409423828125e+01
4.061125183105468750e+01
4.118121337890625000e+01
4.070889663696289062e+01
4.105467605590820312e+01
4.177193069458007812e+01
4.129767227172851562e+01
3.998942947387695312e+01
4.244725799560546875e+01
4.178668975830078125e+01
4.101629638671875000e+01
4.159506225585937500e+01
4.180858230590820312e+01
4.049533081054687500e+01
4.081874847412109375e+01
4.064613342285156250e+01
4.132489776611328125e+01
4.147137451171875000e+01
4.164034271240234375e+01
4.218689727783203125e+01
4.160010147094726562e+01
4.060957717895507812e+01
4.105534362792968750e+01
4.000671386718750000e+01
4.097542190551757812e+01
4.032826995849609375e+01
4.052149581909179688e+01
4.154682159423828125e+01
4.069625091552734375e+01
4.055809402465820312e+01
4.024165725708007812e+01
4.078306579589843750e+01
4.011182785034179688e+01
4.221182632446289062e+01
4.172047805786132812e+01
4.141196060180664062e+01
4.076626586914062500e+01
4.195692825317382812e+01
4.084321212768554688e+01
4.090870666503906250e+01
4.126109695434570312e+01
4.082414627075195312e+01
4.142346191406250000e+01
4.180781936645507812e+01
4.125653457641601562e+01
4.146374511718750000e+01
4.172406387329101562e+01
4.227574157714843750e+01
4.151353073120117188e+01
4.175057983398437500e+01
4.174447250366210938e+01
4.204527664184570312e+01
4.089579010009765625e+01
4.088070297241210938e+01
4.224736022949218750e+01
4.212519454956054688e+01
4.151843643188476562e+01
4.222846221923828125e+01
4.223497772216796875e+01
4.338436508178710938e+01
4.226135635375976562e+01
4.343547821044921875e+01
4.381506347656250000e+01
4.309367370605468750e+01
4.343050765991210938e+01
4.246870803833007812e+01
4.392259979248046875e+01
4.413641738891601562e+01
4.393654632568359375e+01
4.286875915527343750e+01
4.312811660766601562e+01
4.380540466308593750e+01
4.398450469970703125e+01
4.356087493896484375e+01
4.322567367553710938e+01
4.329939270019531250e+01
4.241446685791015625e+01
4.273134231567382812e+01
4.299106597900390625e+01
4.247137069702148438e+01
4.217882919311523438e+01
4.156662368774414062e+01
4.220272827148437500e+01
4.186424255371093750e+01
4.137221145629882812e+01
4.240765380859375000e+01
4.171710586547851562e+01
4.119837570190429688e+01
4.216542053222656250e+01
4.085235977172851562e+01
4.151607894897460938e+01
4.074815750122070312e+01
4.140061950683593750e+01
4.047671127319335938e+01
4.122527313232421875e+01
4.012275695800781250e+01
4.293885803222656250e+01
4.197178268432617188e+01
4.259542846679687500e+01
4.100835037231445312e+01
4.311146163940429688e+01
4.094226455688476562e+01
4.084840011596679688e+01
4.196739959716796875e+01
4.056672668457031250e+01
4.098731231689453125e+01
4.015644073486328125e+01
4.205202484130859375e+01
4.106194686889648438e+01
4.130145263671875000e+01
4.044024276733398438e+01
4.105159378051757812e+01
4.185736846923828125e+01
4.114888381958007812e+01
4.070631408691406250e+01
4.142090606689453125e+01
4.159976196289062500e+01
3.988672637939453125e+01
4.109366226196289062e+01
4.210388183593750000e+01
4.080390548706054688e+01
4.088549041748046875e+01
4.026985549926757812e+01
4.139466476440429688e+01
4.290685653686523438e+01
4.078052520751953125e+01
4.095480728149414062e+01
4.130401229858398438e+01
4.093169403076171875e+01
4.040068817138671875e+01
4.056418609619140625e+01
4.163561630249023438e+01
4.158437347412109375e+01
4.133498764038085938e+01
4.186998367309570312e+01
4.024418640136718750e+01
4.039054870605468750e+01
4.058433151245117188e+01
4.143228149414062500e+01
4.115320205688476562e+01
4.087125015258789062e+01
4.090041732788085938e+01
4.034738540649414062e+01
4.069684982299804688e+01
4.138317871093750000e+01
4.119058990478515625e+01
4.112766647338867188e+01
4.083534240722656250e+01
4.187553787231445312e+01
4.193315887451171875e+01
4.120230484008789062e+01
4.092950057983398438e+01
4.111617279052734375e+01
4.166328048706054688e+01
3.980443572998046875e+01
4.045188903808593750e+01
4.028858184814453125e+01
4.022953414916992188e+01
4.101389694213867188e+01
3.977838897705078125e+01
4.065692138671875000e+01
4.081534194946289062e+01
4.027562713623046875e+01
4.010589981079101562e+01
3.966700744628906250e+01
3.944209289550781250e+01
4.056644439697265625e+01
4.086503601074218750e+01
4.218850326538085938e+01
4.116441345214843750e+01
4.032583999633789062e+01
4.059358215332031250e+01
4.024744033813476562e+01
4.100276565551757812e+01
4.021512985229492188e+01
4.013802719116210938e+01
4.065317153930664062e+01
4.006858062744140625e+01
4.108071517944335938e+01
4.064377593994140625e+01
4.187714004516601562e+01
4.126237106323242188e+01
4.072336959838867188e+01
4.205073547363281250e+01
4.184164047241210938e+01
4.133858489990234375e+01
3.966405487060546875e+01
4.106150054931640625e+01
4.132843017578125000e+01
4.112196731567382812e+01
4.111029052734375000e+01
4.078544235229492188e+01
4.129882812500000000e+01
4.162553405761718750e+01
4.126771926879882812e+01
4.040059280395507812e+01
4.119932174682617188e+01
4.105450439453125000e+01
4.136750411987304688e+01
4.531116867065429688e+01
4.340380096435546875e+01
4.329059219360351562e+01
4.370061111450195312e+01
4.219660186767578125e+01
4.154573440551757812e+01
4.202561569213867188e+01
4.200121688842773438e+01
4.180892181396484375e+01
4.210709381103515625e+01
4.248775100708007812e+01
4.153054809570312500e+01
4.191623306274414062e+01
4.231361007690429688e+01
4.320303344726562500e+01
4.096403884887695312e+01
4.157321929931640625e+01
4.188028717041015625e+01
4.287263488769531250e+01
4.313918685913085938e+01
4.233921813964843750e+01
4.152809143066406250e+01
4.049671936035156250e+01
4.159819793701171875e+01
4.136795425415039062e+01
4.132078170776367188e+01
4.083748626708984375e+01
4.207341003417968750e+01
4.237395858764648438e+01
4.245661163330078125e+01
4.147861862182617188e+01
4.219446945190429688e+01
4.216375350952148438e+01
4.218251419067382812e+01
4.136181259155273438e+01
4.071030426025390625e+01
4.231198120117187500e+01
4.128227996826171875e+01
4.312804031372070312e+01
4.245204162597656250e+01
4.115091323852539062e+01
4.216732788085937500e+01
4.246100997924804688e+01
4.226469802856445312e+01
4.549495315551757812e+01
4.498617172241210938e+01
4.395590591430664062e+01
4.474877166748046875e+01
4.403422927856445312e+01
4.339025497436523438e+01
4.496958541870117188e+01
4.366637802124023438e+01
4.395072937011718750e+01
4.284940719604492188e+01
4.362622833251953125e+01
4.353097534179687500e+01
4.390132904052734375e+01
4.243847656250000000e+01
4.241770172119140625e+01
4.190916061401367188e+01
4.298892974853515625e+01
4.285565567016601562e+01
4.303364944458007812e+01
4.209000396728515625e+01
4.263719177246093750e+01
4.334125518798828125e+01
4.414942169189453125e+01
4.326667785644531250e+01
4.446742248535156250e+01
4.420899200439453125e+01
4.191410064697265625e+01
4.373907089233398438e+01
4.416386795043945312e+01
4.250088882446289062e+01
4.639346313476562500e+01
4.516131210327148438e+01
4.565428924560546875e+01
4.469413375854492188e+01
4.419129180908203125e+01
4.557728576660156250e+01
4.258586502075195312e+01
4.330178451538085938e+01
4.513342666625976562e+01
4.405391311645507812e+01
4.596207427978515625e+01
4.243292999267578125e+01
4.293912124633789062e+01
4.308814239501953125e+01
4.451321792602539062e+01
4.434732437133789062e+01
4.320561599731445312e+01
4.414424896240234375e+01
4.454661560058593750e+01
4.463746261596679688e+01
4.358560943603515625e+01
4.447459030151367188e+01
4.367462539672851562e+01
4.469025802612304688e+01
4.351751708984375000e+01
4.322025299072265625e+01
4.281361007690429688e+01
