-3.287516408732950595e+02
-4.103337381145371410e+02
-3.122427353370750893e+02
-2.670827984349040776e+02
-1.162160395377488555e+02
-8.781325412291008092e+01
-7.190954339332463974e+01
-1.016106890092566744e+02
1.444255788453965650e+01
4.328638216623299968e+02
3.293583140096069428e+02
5.699229845497927727e+02
9.141374790222935189e+02
8.779317336736796733e+02
1.231464956649636179e+03
1.113921323204352575e+03
1.322883579041084431e+03
1.027351019981785157e+03
1.153992890593691072e+03
1.570216360448566320e+03
1.611651905323963092e+03
1.653487622173273394e+03
1.815401229282248778e+03
1.918763152908166830e+03
1.988886226032519744e+03
1.901502443263260602e+03
2.040505062915819508e+03
2.370493765943899689e+03
2.103033408985720143e+03
1.941173530289409655e+03
2.101966790895513441e+03
2.572026981140821135e+03
2.892093685313641345e+03
3.456075231937098579e+03
3.742308526025979518e+03
4.135122354450240891e+03
4.034061195704380225e+03
4.231392459097054598e+03
4.516747169115476026e+03
4.646087018292242647e+03
4.721368891898022412e+03
4.888608835698172697e+03
4.946382169873635576e+03
5.108917707602837254e+03
5.189047834349263212e+03
5.201789041962985721e+03
5.415752739691840361e+03
5.196998274979961025e+03
5.433640885846949459e+03
5.334050505725190305e+03
5.291790123211564605e+03
5.275587734490445655e+03
5.665301354069260924e+03
5.591860313867089644e+03
5.713711557810081104e+03
6.107786161037236525e+03
6.173813883227584483e+03
5.868495709914929648e+03
6.269458060891345667e+03
6.397022540941647094e+03
6.606610972303022209e+03
6.426809104646611559e+03
6.569830655606400796e+03
6.857367413733863032e+03
6.838463280979958654e+03
7.017705508731816735e+03
6.837904364046294177e+03
7.284063577214488760e+03
6.972995472147575128e+03
6.342612902119764840e+03
6.749122219995873820e+03
6.773631462510953497e+03
7.415571652337089290e+03
7.706133191643117243e+03
7.524085993306916862e+03
7.799549461546327620e+03
7.511815281880486509e+03
7.503409939993939588e+03
7.884833108470341358e+03
7.798276710555728641e+03
8.078064670318157368e+03
7.999295394257722364e+03
8.031546651700907205e+03
7.755965167676891724e+03
8.136544894616616148e+03
8.438538404434752010e+03
8.484141983094552415e+03
8.047052241644913920e+03
8.083288082487441898e+03
8.397944175297645415e+03
8.486584118605160256e+03
8.819211533791913098e+03
8.210011898102211489e+03
8.576157565876357694e+03
9.067554677989155607e+03
9.109256922583888809e+03
8.520876795655345632e+03
8.593220191535006961e+03
9.348000304316883557e+03
8.229937380151688558e+03
9.498876274258514968e+03
9.454637983487798920e+03
9.161807138671738358e+03
9.706419011720810886e+03
8.403039497369325545e+03
9.985718195659690537e+03
9.067191624068214878e+03
1.009388265965466053e+04
9.660624714062767453e+03
9.705035024811626499e+03
9.152030045991288716e+03
9.752727887890894635e+03
1.014981193488459030e+04
1.032000012784079809e+04
1.029306717160182234e+04
1.062184719281350772e+04
1.010327801413505222e+04
1.061637610933973338e+04
1.043728114033645761e+04
1.051204886191633341e+04
1.072233715361398390e+04
1.069365136550649004e+04
9.858079538638317899e+03
1.072846023914379111e+04
1.083086950272791182e+04
1.012409524667882033e+04
1.105796460725448742e+04
9.451487000239534609e+03
1.094291249202680228e+04
1.119963224448353139e+04
1.004496424203189963e+04
1.078617262374922029e+04
1.113736643841374644e+04
1.111785252439030046e+04
1.137397520156416795e+04
1.136133702103486758e+04
1.118236980671604579e+04
1.121074228338765533e+04
1.147434086720401137e+04
1.149334432743572324e+04
1.060690544150460300e+04
1.118142155604449727e+04
1.146430220224229015e+04
1.145422779140309467e+04
1.177489961875532936e+04
1.136763629498026421e+04
1.033494086037507441e+04
1.158122612866235977e+04
1.150002501337378817e+04
1.126653966965650579e+04
1.165726770406733340e+04
1.182661554259829063e+04
1.195949936130197239e+04
1.169636136720009927e+04
1.178976398475207316e+04
1.178105819613576750e+04
1.169358299077765332e+04
1.203387623467472622e+04
1.185405162096384447e+04
1.220387175450617360e+04
1.191556047075527931e+04
1.210664277832492371e+04
1.175474988658242000e+04
1.110764815603038187e+04
1.172867996332096300e+04
1.228908847783685997e+04
1.192460162719704931e+04
1.226743314529747659e+04
1.191744466387050124e+04
1.243103196939326881e+04
1.233382213494056305e+04
1.206451818489687139e+04
1.203817412674022853e+04
1.222143149559294034e+04
1.205174194207135952e+04
1.249074124657009634e+04
1.226581801771844584e+04
1.250674535285249112e+04
1.232959913035021964e+04
1.228777490157991087e+04
1.254117547992859909e+04
1.226198903975529356e+04
1.194923764293408385e+04
1.249035928020476786e+04
1.262016293350718115e+04
1.258717031199699886e+04
1.248934771210572762e+04
1.244805565504081824e+04
1.243331681494592704e+04
1.259457882645778955e+04
1.250550035083461444e+04
1.263557083678375420e+04
1.253846487723197970e+04
1.224365519782439151e+04
1.268536878807739413e+04
1.264686040585787487e+04
1.252547246179286594e+04
1.225955433780076601e+04
1.183255923372729740e+04
1.288843748855329795e+04
1.263962737180750446e+04
