-3.951909914119744940e+02
-4.170600049051462292e+02
-9.514322659308066932e+01
-1.394477897227711480e+02
-8.191885996053220254e+01
1.312425367223100920e+02
6.503407033438662666e+02
1.425721212295399482e+03
1.619771340006608852e+03
1.272793397432428719e+03
1.507478883139030813e+03
1.806761150680412811e+03
1.976327739804918792e+03
2.112387440248787698e+03
2.615189183722645794e+03
2.453867302298662707e+03
2.654863108547884167e+03
2.279199232151854631e+03
2.665187437062505069e+03
3.218700648388824902e+03
2.739405789991831170e+03
3.268902537943616153e+03
3.484964052059260666e+03
3.655415076942073028e+03
3.269675416228238646e+03
4.103955332739173173e+03
4.674380123164899487e+03
4.651562827688268953e+03
4.600551974141763822e+03
4.389536469163923357e+03
4.925487825991529462e+03
4.335799158093039296e+03
4.769287354474385211e+03
5.156906011358618343e+03
4.840559381542391748e+03
5.156153457586825425e+03
5.176080440631793863e+03
5.267080252618379745e+03
5.502473967265827923e+03
5.089851267119325712e+03
5.735176967985050396e+03
5.732414852687554230e+03
5.978662539913491855e+03
5.811970736261394450e+03
5.929651096551338924e+03
6.031006230733963093e+03
5.907463872698280284e+03
6.108428772693174324e+03
6.178935028451973267e+03
6.077926500999452401e+03
6.251623909922125677e+03
6.147494039155097198e+03
6.328267664482504188e+03
6.061504463471177587e+03
6.600110285258461772e+03
6.543151586132742523e+03
6.273091421225658451e+03
6.497632578819300761e+03
6.893411078399083635e+03
7.078717797545973553e+03
7.081537386213555692e+03
6.820336425176879857e+03
7.342267907714920511e+03
7.399874127268443772e+03
7.548551021661315644e+03
7.565550382479455038e+03
7.496273225648137668e+03
7.647437474432335875e+03
7.787480302215396478e+03
7.768354880923851852e+03
7.879079663497449474e+03
7.830996177600481133e+03
7.903203567540437689e+03
7.753311659193954256e+03
7.976477597987080117e+03
7.489233520191181924e+03
8.080443599006079239e+03
8.178793419790097687e+03
8.281730342564133025e+03
7.900611524608963009e+03
8.175189205922460133e+03
8.392480068930901325e+03
8.484794631496788497e+03
8.405656877050532785e+03
8.599903424468284356e+03
8.012447960554290148e+03
8.615633452086714897e+03
8.749221472123952481e+03
8.804650829938882453e+03
8.956720869972205037e+03
9.110314398282051116e+03
9.143474173547105238e+03
9.000505241361397566e+03
9.388735884762889327e+03
9.114262872025101387e+03
8.397213902128069094e+03
9.317879747297971335e+03
9.209668782206546894e+03
8.829644004219051567e+03
9.005645764367134689e+03
9.706549013017634934e+03
1.021943527074923259e+04
9.910043670757891960e+03
1.004020314927107756e+04
1.020415519443561425e+04
9.701552232920443203e+03
9.454524421987600363e+03
1.042503375286577284e+04
9.401069627586675779e+03
9.790599926289636642e+03
1.055574057753812303e+04
1.010791791174801983e+04
9.778090445148818617e+03
1.043333972999249636e+04
1.049975103734217919e+04
9.936053480100650631e+03
1.062892824369937807e+04
1.063766460465843738e+04
1.116971650683567532e+04
1.101313812582579158e+04
1.095275577449879165e+04
1.112711668706487762e+04
1.114455817253368696e+04
1.111126121796115513e+04
1.005566121823229150e+04
1.092830324584857044e+04
1.087288243626586882e+04
1.134945226817637376e+04
1.158772546902006434e+04
1.035285275720062600e+04
1.118826623118942007e+04
1.146874938290835235e+04
1.110888000737089897e+04
1.149898627801301882e+04
1.104758073304347636e+04
1.032533379863501796e+04
1.030906847649656629e+04
1.162073328436221709e+04
1.136623362070826806e+04
1.141220064873117735e+04
1.185881731355507145e+04
1.138689739986869608e+04
1.175888703387425085e+04
1.179436769231078870e+04
1.175046443545662441e+04
1.216689748872127711e+04
1.202399429111525023e+04
1.216717216474687484e+04
1.172600382973430351e+04
1.205412879539248570e+04
1.215900837738042537e+04
1.216852763127552862e+04
1.200948273624854664e+04
1.243063051845620248e+04
1.157752289668122285e+04
1.184625111225649380e+04
1.164315855835988077e+04
1.202599914335792892e+04
1.250077101655133265e+04
1.233638612243047828e+04
1.198295004171645996e+04
1.235345226649640244e+04
1.250313099839822826e+04
1.241016184137745950e+04
1.258251236808914473e+04
1.213088275999435064e+04
1.239802171726189772e+04
1.246900541331528984e+04
1.234760259242895336e+04
1.194672321898658083e+04
1.261046586139955070e+04
1.252284981521612281e+04
1.247586310031550966e+04
1.242604964378518707e+04
1.244498774866604253e+04
1.240531890477152956e+04
1.254475307025469010e+04
1.166589733289159813e+04
1.267768972235217007e+04
1.248584109141598492e+04
1.268633432055419689e+04
1.254999988257936275e+04
1.252056583117054106e+04
1.261275310502833236e+04
1.248103363832201103e+04
1.263783197492230465e+04
1.268396258458466400e+04
1.239457178378249409e+04
1.274683547980504773e+04
1.223626475428986669e+04
1.261814350206279414e+04
1.277812229728479178e+04
1.236769406377904306e+04
1.283428556940281669e+04
1.172430913286206305e+04
1.206797014025980752e+04
1.276239682634436394e+04
1.219159495752767180e+04
1.250893504244524775e+04
1.292042126882332741e+04
1.249350727403585552e+04
