-3.820946227050985726e+02
-2.538169088656313193e+02
-3.999275775038027092e+01
3.319669287474680175e+01
1.806214214467515262e+02
2.447749090358357478e+02
2.249887550125611710e+02
2.055097357713599990e+02
1.975966884447342125e+02
2.499555294990412619e+02
2.790157935073476665e+02
1.005871006587160821e+02
2.862737827328247704e+02
4.493971267852876963e+02
4.673029130951516095e+02
3.848488453220896872e+02
6.376669693528592688e+02
4.776743807091519329e+02
3.298746813659976169e+02
5.509698324209077782e+02
9.377286310903411959e+02
9.241283077846728702e+02
1.046781808825983035e+03
9.446638282714693560e+02
1.016457932994976318e+03
1.020860898387520479e+03
1.026635876832192707e+03
1.143251925854165620e+03
1.675560002009990512e+03
1.594094402415099921e+03
1.762183973940949045e+03
1.935734610805493048e+03
2.201444084449128695e+03
2.227400843901395092e+03
2.494648666287569995e+03
2.365053198987583528e+03
2.906102539239667294e+03
2.564264904923988070e+03
2.779449622315208217e+03
3.409566197519424350e+03
2.700589405306263870e+03
3.440398719165716557e+03
3.635319882503251392e+03
3.128883629217340967e+03
3.897432984823361949e+03
3.615414831236187638e+03
3.447976534985969010e+03
3.829151512891123275e+03
4.021786445627057219e+03
4.045789836842855038e+03
1.877538313516079143e+02
-2.935044667750933627e+02
-4.419121966391488741e+02
4.128202739334590660e+03
5.693122439751521597e+03
5.198057610253151324e+03
5.642138334820552700e+03
5.279974674001229687e+03
5.861624183824533247e+03
5.978765042691584313e+03
5.990206863275664546e+03
6.196381226243707715e+03
6.163007310945337849e+03
6.349654440140363477e+03
6.422691541713609695e+03
6.427406328104205386e+03
6.787448600327884378e+03
6.749403275153784307e+03
6.880148415168034262e+03
6.962613016763511041e+03
7.081161214435027432e+03
7.243948499845869264e+03
7.267778404085374859e+03
7.251015297488849683e+03
7.452125380199146093e+03
7.726282940224527920e+03
7.500151053681365738e+03
7.674171186199261683e+03
7.922957144136091301e+03
7.900227838241032259e+03
7.890535863821700332e+03
7.828487827037039096e+03
8.162822148918725361e+03
7.699478476189300636e+03
8.262987471031006862e+03
8.222209480715415339e+03
8.445717403264467066e+03
8.673119245495969153e+03
8.734056654795120266e+03
8.767843271652334806e+03
8.933084025713318624e+03
9.115913532229653356e+03
8.881608303827801137e+03
8.958796471403595206e+03
9.347465205696946214e+03
9.401467640901773848e+03
9.463886503556841490e+03
9.427975303242496011e+03
9.882490235659766768e+03
9.731687206879765654e+03
9.251572546976120066e+03
9.928283923827788385e+03
1.000327575387459183e+04
9.952706443983606732e+03
1.037595427207096691e+04
1.039521201672215466e+04
1.040059117891895039e+04
9.609802108465364654e+03
9.001045024619401374e+03
1.004855692736152014e+04
1.032899736375550492e+04
1.073872839991628643e+04
1.054397860639520331e+04
1.068757100774841638e+04
1.034287399094686771e+04
1.085838408849011103e+04
1.119346936566998556e+04
1.128893178019454172e+04
1.119183634190631165e+04
1.027139498823535723e+04
1.124715527204182217e+04
1.143270721347278050e+04
1.137410295406105070e+04
1.086227484681082205e+04
1.076973388441631323e+04
1.102235231368566383e+04
1.164603693275539990e+04
1.010702720972801399e+04
7.669130947652871328e+03
4.900557415723857048e+03
6.440125046203030251e+03
1.185796814968141734e+04
1.163770342098688343e+04
1.198071038016750026e+04
1.083287086971333156e+04
1.189960040610892793e+04
1.177604068299925166e+04
1.196392937012855509e+04
1.182269460566326597e+04
1.184783084909266108e+04
1.172889535309767416e+04
1.168536505468297582e+04
1.103143846938092975e+04
1.183069741483921644e+04
1.191784431345018675e+04
1.169713331962342272e+04
1.191117281420556719e+04
1.210302333706037462e+04
1.191709395667561694e+04
1.217057656648307966e+04
1.194201545015584270e+04
1.211880498013468787e+04
1.186022501838850985e+04
1.202245977780207613e+04
1.213747185205457936e+04
1.210613765326799876e+04
1.229327580494212452e+04
1.228648303064876200e+04
1.227247982050605970e+04
1.211858756741623438e+04
1.247686393760777901e+04
1.185837643477543679e+04
1.242490261364710750e+04
1.231114480220173755e+04
1.247078989760233526e+04
1.253610326077452737e+04
1.259384381211150503e+04
1.247378785150762633e+04
1.261102283677161358e+04
1.248297491402868400e+04
1.264003932618525869e+04
1.220124471782961336e+04
1.246507975918939883e+04
1.244412244202154943e+04
1.251351189858902580e+04
1.265892255037498398e+04
1.269399789905180296e+04
1.256155447925887165e+04
1.265472341670754759e+04
1.259021509018828147e+04
1.269609320071890033e+04
1.279511224064595444e+04
1.245685872652580474e+04
1.256762062726528893e+04
1.277136906253125562e+04
1.290137065948267627e+04
1.273000215521500832e+04
1.262541226567465856e+04
1.269429076763737248e+04
1.199821078234510605e+04
1.263756309468624931e+04
1.245331759095607413e+04
1.261807009308021225e+04
1.273118955963167537e+04
1.254978306643550422e+04
1.284608288663136409e+04
1.246456837784508753e+04
1.296616003336280846e+04
1.286134579913029302e+04
1.251619337851925593e+04
1.294284598476104293e+04
