-5.558207729235912211e+02
-3.888920597657771054e+02
-1.035192381416276532e+02
-1.127662706961047689e+02
-1.465779203143610232e+01
-7.812562491030054623e+00
-3.170094930613174711e+01
1.020181814826914923e+01
6.782985291546889073e+01
1.196884824928277737e+02
6.015063425170274058e+01
2.458551579371015521e+02
1.243514636436877083e+02
3.818054462117430035e+02
8.230021738722520013e+02
9.817968482990945631e+02
2.242749887853790369e+03
1.898420084073811495e+03
2.882183109634067478e+03
2.930514976247336563e+03
2.727882540399524260e+03
2.928370679881594242e+03
3.071570035467018442e+03
3.333263192456131037e+03
3.458935811209000349e+03
3.430898649766863855e+03
3.568173812288831868e+03
3.816890019126162770e+03
3.918715143937008634e+03
3.493763446140021642e+03
3.799176496112105269e+03
4.117054328785609869e+03
3.867896012258329392e+03
4.285791550147910129e+03
1.841639290831669769e+03
-3.917386001114704186e+02
-3.230097885092160936e+02
-2.840324729751084192e+02
-4.251901991991435636e+01
3.354506337737807371e+03
4.512916439962666118e+03
4.505466225756382300e+03
4.659617971981404480e+03
4.588738047934882161e+03
4.146588246573451215e+03
4.730472356745783145e+03
4.697668093833074636e+03
4.720154847392886950e+03
4.750580127187444305e+03
4.732587227459533096e+03
4.299710351012121464e+03
5.029506151501922432e+03
4.955090385559500646e+03
5.325697736504032946e+03
5.308369341309863557e+03
5.367520068318865924e+03
5.061623567545694641e+03
5.394751642923705731e+03
5.192253062602482714e+03
5.186888629525450597e+03
5.479522466392174465e+03
5.668985471279872399e+03
5.325135450706611664e+03
4.922065987794418106e+03
5.783706396614468758e+03
5.886918261792656267e+03
5.783994095812090563e+03
5.894825348953077992e+03
5.562671500708856001e+03
5.412807392811694626e+03
5.963920371760827038e+03
5.331508467951550301e+03
5.657401613444791110e+03
6.216219775481740726e+03
5.213900546954176207e+03
6.385886704095944879e+03
5.917527102581793770e+03
6.396638109644435644e+03
6.388493226966858856e+03
6.432031998153323912e+03
6.681749228597252113e+03
6.751921548995863304e+03
5.892287752076192191e+03
6.363793735690634094e+03
6.818541739000679627e+03
6.938557294456439195e+03
6.965516634442790746e+03
6.657264620310702412e+03
6.514602826939643819e+03
7.288507049563636429e+03
7.351360861135739469e+03
5.828999612726578562e+03
6.342160524943332348e+03
7.428405143699153086e+03
7.603550058263235769e+03
7.544777857827650223e+03
7.790101368891359016e+03
7.301399791093352178e+03
8.126565046147756220e+03
7.972417962055905264e+03
8.049171514153500539e+03
8.095139022687321813e+03
8.302687664909066370e+03
7.989996072356047989e+03
8.126383256951543444e+03
8.599325488496122489e+03
8.476827837012318923e+03
8.878760788477127790e+03
8.266504709663859103e+03
9.131073008940104046e+03
9.167436135945430578e+03
8.525182886077735020e+03
8.272531343779352028e+03
8.948013987832260682e+03
9.503114923078475840e+03
8.796784121501532354e+03
8.447764279482864367e+03
9.207194962160714567e+03
1.006811030494028273e+04
8.816950667208662708e+03
9.844555085652309572e+03
1.008107995238656258e+04
1.026685588255565381e+04
1.040492006152756403e+04
1.041874670304180654e+04
1.046556258165698091e+04
9.566774093998685203e+03
1.059753230741668449e+04
9.861113736197297840e+03
1.057268157529205564e+04
1.069438556781132866e+04
9.406141176728402570e+03
1.041695459649175973e+04
1.075618638513395308e+04
1.084643162061413386e+04
1.075974969861238969e+04
9.339315263048201814e+03
1.096059690739858524e+04
1.066106147536314165e+04
1.073463394050827992e+04
1.100598775802953242e+04
1.081310653796007318e+04
1.093283182218543698e+04
1.089404251986199597e+04
1.065401072597184066e+04
1.111380711846025406e+04
1.113674943599108883e+04
1.064069874372874256e+04
1.116325275813519147e+04
1.118582444169145856e+04
1.126564967815866839e+04
1.114494227487307580e+04
1.111838648079108680e+04
1.122990002724240367e+04
1.066621890337516379e+04
1.127970272812629992e+04
1.133021917319452405e+04
1.153705033691452627e+04
1.027764361439078129e+04
1.140010602921060490e+04
1.138901834699460960e+04
1.154904416775224854e+04
1.079044688755315474e+04
1.145853372285878504e+04
1.166190634510709060e+04
1.057497481755196713e+04
1.113999857691729630e+04
1.153686399124314812e+04
1.076009987386505236e+04
1.023958372869267623e+04
1.152225887957032683e+04
1.167698885530883854e+04
1.143575632511165168e+04
1.159509043865379317e+04
1.126195170143173164e+04
1.174307929204912398e+04
1.140775808923264412e+04
9.647090784169424296e+03
1.102679233270526311e+04
1.168489183505644360e+04
1.177584652885758624e+04
1.186115523856792788e+04
1.124563894177160910e+04
1.182805702141796428e+04
1.196164813987860907e+04
1.134996218288411183e+04
1.074625166835079654e+04
1.200352634094118366e+04
1.100372445935749784e+04
9.529575332529513616e+03
3.960923414215030789e+03
1.006413543475353208e+03
3.364540330006457225e+02
5.460261884706417277e+02
5.140827584675508660e+03
1.139452137114707512e+04
1.094386565860357769e+04
1.121974538675597614e+04
1.185716966648810194e+04
1.198199153367405597e+04
1.224524076616666935e+04
