-6.962555204336955512e+02
-1.085591478254734028e+02
-8.298122939054849212e+01
1.687421808857614991e+01
2.341224426071543263e+01
5.217538274624841961e+02
5.798907450261233407e+02
7.719380533859230127e+02
1.344302866792193299e+03
1.788683236915158432e+03
2.242580574914440604e+03
2.384773671034046856e+03
2.220455552447981972e+03
2.713388796280040879e+03
3.146165187687961406e+03
3.193196113878012966e+03
3.409303380717239634e+03
3.464312120562236032e+03
3.446865031509068558e+03
1.960312993950110922e+03
-7.317767989792488947e+01
-3.710801863992550125e+02
-4.468319404550654212e+02
-4.951855363876767910e+02
-4.933566170645426610e+02
-5.172362047754330661e+02
-2.351500775359945123e+02
-3.869501780136154139e+02
-3.976315815141073244e+02
-2.875027414670863664e+02
-2.201399019132068133e+02
-2.018929116238641086e+02
-1.406760023146922265e+02
-2.318280322875513377e+02
-4.039812557880178190e+01
-8.069954605953934390e+01
-7.087751557575231232e+01
4.777347706603575972e+01
3.804149671518672449e+00
9.007530921942874329e+02
3.782765050990336022e+03
4.158921231834708124e+03
4.388555827380154369e+03
4.480365704781038403e+03
4.699062347172864065e+03
4.644048856150617212e+03
4.777407983406492349e+03
4.776601441391531807e+03
4.930636932105871892e+03
4.949100704353819310e+03
5.063716348202456174e+03
5.204215635098004896e+03
5.157961554050761151e+03
4.879644966276899140e+03
5.367434595409873509e+03
5.549034245393957463e+03
5.602540171991785428e+03
5.713842094101901239e+03
5.843955068285147718e+03
6.055180653918419921e+03
6.209060910613216038e+03
6.348273408370542711e+03
6.457926188991677918e+03
6.019193751988509575e+03
6.626448676286539921e+03
6.049627800710102747e+03
6.796069259340785720e+03
6.836763374122140704e+03
6.405781895775031444e+03
7.206242356851343175e+03
6.605376046145652253e+03
6.520104236038061572e+03
7.597057613612902060e+03
6.410203273234770677e+03
7.180138386465703661e+03
7.896161318061198472e+03
7.896727665663672269e+03
8.068598730878079550e+03
8.194773686827231359e+03
8.140029928351214039e+03
8.258723379337703591e+03
8.236313872240711135e+03
7.898340345060545587e+03
8.060505732123810958e+03
7.809943452458983302e+03
8.481211306618381059e+03
8.568452354629653200e+03
8.706456806711436002e+03
8.024604928804814335e+03
8.823334613706891105e+03
8.905725909057498939e+03
8.908631732376914442e+03
9.170555318035980235e+03
9.187059755434467661e+03
8.644315175710486074e+03
9.119068362988575245e+03
9.235415972620647153e+03
9.375625246494453677e+03
9.371950339764534874e+03
9.281221820109298278e+03
9.691909700929916653e+03
8.817564590378327921e+03
9.733447997353188839e+03
9.542970472846724078e+03
9.941640432462885656e+03
1.000820560459899389e+04
9.645258453017426291e+03
9.823348233826969590e+03
9.668264301962055470e+03
1.010825046088665476e+04
8.802172906082925692e+03
1.010049558033589346e+04
1.015889659045239023e+04
1.010589670096850386e+04
9.829045803866243659e+03
1.043669495921082853e+04
9.586459048695887759e+03
1.021558490981082468e+04
1.053158056621015930e+04
9.629919404684356778e+03
9.763517244640735953e+03
1.034173174707335056e+04
1.004321724613758670e+04
1.061331932943544598e+04
1.074120423543080142e+04
9.966115615221398912e+03
1.064149311866957214e+04
1.077612869955311544e+04
1.099279643072261752e+04
1.099651873396214978e+04
1.087671837288362804e+04
1.001319753569812383e+04
1.001645749468229587e+04
1.086220178461902651e+04
1.104508714504429008e+04
1.068660568924644394e+04
1.110681419960436506e+04
1.118488648619316155e+04
1.122667071577609931e+04
1.135216849907368851e+04
1.034911994221481655e+04
1.142479102758628505e+04
1.142011578381173422e+04
1.132161963402316360e+04
1.116063897953504238e+04
1.139812139215961179e+04
1.107640728901005787e+04
1.132916309086699766e+04
1.088720308796665813e+04
1.141074085000886771e+04
1.144005262240996126e+04
1.133144618677532344e+04
1.131970580453051298e+04
1.157945959980769476e+04
1.125579880297748969e+04
1.117435105163161461e+04
1.079894478915993386e+04
1.136087527488181877e+04
1.106283264319878435e+04
1.144640018352220613e+04
1.120022055903677756e+04
1.128818596367120517e+04
1.152258226488573200e+04
1.147580474110079558e+04
1.128647645242886574e+04
1.085089473818509032e+04
1.142460378182601926e+04
1.163555519386386004e+04
1.066578416447300151e+04
1.141071168274895354e+04
1.131803143971872851e+04
1.159202163830237441e+04
1.156757335919101934e+04
1.149244645315243906e+04
1.168142275813781816e+04
1.172681223242324631e+04
1.151450467686319644e+04
1.174425114424227650e+04
1.181991541865596446e+04
1.165719080523052435e+04
1.167268237989479530e+04
1.156593349748792934e+04
1.125770125140715390e+04
1.132512345822216230e+04
1.034020233058447593e+04
1.121869794196779549e+04
1.177786679332623498e+04
1.167319738144147959e+04
1.187542777606126401e+04
1.170998956107691993e+04
1.187529703741143021e+04
1.169451131242169686e+04
1.127651343483925848e+04
1.166499606329589369e+04
1.129551031048077130e+04
1.165505467299390875e+04
1.148367177904664277e+04
1.175803482679052468e+04
1.186534935617561496e+04
1.181645862515906447e+04
1.182547239466338033e+04
