4.283891618251800537e-01
1.986947178840637207e+00
8.361597061157226562e-01
1.055572628974914551e+00
1.002899050712585449e+00
1.376343846321105957e+00
1.611881613731384277e+00
1.794475436210632324e+00
1.679207801818847656e+00
1.789308071136474609e+00
2.226650953292846680e+00
2.309885978698730469e+00
2.457712888717651367e+00
2.585965633392333984e+00
2.339626789093017578e+00
2.131529808044433594e+00
2.152135848999023438e+00
2.185654878616333008e+00
2.341004371643066406e+00
2.488002300262451172e+00
2.970521450042724609e+00
2.724036693572998047e+00
2.694169998168945312e+00
2.785193204879760742e+00
3.284512519836425781e+00
2.973842382431030273e+00
3.175303459167480469e+00
3.222929716110229492e+00
3.400082826614379883e+00
3.415683984756469727e+00
3.389855861663818359e+00
3.562294244766235352e+00
4.235254764556884766e+00
3.847501993179321289e+00
3.996017694473266602e+00
3.963056564331054688e+00
4.033629417419433594e+00
4.113089084625244141e+00
4.142328262329101562e+00
4.189360141754150391e+00
4.482847690582275391e+00
4.550550937652587891e+00
5.139466762542724609e+00
4.946290969848632812e+00
4.882488250732421875e+00
5.176726341247558594e+00
5.106358528137207031e+00
2.985256195068359375e+01
8.416627883911132812e+00
6.970964908599853516e+00
6.360511779785156250e+00
6.002304553985595703e+00
5.806142807006835938e+00
5.771784305572509766e+00
5.977550506591796875e+00
5.796120643615722656e+00
5.705495834350585938e+00
5.855654239654541016e+00
5.758084774017333984e+00
5.808239459991455078e+00
5.810328960418701172e+00
5.878933906555175781e+00
6.050873279571533203e+00
6.039851665496826172e+00
6.550879955291748047e+00
6.799833774566650391e+00
6.947786331176757812e+00
6.884159088134765625e+00
6.749579429626464844e+00
6.728940486907958984e+00
6.688845157623291016e+00
6.757600784301757812e+00
6.902097225189208984e+00
7.012665271759033203e+00
6.979314804077148438e+00
7.061882495880126953e+00
7.136718750000000000e+00
7.275118350982666016e+00
7.330509185791015625e+00
7.637117385864257812e+00
8.584976196289062500e+00
7.791928291320800781e+00
8.583683013916015625e+00
9.080886840820312500e+00
8.742311477661132812e+00
8.774122238159179688e+00
9.005228042602539062e+00
9.136021614074707031e+00
9.137576103210449219e+00
1.015389537811279297e+01
1.075451374053955078e+01
1.181951236724853516e+01
1.149693965911865234e+01
1.248882579803466797e+01
1.395676994323730469e+01
1.381389617919921875e+01
1.524369716644287109e+01
1.662934684753417969e+01
1.662554740905761719e+01
1.753547096252441406e+01
2.068392181396484375e+01
2.451589202880859375e+01
2.339837455749511719e+01
2.404902839660644531e+01
2.477516174316406250e+01
2.550974082946777344e+01
2.592436027526855469e+01
2.754428291320800781e+01
2.867890739440917969e+01
3.112705039978027344e+01
3.223464584350585938e+01
3.455829620361328125e+01
3.549255371093750000e+01
3.890350723266601562e+01
4.222564697265625000e+01
4.496703720092773438e+01
4.690175247192382812e+01
5.120550155639648438e+01
5.268155288696289062e+01
5.550221633911132812e+01
5.969090652465820312e+01
6.309677505493164062e+01
6.581089019775390625e+01
6.652426910400390625e+01
7.251043701171875000e+01
7.600150299072265625e+01
8.223868560791015625e+01
8.385360717773437500e+01
8.719907379150390625e+01
9.053399658203125000e+01
9.442617034912109375e+01
9.708102416992187500e+01
1.006933746337890625e+02
1.025609970092773438e+02
1.056386718750000000e+02
1.082265014648437500e+02
1.112055053710937500e+02
1.137770004272460938e+02
1.128011398315429688e+02
1.132798843383789062e+02
1.141876449584960938e+02
1.137577285766601562e+02
1.170979080200195312e+02
1.187218017578125000e+02
1.196958923339843750e+02
1.197697219848632812e+02
1.189580001831054688e+02
1.175910949707031250e+02
1.194698257446289062e+02
1.209277725219726562e+02
1.211181259155273438e+02
1.210342483520507812e+02
1.204145889282226562e+02
1.205635681152343750e+02
1.208873443603515625e+02
1.174090957641601562e+02
1.208467330932617188e+02
1.193002777099609375e+02
1.168793029785156250e+02
1.151272125244140625e+02
1.140274047851562500e+02
1.125841979980468750e+02
1.090444412231445312e+02
1.067993316650390625e+02
1.040469055175781250e+02
1.021948852539062500e+02
9.949482727050781250e+01
9.768009185791015625e+01
9.531124114990234375e+01
9.366604614257812500e+01
9.154272460937500000e+01
8.792749786376953125e+01
8.802002716064453125e+01
8.275054931640625000e+01
8.184307861328125000e+01
7.962801361083984375e+01
7.882215881347656250e+01
7.636346435546875000e+01
7.778433227539062500e+01
7.338659667968750000e+01
7.187799835205078125e+01
7.039631652832031250e+01
6.697624206542968750e+01
6.395070266723632812e+01
6.298329162597656250e+01
5.950922012329101562e+01
5.802791595458984375e+01
5.649867248535156250e+01
5.473942184448242188e+01
5.385436630249023438e+01
5.189110183715820312e+01
4.952981948852539062e+01
4.952575302124023438e+01
4.730121994018554688e+01
4.674440002441406250e+01
4.469023513793945312e+01
4.338013076782226562e+01
4.150156021118164062e+01
4.071383666992187500e+01
4.062606430053710938e+01
3.865902328491210938e+01
3.811598587036132812e+01
3.626993560791015625e+01
3.627361679077148438e+01
3.474991226196289062e+01
3.450076675415039062e+01
3.263893127441406250e+01
3.271874618530273438e+01
3.226174926757812500e+01
3.144131851196289062e+01
3.089934539794921875e+01
2.946624946594238281e+01
2.996984291076660156e+01
2.850708580017089844e+01
2.847889709472656250e+01
2.767458915710449219e+01
2.756194496154785156e+01
2.691373062133789062e+01
2.624135589599609375e+01
2.603164100646972656e+01
2.539359855651855469e+01
2.460728836059570312e+01
2.492708015441894531e+01
2.346266937255859375e+01
2.298574256896972656e+01
2.292548370361328125e+01
2.190177154541015625e+01
2.166524696350097656e+01
2.147332763671875000e+01
2.126509284973144531e+01
2.055282783508300781e+01
2.098155593872070312e+01
2.009746170043945312e+01
1.958130836486816406e+01
1.965140914916992188e+01
1.927864646911621094e+01
1.885797500610351562e+01
1.892728042602539062e+01
1.832210350036621094e+01
1.837363624572753906e+01
1.801727485656738281e+01
1.742726135253906250e+01
1.745470237731933594e+01
1.695545387268066406e+01
1.689687919616699219e+01
1.657307815551757812e+01
1.679830169677734375e+01
1.653343391418457031e+01
1.600543212890625000e+01
1.541883468627929688e+01
1.613699913024902344e+01
1.521115303039550781e+01
1.512515830993652344e+01
1.505514717102050781e+01
1.477952194213867188e+01
1.461104297637939453e+01
1.411854457855224609e+01
1.406120681762695312e+01
1.412583351135253906e+01
1.383557796478271484e+01
1.384196281433105469e+01
1.360881996154785156e+01
1.378065586090087891e+01
1.343152999877929688e+01
1.317306041717529297e+01
1.315240573883056641e+01
1.267287254333496094e+01
1.268701171875000000e+01
1.236408710479736328e+01
1.246846389770507812e+01
1.236526489257812500e+01
1.251539707183837891e+01
1.236681842803955078e+01
1.210069274902343750e+01
1.206066608428955078e+01
1.160632133483886719e+01
1.168484783172607422e+01
1.173132991790771484e+01
1.130815792083740234e+01
1.126241588592529297e+01
1.096570301055908203e+01
1.120223426818847656e+01
1.102836132049560547e+01
1.102896404266357422e+01
1.102453136444091797e+01
1.074023723602294922e+01
1.106889152526855469e+01
1.067504501342773438e+01
1.069743919372558594e+01
1.078957462310791016e+01
1.038891124725341797e+01
1.064370727539062500e+01
1.039129066467285156e+01
1.034470748901367188e+01
1.030778408050537109e+01
1.014771461486816406e+01
1.015202140808105469e+01
1.017358398437500000e+01
1.011992073059082031e+01
1.008011341094970703e+01
9.944835662841796875e+00
1.033308601379394531e+01
1.002089977264404297e+01
1.010377502441406250e+01
1.000756835937500000e+01
1.027287864685058594e+01
1.029803180694580078e+01
1.010305213928222656e+01
1.008112716674804688e+01
1.015692424774169922e+01
1.011243152618408203e+01
1.025432300567626953e+01
9.993106842041015625e+00
1.017497253417968750e+01
9.964597702026367188e+00
1.016274070739746094e+01
1.000210762023925781e+01
1.002918529510498047e+01
1.022319793701171875e+01
1.016829204559326172e+01
1.010272312164306641e+01
1.034089469909667969e+01
1.002030563354492188e+01
1.039306068420410156e+01
1.046716117858886719e+01
1.022501182556152344e+01
1.010723590850830078e+01
1.022008037567138672e+01
1.036957645416259766e+01
1.007052516937255859e+01
9.973109245300292969e+00
1.008940982818603516e+01
1.021638584136962891e+01
1.025720024108886719e+01
1.028802394866943359e+01
1.015934562683105469e+01
1.041532421112060547e+01
1.032477378845214844e+01
1.016584205627441406e+01
1.020837879180908203e+01
1.008196353912353516e+01
1.006501388549804688e+01
1.016595077514648438e+01
1.060782146453857422e+01
1.023103618621826172e+01
1.021962165832519531e+01
1.029165649414062500e+01
1.015346431732177734e+01
1.014072036743164062e+01
1.037953948974609375e+01
1.027908706665039062e+01
1.027607059478759766e+01
1.027445316314697266e+01
1.030211639404296875e+01
1.030222225189208984e+01
1.028012657165527344e+01
1.019913291931152344e+01
1.018903064727783203e+01
1.008920478820800781e+01
1.037172603607177734e+01
1.024294185638427734e+01
1.034686660766601562e+01
1.025136947631835938e+01
1.013688659667968750e+01
1.036807346343994141e+01
1.034033679962158203e+01
1.040429973602294922e+01
1.020954227447509766e+01
1.056249046325683594e+01
1.041972160339355469e+01
1.032769298553466797e+01
1.053458213806152344e+01
1.034621620178222656e+01
1.039960193634033203e+01
1.025630378723144531e+01
1.040973472595214844e+01
1.059719562530517578e+01
1.037139034271240234e+01
1.050204086303710938e+01
1.059628295898437500e+01
1.051322269439697266e+01
1.076784324645996094e+01
1.084380531311035156e+01
1.045659732818603516e+01
1.094193935394287109e+01
1.076704502105712891e+01
1.084289264678955078e+01
1.094024372100830078e+01
1.091159343719482422e+01
1.100001335144042969e+01
1.088374042510986328e+01
1.104308986663818359e+01
1.117913055419921875e+01
1.111212348937988281e+01
1.108542728424072266e+01
1.108250904083251953e+01
1.125880813598632812e+01
1.143052101135253906e+01
1.134449386596679688e+01
1.153856754302978516e+01
1.139372730255126953e+01
1.152022075653076172e+01
1.169885540008544922e+01
1.154864692687988281e+01
1.142887973785400391e+01
1.169123172760009766e+01
1.176225280761718750e+01
1.159043979644775391e+01
1.204153537750244141e+01
1.188916015625000000e+01
1.167520141601562500e+01
1.197461318969726562e+01
1.165766048431396484e+01
1.180762386322021484e+01
1.179602527618408203e+01
1.194312381744384766e+01
1.198407840728759766e+01
1.193651962280273438e+01
1.196060657501220703e+01
1.205117988586425781e+01
1.217471313476562500e+01
1.209793663024902344e+01
1.232972431182861328e+01
1.211786746978759766e+01
1.202178096771240234e+01
1.233405971527099609e+01
1.223027133941650391e+01
1.234019374847412109e+01
1.227189159393310547e+01
1.220436382293701172e+01
1.232912731170654297e+01
1.247632598876953125e+01
1.216215133666992188e+01
1.258866596221923828e+01
1.237441825866699219e+01
1.253646087646484375e+01
1.269748878479003906e+01
1.232437705993652344e+01
1.270646476745605469e+01
1.269848918914794922e+01
1.277138137817382812e+01
1.260082435607910156e+01
1.287589454650878906e+01
1.261947917938232422e+01
1.270669174194335938e+01
1.300074863433837891e+01
1.306971454620361328e+01
1.296145153045654297e+01
1.320555305480957031e+01
1.309515571594238281e+01
1.346310615539550781e+01
1.305028057098388672e+01
1.316932487487792969e+01
1.327590274810791016e+01
1.340237140655517578e+01
1.339755535125732422e+01
1.336401271820068359e+01
1.344975852966308594e+01
1.372161483764648438e+01
1.325825500488281250e+01
1.341731262207031250e+01
1.352148246765136719e+01
1.330916786193847656e+01
1.347300624847412109e+01
1.364426803588867188e+01
1.349629116058349609e+01
1.347816467285156250e+01
1.339820003509521484e+01
1.388249778747558594e+01
1.358615589141845703e+01
1.371372890472412109e+01
1.392130851745605469e+01
1.378922176361083984e+01
1.403042602539062500e+01
1.379805850982666016e+01
1.363401985168457031e+01
1.415420722961425781e+01
1.391110706329345703e+01
1.349442386627197266e+01
1.372175979614257812e+01
1.362638854980468750e+01
1.370050239562988281e+01
1.351122188568115234e+01
1.351804542541503906e+01
1.374363803863525391e+01
1.348864078521728516e+01
1.373391246795654297e+01
1.376428127288818359e+01
1.392397117614746094e+01
1.427919197082519531e+01
1.376555347442626953e+01
1.414238357543945312e+01
1.402664661407470703e+01
1.406148052215576172e+01
1.373742580413818359e+01
1.415688991546630859e+01
1.397500801086425781e+01
1.422856616973876953e+01
1.426770687103271484e+01
1.417302513122558594e+01
1.452092552185058594e+01
1.457278347015380859e+01
1.459020519256591797e+01
1.442508792877197266e+01
1.426957893371582031e+01
1.442493343353271484e+01
1.475088882446289062e+01
1.449538612365722656e+01
1.475892925262451172e+01
1.476303291320800781e+01
1.456395339965820312e+01
1.487693119049072266e+01
1.460374259948730469e+01
1.469419097900390625e+01
1.499559211730957031e+01
1.505724811553955078e+01
1.505502510070800781e+01
1.512144947052001953e+01
1.511302280426025391e+01
1.519222259521484375e+01
1.533887100219726562e+01
1.533959770202636719e+01
1.550128555297851562e+01
1.548332309722900391e+01
1.597589302062988281e+01
1.573897933959960938e+01
1.561173248291015625e+01
1.547132968902587891e+01
1.557681560516357422e+01
1.600368690490722656e+01
1.588366508483886719e+01
1.580177688598632812e+01
1.592567539215087891e+01
1.571183681488037109e+01
1.620602607727050781e+01
1.618124580383300781e+01
1.607168769836425781e+01
1.626697158813476562e+01
1.625576782226562500e+01
1.646455192565917969e+01
1.653922271728515625e+01
1.655227661132812500e+01
1.643395423889160156e+01
1.645895004272460938e+01
1.649750328063964844e+01
1.673951339721679688e+01
1.665354347229003906e+01
1.704597282409667969e+01
1.669541358947753906e+01
1.687293624877929688e+01
1.706897735595703125e+01
1.696302032470703125e+01
1.720998764038085938e+01
1.750497436523437500e+01
1.747018623352050781e+01
1.772097587585449219e+01
1.714762306213378906e+01
1.743207740783691406e+01
1.741131973266601562e+01
1.743609046936035156e+01
1.748772621154785156e+01
1.768291854858398438e+01
1.754187202453613281e+01
1.770433044433593750e+01
1.815625953674316406e+01
1.816017532348632812e+01
1.769724082946777344e+01
1.807877349853515625e+01
1.841011238098144531e+01
1.857379722595214844e+01
1.876279258728027344e+01
1.854047584533691406e+01
1.885588455200195312e+01
1.838003921508789062e+01
1.859041595458984375e+01
1.838560104370117188e+01
1.875580596923828125e+01
1.866063117980957031e+01
1.864019393920898438e+01
1.902587318420410156e+01
1.915884017944335938e+01
1.895512771606445312e+01
1.910760879516601562e+01
1.919441413879394531e+01
1.913927459716796875e+01
1.953027343750000000e+01
1.922683525085449219e+01
1.923417663574218750e+01
1.905319404602050781e+01
1.906621551513671875e+01
1.928465461730957031e+01
1.934035682678222656e+01
1.920214080810546875e+01
1.895078468322753906e+01
1.901147842407226562e+01
1.936430549621582031e+01
1.936308670043945312e+01
1.947523307800292969e+01
1.975634765625000000e+01
1.942660331726074219e+01
1.964781570434570312e+01
1.961576080322265625e+01
1.949633979797363281e+01
1.959535980224609375e+01
1.963289833068847656e+01
1.962101554870605469e+01
1.951698875427246094e+01
1.953059768676757812e+01
1.984918403625488281e+01
1.971855163574218750e+01
2.027019119262695312e+01
1.998323440551757812e+01
2.045503234863281250e+01
2.016707611083984375e+01
2.060226249694824219e+01
2.041049003601074219e+01
2.047908401489257812e+01
2.069280815124511719e+01
2.075087547302246094e+01
2.058574485778808594e+01
2.123293685913085938e+01
2.149720764160156250e+01
2.099272918701171875e+01
2.102153587341308594e+01
2.093464088439941406e+01
2.116317176818847656e+01
2.136013031005859375e+01
2.113978576660156250e+01
2.160398864746093750e+01
2.161990928649902344e+01
2.151264762878417969e+01
2.135673904418945312e+01
2.167040443420410156e+01
2.156178283691406250e+01
2.160319709777832031e+01
2.156574440002441406e+01
2.180232810974121094e+01
2.222426223754882812e+01
2.153256607055664062e+01
2.204256820678710938e+01
2.181950759887695312e+01
2.214189529418945312e+01
2.273281669616699219e+01
2.258373832702636719e+01
2.248344993591308594e+01
2.257755851745605469e+01
2.277369689941406250e+01
2.329641151428222656e+01
2.302632522583007812e+01
2.338982009887695312e+01
2.303046417236328125e+01
2.306723785400390625e+01
2.403463935852050781e+01
2.330678939819335938e+01
2.384221649169921875e+01
2.364247322082519531e+01
2.358461761474609375e+01
2.392008781433105469e+01
2.444649124145507812e+01
2.423175239562988281e+01
2.452888298034667969e+01
2.438392829895019531e+01
2.483446884155273438e+01
2.493137168884277344e+01
2.502759170532226562e+01
2.449058151245117188e+01
2.482735633850097656e+01
2.454264259338378906e+01
2.522993087768554688e+01
2.563166809082031250e+01
2.569773864746093750e+01
2.553002548217773438e+01
2.560011291503906250e+01
2.573893547058105469e+01
2.551875305175781250e+01
2.569461441040039062e+01
2.588776016235351562e+01
2.628889656066894531e+01
2.644056892395019531e+01
2.591908454895019531e+01
2.593194580078125000e+01
2.575007247924804688e+01
2.585790634155273438e+01
2.617794990539550781e+01
2.604300308227539062e+01
2.584926605224609375e+01
2.602689933776855469e+01
2.627187919616699219e+01
2.644055938720703125e+01
2.644589042663574219e+01
2.642732048034667969e+01
2.643666458129882812e+01
2.626717948913574219e+01
2.683925819396972656e+01
2.669221878051757812e+01
2.619180107116699219e+01
2.650312614440917969e+01
2.679440116882324219e+01
2.663985061645507812e+01
2.714831733703613281e+01
2.726400756835937500e+01
2.701683235168457031e+01
2.657203102111816406e+01
2.689036369323730469e+01
2.692675781250000000e+01
2.671755027770996094e+01
2.687329292297363281e+01
2.674948120117187500e+01
2.714475822448730469e+01
2.739087295532226562e+01
2.764105224609375000e+01
2.754777145385742188e+01
2.805719184875488281e+01
2.843628311157226562e+01
2.781359291076660156e+01
2.813788986206054688e+01
2.795507431030273438e+01
2.875238609313964844e+01
2.842805099487304688e+01
2.858183288574218750e+01
2.826031303405761719e+01
2.838397216796875000e+01
2.854880523681640625e+01
2.809472084045410156e+01
2.869838333129882812e+01
2.855935478210449219e+01
2.852617263793945312e+01
2.867576408386230469e+01
2.858143043518066406e+01
2.849639511108398438e+01
2.907207870483398438e+01
2.881701469421386719e+01
2.855972290039062500e+01
2.926204490661621094e+01
2.920494461059570312e+01
2.868497657775878906e+01
2.975028610229492188e+01
2.922126770019531250e+01
2.995637893676757812e+01
2.998618125915527344e+01
3.026546096801757812e+01
3.068837928771972656e+01
3.060829353332519531e+01
3.026576042175292969e+01
3.010667610168457031e+01
3.065835189819335938e+01
3.030040168762207031e+01
3.000249290466308594e+01
3.009633636474609375e+01
2.961817741394042969e+01
2.998096466064453125e+01
2.968846321105957031e+01
2.991777229309082031e+01
3.011554336547851562e+01
3.074834251403808594e+01
3.046320152282714844e+01
3.081663703918457031e+01
3.088633155822753906e+01
3.050024032592773438e+01
3.122942543029785156e+01
3.090960502624511719e+01
3.096698188781738281e+01
3.144474601745605469e+01
3.134027290344238281e+01
3.106745338439941406e+01
3.172039794921875000e+01
3.189316749572753906e+01
3.245674133300781250e+01
3.191926193237304688e+01
3.223295593261718750e+01
3.227420806884765625e+01
3.193482971191406250e+01
3.241053009033203125e+01
3.195456695556640625e+01
3.254166030883789062e+01
3.235647583007812500e+01
3.203853225708007812e+01
3.241719818115234375e+01
3.306440353393554688e+01
3.269778442382812500e+01
3.351312255859375000e+01
3.301301956176757812e+01
3.260695266723632812e+01
3.255949401855468750e+01
3.244760894775390625e+01
3.268922424316406250e+01
3.272708892822265625e+01
3.297819137573242188e+01
3.303633117675781250e+01
3.321942520141601562e+01
3.369933319091796875e+01
3.285160827636718750e+01
3.407277679443359375e+01
3.362022781372070312e+01
3.344031143188476562e+01
3.313113403320312500e+01
3.374691390991210938e+01
3.380323028564453125e+01
3.410028457641601562e+01
3.465850830078125000e+01
3.423274993896484375e+01
3.477080917358398438e+01
3.481171417236328125e+01
3.495632553100585938e+01
3.457031631469726562e+01
3.487677383422851562e+01
3.500139617919921875e+01
3.541083526611328125e+01
3.523005294799804688e+01
3.518658447265625000e+01
3.548260116577148438e+01
3.581027221679687500e+01
3.603089141845703125e+01
3.549284362792968750e+01
3.582274627685546875e+01
3.575669479370117188e+01
3.578567886352539062e+01
3.590082550048828125e+01
3.594860839843750000e+01
3.629003906250000000e+01
3.630551147460937500e+01
3.692402267456054688e+01
3.679668426513671875e+01
3.654214096069335938e+01
3.649425125122070312e+01
3.663843917846679688e+01
3.715380477905273438e+01
3.677469635009765625e+01
3.760276412963867188e+01
3.756032943725585938e+01
3.784472274780273438e+01
3.644927215576171875e+01
3.617788314819335938e+01
3.677404022216796875e+01
3.730673599243164062e+01
3.678922653198242188e+01
3.709546279907226562e+01
3.721659851074218750e+01
3.769026565551757812e+01
3.734560394287109375e+01
3.729948425292968750e+01
3.788868713378906250e+01
3.719213104248046875e+01
3.802387619018554688e+01
3.742205429077148438e+01
3.788208770751953125e+01
3.778002166748046875e+01
3.756951141357421875e+01
3.822573852539062500e+01
3.812815475463867188e+01
3.805775833129882812e+01
3.862136840820312500e+01
3.829703140258789062e+01
3.840902709960937500e+01
3.889041900634765625e+01
3.905325698852539062e+01
3.871675872802734375e+01
3.814745330810546875e+01
3.854918289184570312e+01
3.900045013427734375e+01
3.871297836303710938e+01
3.857082366943359375e+01
3.873764801025390625e+01
3.891773605346679688e+01
3.942651748657226562e+01
3.959538269042968750e+01
4.020788955688476562e+01
3.940715408325195312e+01
4.036032104492187500e+01
3.979101943969726562e+01
4.016640472412109375e+01
4.030257034301757812e+01
4.029578018188476562e+01
4.047739410400390625e+01
3.996209335327148438e+01
3.958049011230468750e+01
4.035179519653320312e+01
4.047822189331054688e+01
4.072752380371093750e+01
4.041068649291992188e+01
4.034427642822265625e+01
4.008304214477539062e+01
4.066812515258789062e+01
4.043932342529296875e+01
3.962846374511718750e+01
4.048263931274414062e+01
4.042243194580078125e+01
4.043726730346679688e+01
4.171672058105468750e+01
4.222014236450195312e+01
4.197380447387695312e+01
4.229211425781250000e+01
4.241810226440429688e+01
4.251279067993164062e+01
4.229020309448242188e+01
4.196299743652343750e+01
4.171175003051757812e+01
4.220671844482421875e+01
4.208689117431640625e+01
4.221311569213867188e+01
4.207268905639648438e+01
4.245885086059570312e+01
4.252948760986328125e+01
4.285898590087890625e+01
4.281621551513671875e+01
4.257913970947265625e+01
4.298926925659179688e+01
4.291559982299804688e+01
4.343027877807617188e+01
4.307052230834960938e+01
4.365694046020507812e+01
4.356771850585937500e+01
4.322253799438476562e+01
4.482816314697265625e+01
4.460782623291015625e+01
4.384473037719726562e+01
4.324247741699218750e+01
4.483706283569335938e+01
4.376711654663085938e+01
4.429996109008789062e+01
4.325992965698242188e+01
4.376564788818359375e+01
4.417618179321289062e+01
4.418133926391601562e+01
4.392520904541015625e+01
4.467676544189453125e+01
4.372169494628906250e+01
4.403625869750976562e+01
4.346107101440429688e+01
4.397966766357421875e+01
4.448693084716796875e+01
4.404475402832031250e+01
4.471052169799804688e+01
4.444359207153320312e+01
4.465951919555664062e+01
4.508255386352539062e+01
4.456206130981445312e+01
4.526110076904296875e+01
4.483530426025390625e+01
4.490924072265625000e+01
4.549018096923828125e+01
4.502388381958007812e+01
4.480468750000000000e+01
4.415362930297851562e+01
4.503834152221679688e+01
4.472845077514648438e+01
4.523004913330078125e+01
4.480731582641601562e+01
4.569853591918945312e+01
4.415169906616210938e+01
4.435464859008789062e+01
4.460431289672851562e+01
4.548686599731445312e+01
4.439749145507812500e+01
4.473255157470703125e+01
4.464764022827148438e+01
4.408165359497070312e+01
4.387575149536132812e+01
4.430429077148437500e+01
4.428483581542968750e+01
4.452277374267578125e+01
4.507322311401367188e+01
4.483262634277343750e+01
4.467832183837890625e+01
4.569621276855468750e+01
4.506454849243164062e+01
4.550702285766601562e+01
4.591477203369140625e+01
4.560335922241210938e+01
4.569145584106445312e+01
4.608905029296875000e+01
4.558608245849609375e+01
4.560611343383789062e+01
4.565311050415039062e+01
4.548071670532226562e+01
4.596665573120117188e+01
4.594348526000976562e+01
4.667089843750000000e+01
4.709414672851562500e+01
4.639611434936523438e+01
4.704683303833007812e+01
4.669874191284179688e+01
4.685121154785156250e+01
4.756308746337890625e+01
4.820460128784179688e+01
4.795733642578125000e+01
4.810981750488281250e+01
4.758282470703125000e+01
4.728858566284179688e+01
4.707657623291015625e+01
4.719637680053710938e+01
4.761511993408203125e+01
4.734147644042968750e+01
4.691486740112304688e+01
4.725497055053710938e+01
4.843831253051757812e+01
4.734432983398437500e+01
4.848577499389648438e+01
4.916082000732421875e+01
4.904615402221679688e+01
4.739008331298828125e+01
4.917667007446289062e+01
4.886618041992187500e+01
4.790045547485351562e+01
4.847239685058593750e+01
4.884736633300781250e+01
4.826519012451171875e+01
4.931447982788085938e+01
4.968221282958984375e+01
4.937110519409179688e+01
4.920776748657226562e+01
4.967456436157226562e+01
4.975330352783203125e+01
4.939520263671875000e+01
4.989574813842773438e+01
5.099273300170898438e+01
4.979756164550781250e+01
5.044205856323242188e+01
5.061664962768554688e+01
5.005785751342773438e+01
5.166285324096679688e+01
5.120531463623046875e+01
5.082166290283203125e+01
5.142811584472656250e+01
5.144896697998046875e+01
5.136418914794921875e+01
5.217573165893554688e+01
5.264974975585937500e+01
5.259169769287109375e+01
5.242821121215820312e+01
5.293678665161132812e+01
5.348218917846679688e+01
5.342996978759765625e+01
5.387678527832031250e+01
5.302608871459960938e+01
5.398242568969726562e+01
5.431134414672851562e+01
5.325877380371093750e+01
5.297617340087890625e+01
5.291952514648437500e+01
5.220657348632812500e+01
5.278573989868164062e+01
5.248956680297851562e+01
5.311360549926757812e+01
5.164623260498046875e+01
5.278878784179687500e+01
5.240628814697265625e+01
5.218796539306640625e+01
5.250598526000976562e+01
5.299529647827148438e+01
5.285573577880859375e+01
5.428319549560546875e+01
5.483638000488281250e+01
5.422040557861328125e+01
5.544909667968750000e+01
5.460019683837890625e+01
5.514330291748046875e+01
5.554721450805664062e+01
5.537157440185546875e+01
5.511712646484375000e+01
5.434526824951171875e+01
5.447282409667968750e+01
5.385895919799804688e+01
5.436833190917968750e+01
5.473154067993164062e+01
5.416036987304687500e+01
5.454930496215820312e+01
5.486436080932617188e+01
5.323178863525390625e+01
5.425147247314453125e+01
5.487409973144531250e+01
5.527305603027343750e+01
5.520180511474609375e+01
5.552581405639648438e+01
5.501264190673828125e+01
5.509831237792968750e+01
5.543487548828125000e+01
5.622130584716796875e+01
5.507072830200195312e+01
5.441078948974609375e+01
5.425957107543945312e+01
5.556097030639648438e+01
5.555404663085937500e+01
5.482876586914062500e+01
5.540918731689453125e+01
5.414107131958007812e+01
5.355904388427734375e+01
5.393948364257812500e+01
5.417729949951171875e+01
5.431136703491210938e+01
5.425506210327148438e+01
5.413359832763671875e+01
5.408255767822265625e+01
5.447444152832031250e+01
5.493629074096679688e+01
5.558597946166992188e+01
5.449629211425781250e+01
5.511793518066406250e+01
5.488651657104492188e+01
5.397549819946289062e+01
5.447785186767578125e+01
5.378345108032226562e+01
5.396906661987304688e+01
5.549190902709960938e+01
5.536880493164062500e+01
5.474893569946289062e+01
5.420181274414062500e+01
5.474290084838867188e+01
5.513333511352539062e+01
5.470308685302734375e+01
5.499950790405273438e+01
5.430433273315429688e+01
5.444304656982421875e+01
5.452960205078125000e+01
5.407435989379882812e+01
5.512644577026367188e+01
5.458025360107421875e+01
5.589883804321289062e+01
5.570072555541992188e+01
5.549264907836914062e+01
5.435958099365234375e+01
5.498691558837890625e+01
5.520414733886718750e+01
5.543865585327148438e+01
5.487231063842773438e+01
5.519211578369140625e+01
5.402785110473632812e+01
5.493751525878906250e+01
5.488335037231445312e+01
5.327578735351562500e+01
5.446916580200195312e+01
5.467106246948242188e+01
5.389849472045898438e+01
5.369221115112304688e+01
5.417565917968750000e+01
5.402986145019531250e+01
5.433834075927734375e+01
5.377540588378906250e+01
5.474285125732421875e+01
5.480499267578125000e+01
5.534186935424804688e+01
5.451934814453125000e+01
5.504092407226562500e+01
5.454482650756835938e+01
5.515475463867187500e+01
5.491343688964843750e+01
5.583785247802734375e+01
5.500746917724609375e+01
5.504218673706054688e+01
5.545319366455078125e+01
5.633641433715820312e+01
5.615001678466796875e+01
5.543557739257812500e+01
5.628333663940429688e+01
5.621858596801757812e+01
5.687527847290039062e+01
5.714643096923828125e+01
5.799287414550781250e+01
5.760684204101562500e+01
5.751203918457031250e+01
5.688649368286132812e+01
5.597586059570312500e+01
5.637608337402343750e+01
5.579589462280273438e+01
5.694636535644531250e+01
5.681894683837890625e+01
5.702433776855468750e+01
5.692531967163085938e+01
5.683787536621093750e+01
5.638796615600585938e+01
5.649263000488281250e+01
5.653158187866210938e+01
5.660912322998046875e+01
5.604064559936523438e+01
5.655275344848632812e+01
5.620390701293945312e+01
5.564682006835937500e+01
5.607214736938476562e+01
5.670717620849609375e+01
5.612521743774414062e+01
5.706433486938476562e+01
5.634319686889648438e+01
5.632699203491210938e+01
5.689886093139648438e+01
5.690313339233398438e+01
5.726087570190429688e+01
5.745465469360351562e+01
5.710942077636718750e+01
5.802455520629882812e+01
5.747820281982421875e+01
5.701530456542968750e+01
5.749205017089843750e+01
5.732620239257812500e+01
5.655788803100585938e+01
5.687515640258789062e+01
5.731078338623046875e+01
5.647668075561523438e+01
5.710718536376953125e+01
5.663821792602539062e+01
5.628415679931640625e+01
5.724676513671875000e+01
5.675270462036132812e+01
5.613724517822265625e+01
5.685166168212890625e+01
5.675707626342773438e+01
5.596187973022460938e+01
5.629455566406250000e+01
5.735150146484375000e+01
5.619459915161132812e+01
5.638947677612304688e+01
5.624273681640625000e+01
5.657434082031250000e+01
5.635734558105468750e+01
5.656175613403320312e+01
5.582659912109375000e+01
5.576518249511718750e+01
5.583370208740234375e+01
5.611093521118164062e+01
5.645861053466796875e+01
5.609144973754882812e+01
5.662852478027343750e+01
5.643016815185546875e+01
5.718936538696289062e+01
5.615950012207031250e+01
5.600304031372070312e+01
5.604383087158203125e+01
5.644107055664062500e+01
5.702330398559570312e+01
5.601721191406250000e+01
5.592310333251953125e+01
5.517254257202148438e+01
5.532020950317382812e+01
5.546479034423828125e+01
5.607231140136718750e+01
5.681063461303710938e+01
5.603653335571289062e+01
5.665523529052734375e+01
5.645123291015625000e+01
5.631718826293945312e+01
5.691473388671875000e+01
5.670740890502929688e+01
5.693581390380859375e+01
5.567604827880859375e+01
5.536541366577148438e+01
5.571975708007812500e+01
5.677732086181640625e+01
5.624676513671875000e+01
5.662135696411132812e+01
5.690134048461914062e+01
5.622869491577148438e+01
5.565030670166015625e+01
5.645654678344726562e+01
5.621508026123046875e+01
5.565931320190429688e+01
5.568092346191406250e+01
5.550335311889648438e+01
5.530307769775390625e+01
5.461856460571289062e+01
5.521637344360351562e+01
5.518483734130859375e+01
5.446489715576171875e+01
5.479257965087890625e+01
5.570272827148437500e+01
5.543474197387695312e+01
5.526414108276367188e+01
5.573860168457031250e+01
5.541331100463867188e+01
5.565702056884765625e+01
5.548551177978515625e+01
5.470511627197265625e+01
5.561573410034179688e+01
5.539475631713867188e+01
5.590468597412109375e+01
5.525504684448242188e+01
5.555449295043945312e+01
5.596466064453125000e+01
5.528239822387695312e+01
5.529102706909179688e+01
5.500408935546875000e+01
5.496494293212890625e+01
5.543442916870117188e+01
5.580505371093750000e+01
5.472072219848632812e+01
5.448748779296875000e+01
5.483721160888671875e+01
5.495978546142578125e+01
5.543885040283203125e+01
5.572618103027343750e+01
5.527621841430664062e+01
5.635631561279296875e+01
5.495537948608398438e+01
5.535078430175781250e+01
5.505831909179687500e+01
5.526618576049804688e+01
5.569841384887695312e+01
5.478309249877929688e+01
5.433973693847656250e+01
5.449656677246093750e+01
5.471715164184570312e+01
5.562570953369140625e+01
5.494831848144531250e+01
5.515766906738281250e+01
5.517275619506835938e+01
5.453618621826171875e+01
5.490780639648437500e+01
5.454639816284179688e+01
5.581314086914062500e+01
5.514171981811523438e+01
5.468526840209960938e+01
5.435813140869140625e+01
5.410530471801757812e+01
5.530077362060546875e+01
5.500742340087890625e+01
5.455197525024414062e+01
5.407196044921875000e+01
5.491184234619140625e+01
5.449035263061523438e+01
5.446437454223632812e+01
5.563899230957031250e+01
5.574332046508789062e+01
5.468293762207031250e+01
5.666767883300781250e+01
5.666831970214843750e+01
5.648028182983398438e+01
5.642512893676757812e+01
5.644125747680664062e+01
5.582973480224609375e+01
5.502317047119140625e+01
5.577959060668945312e+01
5.619763183593750000e+01
5.584960937500000000e+01
5.618634414672851562e+01
5.659548568725585938e+01
5.544211578369140625e+01
5.595165634155273438e+01
5.533723449707031250e+01
5.548073196411132812e+01
5.641861724853515625e+01
5.579703140258789062e+01
5.557481002807617188e+01
5.487796783447265625e+01
5.546429824829101562e+01
5.536722564697265625e+01
5.613739013671875000e+01
5.576411056518554688e+01
5.507690811157226562e+01
5.521495819091796875e+01
5.521473693847656250e+01
5.478500747680664062e+01
5.527783584594726562e+01
5.588981246948242188e+01
5.572473526000976562e+01
5.433950805664062500e+01
5.489914703369140625e+01
5.426318740844726562e+01
5.406636047363281250e+01
5.421066284179687500e+01
5.345243835449218750e+01
5.335464096069335938e+01
5.329394149780273438e+01
5.441568756103515625e+01
5.414286804199218750e+01
5.318714141845703125e+01
5.345079040527343750e+01
5.333665084838867188e+01
5.357588958740234375e+01
5.317058944702148438e+01
5.422775650024414062e+01
5.402377319335937500e+01
5.513264465332031250e+01
5.408739089965820312e+01
5.300594711303710938e+01
5.245287704467773438e+01
5.292329406738281250e+01
5.330697631835937500e+01
5.296235656738281250e+01
5.323179626464843750e+01
5.257696914672851562e+01
5.279811096191406250e+01
5.293019485473632812e+01
5.219892883300781250e+01
5.298913574218750000e+01
5.104304504394531250e+01
5.192446136474609375e+01
5.330054855346679688e+01
5.218614196777343750e+01
5.265435028076171875e+01
5.142331695556640625e+01
5.221131134033203125e+01
5.189275360107421875e+01
5.215761566162109375e+01
5.120851516723632812e+01
5.153822708129882812e+01
5.225961685180664062e+01
5.232908630371093750e+01
5.160667800903320312e+01
5.162399291992187500e+01
5.162205886840820312e+01
5.166846084594726562e+01
5.157542037963867188e+01
5.287310791015625000e+01
5.329674911499023438e+01
5.319795989990234375e+01
5.274327468872070312e+01
5.242991638183593750e+01
5.282929611206054688e+01
5.158199310302734375e+01
5.215952301025390625e+01
5.241820907592773438e+01
5.251522445678710938e+01
5.167949676513671875e+01
5.217353057861328125e+01
5.173015594482421875e+01
5.256446456909179688e+01
5.167449569702148438e+01
5.176322555541992188e+01
5.122481918334960938e+01
5.143799972534179688e+01
5.127710342407226562e+01
5.119567871093750000e+01
4.977289962768554688e+01
5.024878311157226562e+01
4.990148544311523438e+01
4.944818878173828125e+01
4.979727554321289062e+01
4.948336029052734375e+01
5.023815536499023438e+01
4.994320297241210938e+01
5.033917236328125000e+01
4.932931518554687500e+01
4.943624114990234375e+01
4.996532058715820312e+01
5.008686065673828125e+01
4.975261688232421875e+01
4.965632629394531250e+01
4.994547271728515625e+01
4.891538238525390625e+01
4.936437606811523438e+01
4.977717590332031250e+01
4.968578338623046875e+01
4.948424911499023438e+01
4.971129226684570312e+01
4.992688751220703125e+01
5.017497634887695312e+01
4.967749404907226562e+01
4.959886932373046875e+01
4.998089218139648438e+01
4.973949050903320312e+01
5.025217056274414062e+01
5.005924224853515625e+01
4.973974990844726562e+01
4.996181869506835938e+01
4.987956237792968750e+01
5.030307769775390625e+01
4.984362411499023438e+01
5.019602584838867188e+01
4.979729080200195312e+01
4.985907745361328125e+01
5.008802413940429688e+01
5.040449905395507812e+01
5.032211685180664062e+01
5.060207748413085938e+01
5.086524200439453125e+01
5.161683273315429688e+01
5.079065322875976562e+01
5.151434326171875000e+01
5.112434387207031250e+01
5.104200744628906250e+01
5.088970184326171875e+01
5.135039138793945312e+01
5.059210205078125000e+01
5.125992202758789062e+01
5.166403198242187500e+01
5.228567886352539062e+01
5.162415695190429688e+01
5.126570129394531250e+01
5.152870178222656250e+01
5.145030975341796875e+01
5.128310775756835938e+01
5.153945159912109375e+01
5.074751663208007812e+01
5.103140640258789062e+01
5.071626663208007812e+01
5.044762039184570312e+01
5.022807312011718750e+01
5.044002914428710938e+01
5.027060317993164062e+01
5.016806411743164062e+01
4.926968765258789062e+01
5.018888092041015625e+01
4.991143035888671875e+01
4.902495956420898438e+01
4.968881988525390625e+01
4.895214080810546875e+01
4.903253173828125000e+01
4.886678695678710938e+01
4.812028884887695312e+01
4.909762954711914062e+01
4.945665359497070312e+01
4.965914916992187500e+01
5.000265502929687500e+01
4.946787643432617188e+01
5.047839736938476562e+01
5.025810623168945312e+01
5.061956787109375000e+01
5.031774902343750000e+01
5.065467071533203125e+01
4.988323593139648438e+01
5.114486694335937500e+01
5.043815612792968750e+01
5.070887374877929688e+01
5.105957794189453125e+01
4.955540466308593750e+01
5.030956268310546875e+01
5.030122756958007812e+01
4.932426452636718750e+01
4.989002227783203125e+01
4.935062026977539062e+01
5.012875366210937500e+01
4.955947494506835938e+01
4.962538146972656250e+01
4.969341278076171875e+01
4.977623367309570312e+01
4.984152221679687500e+01
5.034103775024414062e+01
5.029539108276367188e+01
5.048400115966796875e+01
5.049313354492187500e+01
5.051934432983398438e+01
5.091567230224609375e+01
5.011919021606445312e+01
4.983171081542968750e+01
4.964799118041992188e+01
5.008234786987304688e+01
5.017129516601562500e+01
4.955545043945312500e+01
4.994861221313476562e+01
4.998581314086914062e+01
4.994914245605468750e+01
5.053797531127929688e+01
5.042832565307617188e+01
4.974683761596679688e+01
5.008095169067382812e+01
5.032906723022460938e+01
5.026343917846679688e+01
5.027864837646484375e+01
5.109419631958007812e+01
4.994395446777343750e+01
4.921462249755859375e+01
5.065901565551757812e+01
5.045745086669921875e+01
5.035872650146484375e+01
5.037371826171875000e+01
4.970956420898437500e+01
5.013704681396484375e+01
5.064060211181640625e+01
5.099909973144531250e+01
5.040755462646484375e+01
5.017584991455078125e+01
4.975606918334960938e+01
5.096213912963867188e+01
4.996960067749023438e+01
4.975506591796875000e+01
4.985614395141601562e+01
5.027565383911132812e+01
5.023941040039062500e+01
5.035128784179687500e+01
5.104936981201171875e+01
5.062217330932617188e+01
5.045627975463867188e+01
5.048895263671875000e+01
5.002844238281250000e+01
4.963287353515625000e+01
4.974282836914062500e+01
4.973574447631835938e+01
5.002423477172851562e+01
4.948319625854492188e+01
4.965571975708007812e+01
4.895794677734375000e+01
5.000638961791992188e+01
4.816652679443359375e+01
4.941919326782226562e+01
4.952392196655273438e+01
4.887285232543945312e+01
4.904342269897460938e+01
4.923416137695312500e+01
4.932631683349609375e+01
4.948388290405273438e+01
4.961394500732421875e+01
4.961613845825195312e+01
4.915879058837890625e+01
5.001645278930664062e+01
5.065131759643554688e+01
5.073795700073242188e+01
5.025891494750976562e+01
5.023052215576171875e+01
4.989387512207031250e+01
5.065041351318359375e+01
5.059378433227539062e+01
5.101925277709960938e+01
5.197893905639648438e+01
5.206446838378906250e+01
5.116432571411132812e+01
5.198312759399414062e+01
5.127460479736328125e+01
5.049296951293945312e+01
5.089107131958007812e+01
5.079023361206054688e+01
5.097439193725585938e+01
5.095848464965820312e+01
5.148571395874023438e+01
5.192816543579101562e+01
5.064830398559570312e+01
5.066946411132812500e+01
5.038159561157226562e+01
5.083351516723632812e+01
5.046701431274414062e+01
5.016794586181640625e+01
4.977642059326171875e+01
5.015072631835937500e+01
4.998717880249023438e+01
5.022674179077148438e+01
4.998227691650390625e+01
5.010585784912109375e+01
5.039472579956054688e+01
5.067526626586914062e+01
5.036276626586914062e+01
5.020056152343750000e+01
5.003853225708007812e+01
5.028316497802734375e+01
5.003089904785156250e+01
5.057627868652343750e+01
4.978574371337890625e+01
4.975513076782226562e+01
5.027202987670898438e+01
4.933077239990234375e+01
4.890111923217773438e+01
4.891983413696289062e+01
4.953369522094726562e+01
5.006091308593750000e+01
5.012037658691406250e+01
4.991419601440429688e+01
5.016994094848632812e+01
4.981486892700195312e+01
5.038416290283203125e+01
4.916957855224609375e+01
4.953341293334960938e+01
5.049171066284179688e+01
5.050436401367187500e+01
4.990974426269531250e+01
5.028876495361328125e+01
5.012487411499023438e+01
4.978494644165039062e+01
4.974232864379882812e+01
5.043726730346679688e+01
5.038724136352539062e+01
4.978236770629882812e+01
5.036082458496093750e+01
5.054586791992187500e+01
5.032768630981445312e+01
5.090210342407226562e+01
5.121282958984375000e+01
5.129912567138671875e+01
5.160967254638671875e+01
5.120403289794921875e+01
5.119349288940429688e+01
5.134202957153320312e+01
5.134444046020507812e+01
5.161647033691406250e+01
5.127384948730468750e+01
5.157823562622070312e+01
5.152532196044921875e+01
5.099563217163085938e+01
5.073001098632812500e+01
5.078355407714843750e+01
5.059577178955078125e+01
5.091228866577148438e+01
5.129979324340820312e+01
5.181913375854492188e+01
5.126731109619140625e+01
5.156523513793945312e+01
5.254755401611328125e+01
5.235122680664062500e+01
5.188385391235351562e+01
5.257199859619140625e+01
5.186021804809570312e+01
5.272438430786132812e+01
5.263331222534179688e+01
5.190959548950195312e+01
5.212107849121093750e+01
5.162134552001953125e+01
5.191991806030273438e+01
5.171544265747070312e+01
5.186664581298828125e+01
5.268380355834960938e+01
5.162793731689453125e+01
5.197935104370117188e+01
5.175348281860351562e+01
5.121234512329101562e+01
5.146018600463867188e+01
5.286235046386718750e+01
5.190389633178710938e+01
5.278682708740234375e+01
5.238687515258789062e+01
5.286091613769531250e+01
5.278193664550781250e+01
5.281071853637695312e+01
5.296910095214843750e+01
5.342623138427734375e+01
5.372999191284179688e+01
5.359654235839843750e+01
5.321027374267578125e+01
5.306176376342773438e+01
5.314464950561523438e+01
5.345779418945312500e+01
5.354052352905273438e+01
5.297020339965820312e+01
5.301022720336914062e+01
5.375377273559570312e+01
5.315473556518554688e+01
5.313623428344726562e+01
5.261770629882812500e+01
5.299701690673828125e+01
5.379374313354492188e+01
5.390153121948242188e+01
5.340750885009765625e+01
5.314160156250000000e+01
5.311079788208007812e+01
5.354534149169921875e+01
5.426961517333984375e+01
5.296796798706054688e+01
5.395645904541015625e+01
5.382794570922851562e+01
5.379186630249023438e+01
5.348601531982421875e+01
5.326142883300781250e+01
5.360969543457031250e+01
5.397736740112304688e+01
5.435984802246093750e+01
5.377469635009765625e+01
5.354889678955078125e+01
5.360379791259765625e+01
5.393436050415039062e+01
5.442891311645507812e+01
5.402909469604492188e+01
5.599861907958984375e+01
5.514618682861328125e+01
5.438064193725585938e+01
5.544444656372070312e+01
5.630366897583007812e+01
5.558406066894531250e+01
5.597257995605468750e+01
5.595816802978515625e+01
5.618305969238281250e+01
5.653973770141601562e+01
5.637022781372070312e+01
5.758391189575195312e+01
5.790736389160156250e+01
5.843539810180664062e+01
5.847457504272460938e+01
5.912224197387695312e+01
5.906745147705078125e+01
5.793386077880859375e+01
5.944774627685546875e+01
5.982667160034179688e+01
5.855690002441406250e+01
5.936287689208984375e+01
5.978610229492187500e+01
6.002179718017578125e+01
6.046181869506835938e+01
5.896903991699218750e+01
5.901657485961914062e+01
5.934836578369140625e+01
5.946323013305664062e+01
5.893344879150390625e+01
5.828546142578125000e+01
5.742545318603515625e+01
5.784603118896484375e+01
5.841956329345703125e+01
5.783353042602539062e+01
5.828386688232421875e+01
5.804076385498046875e+01
5.805771255493164062e+01
5.734886169433593750e+01
5.792253875732421875e+01
5.788323974609375000e+01
5.769057464599609375e+01
5.695692443847656250e+01
5.768407440185546875e+01
5.739848327636718750e+01
5.846314620971679688e+01
5.841847610473632812e+01
5.866337585449218750e+01
5.905942916870117188e+01
5.995660781860351562e+01
5.915415954589843750e+01
5.888335037231445312e+01
5.984238433837890625e+01
5.934555816650390625e+01
5.953622055053710938e+01
6.026274871826171875e+01
6.071751785278320312e+01
6.066833496093750000e+01
6.021713256835937500e+01
6.088605499267578125e+01
6.171595382690429688e+01
6.118884658813476562e+01
6.097085952758789062e+01
6.027758026123046875e+01
6.069844818115234375e+01
6.099085235595703125e+01
6.138488769531250000e+01
6.170080184936523438e+01
6.259868621826171875e+01
6.162767791748046875e+01
6.171324157714843750e+01
6.283489608764648438e+01
6.263045501708984375e+01
6.276142501831054688e+01
6.277247619628906250e+01
6.334956359863281250e+01
6.250465774536132812e+01
6.369230651855468750e+01
6.402968597412109375e+01
6.389427947998046875e+01
6.457080078125000000e+01
6.372124099731445312e+01
6.376394653320312500e+01
6.406274414062500000e+01
6.466976928710937500e+01
6.443461608886718750e+01
6.515541839599609375e+01
6.460813140869140625e+01
6.420729827880859375e+01
6.552851867675781250e+01
6.470719146728515625e+01
6.554673767089843750e+01
6.508850097656250000e+01
6.513909149169921875e+01
6.472739410400390625e+01
6.484709930419921875e+01
6.461927032470703125e+01
6.537604522705078125e+01
6.522360229492187500e+01
6.525289916992187500e+01
6.520317077636718750e+01
6.567692565917968750e+01
6.566063690185546875e+01
6.585962677001953125e+01
6.659756469726562500e+01
6.628754425048828125e+01
6.624412536621093750e+01
6.560131072998046875e+01
6.622401428222656250e+01
6.653125000000000000e+01
6.576586151123046875e+01
6.554229736328125000e+01
6.586271667480468750e+01
6.658568572998046875e+01
6.767152404785156250e+01
6.676844024658203125e+01
6.718206024169921875e+01
6.715943145751953125e+01
6.777956390380859375e+01
6.850638580322265625e+01
6.841806030273437500e+01
6.845573425292968750e+01
6.766025543212890625e+01
6.889012145996093750e+01
6.960559082031250000e+01
6.895635223388671875e+01
6.857695007324218750e+01
6.810290527343750000e+01
6.839162445068359375e+01
6.897962951660156250e+01
6.796730041503906250e+01
6.817668151855468750e+01
6.902796173095703125e+01
6.850408172607421875e+01
6.811363983154296875e+01
6.832939147949218750e+01
6.960015869140625000e+01
6.926348114013671875e+01
7.011106109619140625e+01
6.916476440429687500e+01
7.025814056396484375e+01
7.019879913330078125e+01
7.016607666015625000e+01
7.094475555419921875e+01
7.106752777099609375e+01
7.203795623779296875e+01
7.235461425781250000e+01
7.165926361083984375e+01
7.173180389404296875e+01
7.187356567382812500e+01
7.299600219726562500e+01
7.232598876953125000e+01
7.296749877929687500e+01
7.301420593261718750e+01
7.285761260986328125e+01
7.239665985107421875e+01
7.121417999267578125e+01
7.322834014892578125e+01
7.284857940673828125e+01
7.263390350341796875e+01
7.205615997314453125e+01
7.143914031982421875e+01
7.326500701904296875e+01
7.128845214843750000e+01
7.154079437255859375e+01
7.239030456542968750e+01
7.281758117675781250e+01
7.320223236083984375e+01
7.366394805908203125e+01
7.217099761962890625e+01
7.214208221435546875e+01
7.288713836669921875e+01
7.307019042968750000e+01
7.270970153808593750e+01
7.304589080810546875e+01
7.470245361328125000e+01
7.368173217773437500e+01
7.433560180664062500e+01
7.332374572753906250e+01
7.302502441406250000e+01
7.422868347167968750e+01
7.427765655517578125e+01
7.313501739501953125e+01
7.328135681152343750e+01
7.305797576904296875e+01
7.374679565429687500e+01
7.349176788330078125e+01
7.375337219238281250e+01
7.411598205566406250e+01
7.473611450195312500e+01
7.512524414062500000e+01
7.521918487548828125e+01
7.479813385009765625e+01
7.378144073486328125e+01
7.425173187255859375e+01
7.371459197998046875e+01
7.405998992919921875e+01
7.310585021972656250e+01
7.221506500244140625e+01
7.107873535156250000e+01
7.266765594482421875e+01
7.303606414794921875e+01
7.250559997558593750e+01
7.299062347412109375e+01
7.191648101806640625e+01
7.268931579589843750e+01
7.208661651611328125e+01
7.173697662353515625e+01
7.208149719238281250e+01
7.171158599853515625e+01
7.173983764648437500e+01
7.280776214599609375e+01
7.203514099121093750e+01
7.292058563232421875e+01
7.196057891845703125e+01
7.220063018798828125e+01
7.297727966308593750e+01
7.299446868896484375e+01
7.262680816650390625e+01
7.251851654052734375e+01
7.251574707031250000e+01
7.258155059814453125e+01
7.273278045654296875e+01
7.300131988525390625e+01
7.296221160888671875e+01
7.249591827392578125e+01
7.329238891601562500e+01
7.302700805664062500e+01
7.395661926269531250e+01
7.385738372802734375e+01
7.479761505126953125e+01
7.335881042480468750e+01
7.378437805175781250e+01
7.359646606445312500e+01
7.278442382812500000e+01
7.353646850585937500e+01
7.260334777832031250e+01
7.252860260009765625e+01
7.225748443603515625e+01
7.182129669189453125e+01
7.078210449218750000e+01
7.103147888183593750e+01
7.016996765136718750e+01
7.065757751464843750e+01
7.064443206787109375e+01
7.096897125244140625e+01
7.131097412109375000e+01
7.089044952392578125e+01
7.181719207763671875e+01
7.149371337890625000e+01
7.194013977050781250e+01
7.335464477539062500e+01
7.342099761962890625e+01
7.255545043945312500e+01
7.281517791748046875e+01
