3.619357347488403320e-01
1.114686012268066406e+00
6.201164722442626953e-01
8.218504786491394043e-01
9.573857188224792480e-01
1.171651840209960938e+00
1.193690419197082520e+00
1.737380266189575195e+00
1.466743826866149902e+00
2.224267959594726562e+00
1.804759383201599121e+00
1.683400034904479980e+00
1.752516388893127441e+00
1.803586959838867188e+00
1.845548868179321289e+00
1.917749047279357910e+00
1.936729073524475098e+00
2.023694515228271484e+00
2.049744129180908203e+00
2.294687747955322266e+00
2.122197151184082031e+00
2.234089851379394531e+00
2.106128931045532227e+00
2.159599304199218750e+00
2.099936962127685547e+00
2.269275903701782227e+00
2.271093368530273438e+00
2.309108495712280273e+00
2.252432584762573242e+00
2.389855146408081055e+00
2.928330183029174805e+00
2.679109334945678711e+00
2.582711219787597656e+00
2.575746536254882812e+00
2.648401260375976562e+00
2.741758108139038086e+00
2.786584377288818359e+00
2.823363780975341797e+00
3.114660263061523438e+00
3.143885612487792969e+00
3.083689451217651367e+00
3.159733295440673828e+00
3.288971185684204102e+00
3.414428234100341797e+00
3.272969484329223633e+00
3.307593822479248047e+00
3.300464868545532227e+00
3.889071941375732422e+00
3.481509447097778320e+00
3.529241323471069336e+00
4.076861381530761719e+00
3.635554790496826172e+00
3.736023902893066406e+00
3.940487861633300781e+00
3.785184144973754883e+00
3.767234325408935547e+00
3.799687862396240234e+00
3.629310607910156250e+00
3.663492202758789062e+00
3.560427665710449219e+00
3.962585687637329102e+00
3.822264194488525391e+00
3.802670001983642578e+00
3.726096630096435547e+00
3.902863264083862305e+00
3.880454778671264648e+00
3.749112606048583984e+00
3.667342424392700195e+00
3.789120197296142578e+00
3.770073175430297852e+00
3.678925275802612305e+00
3.889687538146972656e+00
3.753512382507324219e+00
3.692103385925292969e+00
3.709098577499389648e+00
3.790148496627807617e+00
3.742062568664550781e+00
3.722148418426513672e+00
3.688120603561401367e+00
3.643437385559082031e+00
3.703091382980346680e+00
3.689961194992065430e+00
3.694822311401367188e+00
3.700117111206054688e+00
3.612046003341674805e+00
3.707157135009765625e+00
3.846476316452026367e+00
3.914338111877441406e+00
3.875642776489257812e+00
3.827251911163330078e+00
3.826712369918823242e+00
3.820304632186889648e+00
3.879657745361328125e+00
3.904850482940673828e+00
4.178258419036865234e+00
4.070704460144042969e+00
3.921872854232788086e+00
4.090283870697021484e+00
4.000751495361328125e+00
4.040223121643066406e+00
4.182253360748291016e+00
4.109123229980468750e+00
4.047156333923339844e+00
4.018216609954833984e+00
4.037491321563720703e+00
3.947411537170410156e+00
4.116242408752441406e+00
4.096115112304687500e+00
4.001222133636474609e+00
4.048418045043945312e+00
4.009141921997070312e+00
4.027402877807617188e+00
4.188356876373291016e+00
8.321990013122558594e+00
4.761385440826416016e+00
4.291335582733154297e+00
4.278301715850830078e+00
4.102512836456298828e+00
4.153612136840820312e+00
4.133437633514404297e+00
4.017679691314697266e+00
4.208976268768310547e+00
3.961269617080688477e+00
3.976105928421020508e+00
4.099337577819824219e+00
4.075795650482177734e+00
3.966230630874633789e+00
3.826587915420532227e+00
4.014426708221435547e+00
6.184300899505615234e+00
4.293427944183349609e+00
4.137217521667480469e+00
3.909089326858520508e+00
3.904357194900512695e+00
3.832952976226806641e+00
3.731618881225585938e+00
3.779335260391235352e+00
3.746519565582275391e+00
3.748391151428222656e+00
4.409890651702880859e+00
3.874218702316284180e+00
3.784332036972045898e+00
3.801380872726440430e+00
3.702117443084716797e+00
3.797761678695678711e+00
3.835791110992431641e+00
3.826353788375854492e+00
4.530983448028564453e+00
3.956391096115112305e+00
3.865317821502685547e+00
3.916572332382202148e+00
3.868506193161010742e+00
3.952164649963378906e+00
3.902146100997924805e+00
3.867068767547607422e+00
3.775847196578979492e+00
3.726413011550903320e+00
3.893799781799316406e+00
3.802290916442871094e+00
3.876020908355712891e+00
3.824194669723510742e+00
3.918872117996215820e+00
3.844930648803710938e+00
3.818945646286010742e+00
3.784515380859375000e+00
3.846566677093505859e+00
3.830687522888183594e+00
3.792461156845092773e+00
3.862568140029907227e+00
3.829495668411254883e+00
3.796079397201538086e+00
3.849188327789306641e+00
3.756324768066406250e+00
3.975261688232421875e+00
3.979648590087890625e+00
3.967933893203735352e+00
4.093379497528076172e+00
4.065177917480468750e+00
4.033621311187744141e+00
4.092201232910156250e+00
4.133094787597656250e+00
4.203438758850097656e+00
4.265503406524658203e+00
4.213654041290283203e+00
4.227911472320556641e+00
4.199171066284179688e+00
4.194620132446289062e+00
4.259721755981445312e+00
4.492983818054199219e+00
4.634968280792236328e+00
5.026134014129638672e+00
4.873725891113281250e+00
4.887077808380126953e+00
4.938249111175537109e+00
4.888425827026367188e+00
5.307538032531738281e+00
5.293912887573242188e+00
5.755927562713623047e+00
5.732081890106201172e+00
6.553683757781982422e+00
7.084717750549316406e+00
6.925167560577392578e+00
7.614367008209228516e+00
7.768990039825439453e+00
7.760992527008056641e+00
8.027886390686035156e+00
8.317433357238769531e+00
9.105269432067871094e+00
9.751663208007812500e+00
1.040179729461669922e+01
1.131505012512207031e+01
1.122567749023437500e+01
1.165905666351318359e+01
1.192404842376708984e+01
1.260208129882812500e+01
1.250442409515380859e+01
1.309744739532470703e+01
1.326049613952636719e+01
1.395472526550292969e+01
1.421495342254638672e+01
1.520681762695312500e+01
1.591503429412841797e+01
1.616949462890625000e+01
1.656363677978515625e+01
1.750950431823730469e+01
1.757203102111816406e+01
1.712917518615722656e+01
1.825438499450683594e+01
1.836632728576660156e+01
1.869880485534667969e+01
1.889395904541015625e+01
1.931752395629882812e+01
1.949981880187988281e+01
2.028935623168945312e+01
2.033941078186035156e+01
2.109943771362304688e+01
2.098650360107421875e+01
2.110926246643066406e+01
2.134957313537597656e+01
2.191915893554687500e+01
2.247652626037597656e+01
2.287705039978027344e+01
2.279640197753906250e+01
2.277897644042968750e+01
2.305648994445800781e+01
2.295566749572753906e+01
2.352865219116210938e+01
2.328876495361328125e+01
2.313037872314453125e+01
2.285809326171875000e+01
2.275805854797363281e+01
2.288667488098144531e+01
2.267287445068359375e+01
2.300927734375000000e+01
2.306715774536132812e+01
2.285833930969238281e+01
2.258025741577148438e+01
2.287862014770507812e+01
2.243671798706054688e+01
2.229608154296875000e+01
2.207252693176269531e+01
2.219172668457031250e+01
2.198021697998046875e+01
2.169455146789550781e+01
2.150336837768554688e+01
2.167046928405761719e+01
2.122591018676757812e+01
2.090571403503417969e+01
2.092999076843261719e+01
2.035312652587890625e+01
2.009502601623535156e+01
1.939205741882324219e+01
1.920173454284667969e+01
1.913982391357421875e+01
1.897195625305175781e+01
1.845248031616210938e+01
1.852371978759765625e+01
1.827689743041992188e+01
1.809796524047851562e+01
1.799879837036132812e+01
1.755177307128906250e+01
1.720972633361816406e+01
1.763328170776367188e+01
1.712896347045898438e+01
1.669771194458007812e+01
1.655860900878906250e+01
1.636751937866210938e+01
1.633287429809570312e+01
1.605393791198730469e+01
1.581481075286865234e+01
1.570081615447998047e+01
1.565843963623046875e+01
1.535625267028808594e+01
1.560339164733886719e+01
1.526130771636962891e+01
1.520999622344970703e+01
1.498148822784423828e+01
1.503645133972167969e+01
1.493807697296142578e+01
1.452337741851806641e+01
1.447306632995605469e+01
1.443485546112060547e+01
1.414118003845214844e+01
1.404162311553955078e+01
1.424499225616455078e+01
1.395492744445800781e+01
1.428160190582275391e+01
1.412865447998046875e+01
1.370838451385498047e+01
1.405487728118896484e+01
1.400166416168212891e+01
1.389687538146972656e+01
1.395524501800537109e+01
1.358641815185546875e+01
1.363187122344970703e+01
1.327513694763183594e+01
1.322311305999755859e+01
1.320118331909179688e+01
1.325536346435546875e+01
1.364500236511230469e+01
1.359922599792480469e+01
1.363688468933105469e+01
1.329854488372802734e+01
1.382853889465332031e+01
1.362210273742675781e+01
1.349316406250000000e+01
1.341354846954345703e+01
1.354824066162109375e+01
1.350550556182861328e+01
1.356596946716308594e+01
1.372867584228515625e+01
1.367900943756103516e+01
1.349797058105468750e+01
1.365986156463623047e+01
1.364807033538818359e+01
1.356824302673339844e+01
1.350211906433105469e+01
1.396190738677978516e+01
1.371135616302490234e+01
1.352242088317871094e+01
1.355049514770507812e+01
1.370036888122558594e+01
1.385736942291259766e+01
1.415652179718017578e+01
1.385411834716796875e+01
1.401124763488769531e+01
1.410545825958251953e+01
1.426684951782226562e+01
1.419312095642089844e+01
1.375204563140869141e+01
1.382973289489746094e+01
1.392604064941406250e+01
1.389212322235107422e+01
1.402917766571044922e+01
1.448010444641113281e+01
1.429083633422851562e+01
1.432539272308349609e+01
1.450938510894775391e+01
1.463478279113769531e+01
1.457994747161865234e+01
1.474925422668457031e+01
1.463079261779785156e+01
1.470639324188232422e+01
1.470365810394287109e+01
1.471426105499267578e+01
1.453759956359863281e+01
1.454016017913818359e+01
1.429057216644287109e+01
1.416010475158691406e+01
1.434961891174316406e+01
1.473314094543457031e+01
1.467665672302246094e+01
1.464566516876220703e+01
1.448222446441650391e+01
1.432799816131591797e+01
1.456042385101318359e+01
1.437440776824951172e+01
1.442362117767333984e+01
1.476008701324462891e+01
1.492727947235107422e+01
1.500369262695312500e+01
1.511774635314941406e+01
1.510677909851074219e+01
1.507923412322998047e+01
1.475036239624023438e+01
1.491350364685058594e+01
1.514632034301757812e+01
1.521211719512939453e+01
1.579062747955322266e+01
1.554574203491210938e+01
1.537555503845214844e+01
1.540093326568603516e+01
1.520009136199951172e+01
1.522729301452636719e+01
1.546970939636230469e+01
1.558199214935302734e+01
1.532926559448242188e+01
1.523663711547851562e+01
1.525700569152832031e+01
1.504209327697753906e+01
1.522176933288574219e+01
1.545847702026367188e+01
1.548445701599121094e+01
1.542125225067138672e+01
1.556178951263427734e+01
1.524144840240478516e+01
1.508672904968261719e+01
1.508443641662597656e+01
1.499055862426757812e+01
1.508883953094482422e+01
1.510747814178466797e+01
1.531907272338867188e+01
1.481314277648925781e+01
1.480919361114501953e+01
1.491480827331542969e+01
1.481386375427246094e+01
1.481666374206542969e+01
1.466529846191406250e+01
1.465919876098632812e+01
1.487541484832763672e+01
1.496132183074951172e+01
1.492464637756347656e+01
1.487065601348876953e+01
1.508188724517822266e+01
1.510589885711669922e+01
1.498573112487792969e+01
1.508367538452148438e+01
1.520754528045654297e+01
1.526859951019287109e+01
1.502047061920166016e+01
1.536158466339111328e+01
1.499580669403076172e+01
1.503573608398437500e+01
1.500402164459228516e+01
1.477090454101562500e+01
1.489452362060546875e+01
1.489978981018066406e+01
1.498072433471679688e+01
1.468188476562500000e+01
1.478638648986816406e+01
1.508790779113769531e+01
1.514757633209228516e+01
1.520549869537353516e+01
1.512062644958496094e+01
1.511893939971923828e+01
1.530627536773681641e+01
1.524506759643554688e+01
1.523116111755371094e+01
1.502700901031494141e+01
1.525247573852539062e+01
1.511843585968017578e+01
1.504172134399414062e+01
1.533520412445068359e+01
1.509126377105712891e+01
1.513854408264160156e+01
1.506508159637451172e+01
1.523398780822753906e+01
1.513935089111328125e+01
1.541068553924560547e+01
1.533302307128906250e+01
1.556664752960205078e+01
1.584918594360351562e+01
1.547944927215576172e+01
1.540457916259765625e+01
1.546943759918212891e+01
1.562889671325683594e+01
1.551063060760498047e+01
1.529948043823242188e+01
1.541464996337890625e+01
1.525920963287353516e+01
1.523694419860839844e+01
1.535565471649169922e+01
1.529716110229492188e+01
1.559493350982666016e+01
1.536544704437255859e+01
1.558905506134033203e+01
1.529239463806152344e+01
1.549179649353027344e+01
1.554640865325927734e+01
1.549208068847656250e+01
1.545794296264648438e+01
1.578588676452636719e+01
1.577868938446044922e+01
1.570269107818603516e+01
1.572939205169677734e+01
1.586995124816894531e+01
1.607979774475097656e+01
1.616328430175781250e+01
1.584045410156250000e+01
1.613527488708496094e+01
1.597614002227783203e+01
1.587082576751708984e+01
1.569030857086181641e+01
1.594043540954589844e+01
1.597639083862304688e+01
1.619615554809570312e+01
1.616929244995117188e+01
1.639480972290039062e+01
1.640616416931152344e+01
1.643351554870605469e+01
1.660850143432617188e+01
1.647286605834960938e+01
1.663133621215820312e+01
1.665112495422363281e+01
1.674572944641113281e+01
1.694676589965820312e+01
1.670809364318847656e+01
1.687437248229980469e+01
1.699639511108398438e+01
1.688642311096191406e+01
1.723192977905273438e+01
1.740324211120605469e+01
1.719502449035644531e+01
1.719878578186035156e+01
1.737869262695312500e+01
1.748055458068847656e+01
1.743805503845214844e+01
1.771710395812988281e+01
1.798170280456542969e+01
1.790582084655761719e+01
1.771771812438964844e+01
1.794278907775878906e+01
1.794329071044921875e+01
1.800905227661132812e+01
1.801514053344726562e+01
1.793097305297851562e+01
1.809436798095703125e+01
1.791896820068359375e+01
1.816761779785156250e+01
1.799391937255859375e+01
1.787559127807617188e+01
1.803138351440429688e+01
1.817128181457519531e+01
1.855737876892089844e+01
1.873387527465820312e+01
1.854967498779296875e+01
1.848933410644531250e+01
1.875373458862304688e+01
1.877391815185546875e+01
1.887388992309570312e+01
1.898731040954589844e+01
1.902828598022460938e+01
1.915007400512695312e+01
1.923156356811523438e+01
1.921947288513183594e+01
1.893143081665039062e+01
1.925570106506347656e+01
1.933177566528320312e+01
1.959092903137207031e+01
1.916893768310546875e+01
1.918928909301757812e+01
1.896333503723144531e+01
1.939771842956542969e+01
1.957346153259277344e+01
1.959114646911621094e+01
2.009026145935058594e+01
1.970975875854492188e+01
1.974536895751953125e+01
1.972989845275878906e+01
2.005966567993164062e+01
1.959465599060058594e+01
1.991168403625488281e+01
2.015407752990722656e+01
2.012877273559570312e+01
2.005871391296386719e+01
1.990064048767089844e+01
1.995902061462402344e+01
2.026362609863281250e+01
2.033082008361816406e+01
2.022056961059570312e+01
2.017748069763183594e+01
2.066116142272949219e+01
2.066286277770996094e+01
2.065686607360839844e+01
2.057202720642089844e+01
2.079935073852539062e+01
2.109237861633300781e+01
2.060856246948242188e+01
2.111664390563964844e+01
2.099663734436035156e+01
2.102280235290527344e+01
2.123999786376953125e+01
2.125265312194824219e+01
2.101441764831542969e+01
2.121015167236328125e+01
2.101460266113281250e+01
2.128163146972656250e+01
2.144037437438964844e+01
2.128724670410156250e+01
2.156474876403808594e+01
2.145255470275878906e+01
2.154987907409667969e+01
2.145830535888671875e+01
2.167346954345703125e+01
2.127703666687011719e+01
2.189616775512695312e+01
2.159781646728515625e+01
2.158152008056640625e+01
2.182310485839843750e+01
2.209892845153808594e+01
2.206840705871582031e+01
2.223446464538574219e+01
2.209112167358398438e+01
2.239475059509277344e+01
2.228190612792968750e+01
2.242011642456054688e+01
2.228907394409179688e+01
2.231639289855957031e+01
2.269442176818847656e+01
2.233665084838867188e+01
2.304095077514648438e+01
2.243291854858398438e+01
2.265879058837890625e+01
2.280294990539550781e+01
2.310153388977050781e+01
2.307878684997558594e+01
2.328713607788085938e+01
2.319202041625976562e+01
2.289795684814453125e+01
2.329688644409179688e+01
2.356381034851074219e+01
2.379531478881835938e+01
2.390747833251953125e+01
2.359095001220703125e+01
2.386817169189453125e+01
2.377962112426757812e+01
2.378820610046386719e+01
2.359536170959472656e+01
2.388225746154785156e+01
2.387350845336914062e+01
2.397295951843261719e+01
2.413739013671875000e+01
2.388455009460449219e+01
2.409717178344726562e+01
2.435174560546875000e+01
2.429793357849121094e+01
2.403813934326171875e+01
2.434496879577636719e+01
2.428181648254394531e+01
2.388497161865234375e+01
2.423092651367187500e+01
2.411181640625000000e+01
2.440005683898925781e+01
2.437683868408203125e+01
2.491964912414550781e+01
2.482178497314453125e+01
2.458862113952636719e+01
2.484437751770019531e+01
2.492905807495117188e+01
2.507649993896484375e+01
2.517284393310546875e+01
2.489635467529296875e+01
2.530425262451171875e+01
2.598295783996582031e+01
2.567524147033691406e+01
2.635578918457031250e+01
2.594062805175781250e+01
2.578314590454101562e+01
2.580426406860351562e+01
2.592289543151855469e+01
2.614493370056152344e+01
2.601897811889648438e+01
2.613271522521972656e+01
2.601651954650878906e+01
2.598701858520507812e+01
2.644766235351562500e+01
2.647143936157226562e+01
2.666496849060058594e+01
2.699689102172851562e+01
2.728488540649414062e+01
2.711680984497070312e+01
2.683486366271972656e+01
2.680990982055664062e+01
2.680635452270507812e+01
2.657723236083984375e+01
2.688709831237792969e+01
2.731296920776367188e+01
2.772617340087890625e+01
2.796680068969726562e+01
2.813991737365722656e+01
2.788558197021484375e+01
2.782296562194824219e+01
2.785334587097167969e+01
2.779522323608398438e+01
2.771835136413574219e+01
2.798509597778320312e+01
2.754883956909179688e+01
2.773730850219726562e+01
2.792381286621093750e+01
2.769322967529296875e+01
2.756468200683593750e+01
2.808713340759277344e+01
2.769294166564941406e+01
2.786089897155761719e+01
2.751593017578125000e+01
2.778330421447753906e+01
2.789039421081542969e+01
2.820753097534179688e+01
2.835815429687500000e+01
2.832818031311035156e+01
2.829773139953613281e+01
2.857696723937988281e+01
2.892898750305175781e+01
2.869108581542968750e+01
2.904794120788574219e+01
2.912321281433105469e+01
2.932471466064453125e+01
2.937308502197265625e+01
2.948794555664062500e+01
2.959852790832519531e+01
2.956547737121582031e+01
2.990916252136230469e+01
2.965394592285156250e+01
3.005960464477539062e+01
3.002828979492187500e+01
3.019438362121582031e+01
3.060269355773925781e+01
3.017944145202636719e+01
3.079217147827148438e+01
3.057284736633300781e+01
3.039740371704101562e+01
3.132461166381835938e+01
3.089575767517089844e+01
3.146314239501953125e+01
3.189930725097656250e+01
3.116169548034667969e+01
3.103075408935546875e+01
3.126710700988769531e+01
3.115257072448730469e+01
3.140707969665527344e+01
3.156538009643554688e+01
3.122799301147460938e+01
3.180191802978515625e+01
3.166898918151855469e+01
3.180497360229492188e+01
3.198670387268066406e+01
3.225434875488281250e+01
3.216938018798828125e+01
3.259337234497070312e+01
3.212240600585937500e+01
3.272618103027343750e+01
3.238259506225585938e+01
3.243230438232421875e+01
3.295286560058593750e+01
3.331546020507812500e+01
3.302238464355468750e+01
3.279833984375000000e+01
3.345354080200195312e+01
3.317342376708984375e+01
3.363665008544921875e+01
3.329761505126953125e+01
3.349536895751953125e+01
3.402172470092773438e+01
3.415543746948242188e+01
3.433672714233398438e+01
3.512119674682617188e+01
3.490430068969726562e+01
3.508131408691406250e+01
3.565415573120117188e+01
3.500644683837890625e+01
3.523841476440429688e+01
3.554655838012695312e+01
3.599602508544921875e+01
3.613505172729492188e+01
3.635768890380859375e+01
3.653847503662109375e+01
3.696535873413085938e+01
3.706990051269531250e+01
3.721541595458984375e+01
3.782910919189453125e+01
3.745104980468750000e+01
3.821657943725585938e+01
3.796160125732421875e+01
3.747174072265625000e+01
3.851382827758789062e+01
3.801673889160156250e+01
3.825759887695312500e+01
3.829726028442382812e+01
3.947159576416015625e+01
3.852914810180664062e+01
3.985728454589843750e+01
3.958719635009765625e+01
3.942135238647460938e+01
3.952570343017578125e+01
3.907603836059570312e+01
3.952915954589843750e+01
3.889114761352539062e+01
3.932781219482421875e+01
3.910523986816406250e+01
3.944486999511718750e+01
3.897756195068359375e+01
3.909843826293945312e+01
3.935505676269531250e+01
3.898056030273437500e+01
3.905849075317382812e+01
3.923322677612304688e+01
3.981663131713867188e+01
3.974150466918945312e+01
3.922047042846679688e+01
3.927899932861328125e+01
3.981806182861328125e+01
3.994458389282226562e+01
3.966603088378906250e+01
3.984420013427734375e+01
3.927512359619140625e+01
3.974494552612304688e+01
4.006571197509765625e+01
4.006435012817382812e+01
4.014274978637695312e+01
4.055512237548828125e+01
4.088913726806640625e+01
4.042401885986328125e+01
4.059249877929687500e+01
4.040812683105468750e+01
4.085472106933593750e+01
4.044884109497070312e+01
4.028886032104492188e+01
4.032960128784179688e+01
4.055743789672851562e+01
4.082542800903320312e+01
4.107125854492187500e+01
4.159770965576171875e+01
4.170295333862304688e+01
4.160949325561523438e+01
4.218189239501953125e+01
4.165476608276367188e+01
4.081536865234375000e+01
4.093842697143554688e+01
4.170120239257812500e+01
4.157657241821289062e+01
4.190446090698242188e+01
4.181201171875000000e+01
4.122533035278320312e+01
4.191741180419921875e+01
4.178141784667968750e+01
4.145562744140625000e+01
4.215100097656250000e+01
4.212516784667968750e+01
4.239360809326171875e+01
4.260088729858398438e+01
4.215405654907226562e+01
4.256901550292968750e+01
4.182791900634765625e+01
4.182883071899414062e+01
4.212700653076171875e+01
4.197096633911132812e+01
4.229946136474609375e+01
4.302669525146484375e+01
4.354475784301757812e+01
4.284666061401367188e+01
4.312073516845703125e+01
4.256777191162109375e+01
4.303478240966796875e+01
4.367268753051757812e+01
4.408138275146484375e+01
4.362432098388671875e+01
4.374325180053710938e+01
4.440540695190429688e+01
4.475107574462890625e+01
4.481047821044921875e+01
4.456639099121093750e+01
4.495306396484375000e+01
4.482545089721679688e+01
4.468124771118164062e+01
4.436286544799804688e+01
4.559032058715820312e+01
4.500893783569335938e+01
4.458038330078125000e+01
4.482630920410156250e+01
4.497301483154296875e+01
4.492165756225585938e+01
4.517065048217773438e+01
4.577266311645507812e+01
4.582328033447265625e+01
4.566759490966796875e+01
4.509093093872070312e+01
4.546705627441406250e+01
4.519891738891601562e+01
4.526065063476562500e+01
4.504400634765625000e+01
4.538127899169921875e+01
4.562073135375976562e+01
4.540111923217773438e+01
4.476947021484375000e+01
4.509990692138671875e+01
4.528161621093750000e+01
4.512341308593750000e+01
4.463417053222656250e+01
4.507092285156250000e+01
4.461831283569335938e+01
4.505119705200195312e+01
4.521831893920898438e+01
4.617238998413085938e+01
4.672734451293945312e+01
4.621800613403320312e+01
4.614735031127929688e+01
4.640623474121093750e+01
4.706935882568359375e+01
4.586861801147460938e+01
4.594403076171875000e+01
4.687227249145507812e+01
4.649358749389648438e+01
4.685157012939453125e+01
4.650836944580078125e+01
4.639230346679687500e+01
4.695549392700195312e+01
4.689656066894531250e+01
4.708375167846679688e+01
4.720379638671875000e+01
4.750550079345703125e+01
4.701962661743164062e+01
4.713809967041015625e+01
4.766279602050781250e+01
4.734218215942382812e+01
4.726929092407226562e+01
4.714208984375000000e+01
4.786164093017578125e+01
4.817871093750000000e+01
4.751637649536132812e+01
4.848260116577148438e+01
4.883839797973632812e+01
4.822027587890625000e+01
4.814092254638671875e+01
4.809337997436523438e+01
4.836185073852539062e+01
4.841903305053710938e+01
4.772575378417968750e+01
4.816413116455078125e+01
4.859416198730468750e+01
4.854620361328125000e+01
4.912039947509765625e+01
4.922448348999023438e+01
4.880228805541992188e+01
5.002626037597656250e+01
5.002532958984375000e+01
5.069171905517578125e+01
4.989932632446289062e+01
4.963619232177734375e+01
5.095264434814453125e+01
5.065742111206054688e+01
5.086003112792968750e+01
4.993916320800781250e+01
5.107659530639648438e+01
5.153609085083007812e+01
5.080003356933593750e+01
5.041090011596679688e+01
5.094555282592773438e+01
5.119724273681640625e+01
5.092432785034179688e+01
5.224683761596679688e+01
5.186046600341796875e+01
5.249905395507812500e+01
5.206311798095703125e+01
5.130523300170898438e+01
5.184038162231445312e+01
5.164175033569335938e+01
5.166482925415039062e+01
5.173035430908203125e+01
5.088227844238281250e+01
5.153000259399414062e+01
5.131473922729492188e+01
5.174954605102539062e+01
5.115884399414062500e+01
5.223576736450195312e+01
5.160749435424804688e+01
5.201216125488281250e+01
5.200745010375976562e+01
5.237128067016601562e+01
5.246237564086914062e+01
5.215557098388671875e+01
5.243162536621093750e+01
5.280998611450195312e+01
5.278304672241210938e+01
5.290398406982421875e+01
5.364589691162109375e+01
5.282890701293945312e+01
5.293803024291992188e+01
5.321941375732421875e+01
5.257807540893554688e+01
5.239180755615234375e+01
5.289168930053710938e+01
5.308306503295898438e+01
5.264084243774414062e+01
5.250801467895507812e+01
5.286251449584960938e+01
5.230681610107421875e+01
5.267125701904296875e+01
5.316003799438476562e+01
5.304759979248046875e+01
5.374983596801757812e+01
5.334585952758789062e+01
5.369198608398437500e+01
5.331240463256835938e+01
5.370595169067382812e+01
5.367324829101562500e+01
5.405603408813476562e+01
5.438402557373046875e+01
5.514350128173828125e+01
5.502093124389648438e+01
5.507102966308593750e+01
5.528538894653320312e+01
5.578583526611328125e+01
5.575157165527343750e+01
5.621936798095703125e+01
5.700405883789062500e+01
5.670288467407226562e+01
5.666636657714843750e+01
5.671803283691406250e+01
5.618128967285156250e+01
5.578604507446289062e+01
5.595378875732421875e+01
5.579176330566406250e+01
5.580729293823242188e+01
5.616036605834960938e+01
5.693000793457031250e+01
5.623351669311523438e+01
5.658315658569335938e+01
5.688439941406250000e+01
5.695454025268554688e+01
5.705292129516601562e+01
5.683339691162109375e+01
5.744170379638671875e+01
5.780033493041992188e+01
5.782011413574218750e+01
5.738844299316406250e+01
5.767641448974609375e+01
5.793114089965820312e+01
5.783212661743164062e+01
5.887563705444335938e+01
5.950811767578125000e+01
5.890528106689453125e+01
5.889374160766601562e+01
5.936459350585937500e+01
5.968493270874023438e+01
6.002882766723632812e+01
6.134070968627929688e+01
5.910515594482421875e+01
6.010552978515625000e+01
5.959083175659179688e+01
6.008118438720703125e+01
6.007379913330078125e+01
5.915501403808593750e+01
5.988673782348632812e+01
6.035302352905273438e+01
6.084371566772460938e+01
6.094685363769531250e+01
6.172789001464843750e+01
6.193288421630859375e+01
6.179635238647460938e+01
6.099248504638671875e+01
6.104171752929687500e+01
6.097734832763671875e+01
6.136220169067382812e+01
6.188375473022460938e+01
6.184065628051757812e+01
6.206149673461914062e+01
6.270174789428710938e+01
6.306366729736328125e+01
6.326771163940429688e+01
6.290335083007812500e+01
6.326218032836914062e+01
6.371499252319335938e+01
6.273769378662109375e+01
6.264900970458984375e+01
6.379505538940429688e+01
6.262938308715820312e+01
6.402065277099609375e+01
6.373549652099609375e+01
6.306307983398437500e+01
6.410485839843750000e+01
6.288539886474609375e+01
6.256967926025390625e+01
6.400339508056640625e+01
6.273576354980468750e+01
6.242559051513671875e+01
6.351645278930664062e+01
6.444742584228515625e+01
6.406452941894531250e+01
6.409313964843750000e+01
6.497480773925781250e+01
6.465216064453125000e+01
6.505748748779296875e+01
6.463849639892578125e+01
6.438631439208984375e+01
6.456293487548828125e+01
6.400077819824218750e+01
6.468059539794921875e+01
6.428692626953125000e+01
6.533171844482421875e+01
6.599035644531250000e+01
6.492443847656250000e+01
6.454768371582031250e+01
6.418267059326171875e+01
6.446384429931640625e+01
6.438941955566406250e+01
6.528092956542968750e+01
6.461910247802734375e+01
6.534580993652343750e+01
6.564022827148437500e+01
6.574565887451171875e+01
6.462823486328125000e+01
6.533492279052734375e+01
6.589894866943359375e+01
6.648072814941406250e+01
6.705893707275390625e+01
6.699733734130859375e+01
6.684825134277343750e+01
6.665021514892578125e+01
6.624446868896484375e+01
6.728305053710937500e+01
6.633299255371093750e+01
6.690879821777343750e+01
6.754545593261718750e+01
6.691783142089843750e+01
6.611013031005859375e+01
6.607744598388671875e+01
6.645198059082031250e+01
6.550443267822265625e+01
6.446681976318359375e+01
6.604531097412109375e+01
6.489151000976562500e+01
6.472605895996093750e+01
6.568379211425781250e+01
6.521156311035156250e+01
6.615268707275390625e+01
6.572982788085937500e+01
6.571087646484375000e+01
6.607012939453125000e+01
6.589970397949218750e+01
6.618974304199218750e+01
6.546855163574218750e+01
6.560418701171875000e+01
6.575390625000000000e+01
6.606700897216796875e+01
6.564627838134765625e+01
6.428452301025390625e+01
6.627328491210937500e+01
6.486061859130859375e+01
6.444632720947265625e+01
6.493711090087890625e+01
6.560372161865234375e+01
6.652740478515625000e+01
6.641206359863281250e+01
6.572962188720703125e+01
6.584143829345703125e+01
6.627342224121093750e+01
6.532359313964843750e+01
6.482865142822265625e+01
6.704334259033203125e+01
6.626901245117187500e+01
6.614891815185546875e+01
6.592740631103515625e+01
6.682576751708984375e+01
6.615480804443359375e+01
6.667031860351562500e+01
6.685048675537109375e+01
6.649304199218750000e+01
6.605156707763671875e+01
6.621471405029296875e+01
6.590640258789062500e+01
6.626793670654296875e+01
6.665337371826171875e+01
6.611283874511718750e+01
6.666191101074218750e+01
6.618621826171875000e+01
6.553482055664062500e+01
6.623613739013671875e+01
6.623818969726562500e+01
6.579601287841796875e+01
6.707371520996093750e+01
6.648537445068359375e+01
6.660929107666015625e+01
6.676116180419921875e+01
6.760336303710937500e+01
6.762097167968750000e+01
6.782873535156250000e+01
6.820130920410156250e+01
6.745278930664062500e+01
6.737279510498046875e+01
6.808317565917968750e+01
6.748590850830078125e+01
6.736967468261718750e+01
6.816783142089843750e+01
6.708964538574218750e+01
6.749620056152343750e+01
6.727912902832031250e+01
6.857613372802734375e+01
6.900131225585937500e+01
6.893049621582031250e+01
6.845989227294921875e+01
6.849066925048828125e+01
6.870195007324218750e+01
6.846679687500000000e+01
6.813835144042968750e+01
6.857412719726562500e+01
6.920042419433593750e+01
7.021591949462890625e+01
7.103787994384765625e+01
6.974085235595703125e+01
6.974003601074218750e+01
6.986292266845703125e+01
7.108542633056640625e+01
7.047361755371093750e+01
7.092126464843750000e+01
6.913721466064453125e+01
6.991326904296875000e+01
6.975865936279296875e+01
6.906307983398437500e+01
6.958277130126953125e+01
6.973618316650390625e+01
6.906560516357421875e+01
6.933655548095703125e+01
6.952467346191406250e+01
7.016564178466796875e+01
7.059264373779296875e+01
7.004312133789062500e+01
7.072116851806640625e+01
7.113309478759765625e+01
7.139200592041015625e+01
7.048950195312500000e+01
7.101868438720703125e+01
7.161977386474609375e+01
7.211979675292968750e+01
7.170840454101562500e+01
7.146924591064453125e+01
7.118965911865234375e+01
7.054706573486328125e+01
7.074360656738281250e+01
7.065977478027343750e+01
7.029578399658203125e+01
7.020190429687500000e+01
7.104764556884765625e+01
7.124925994873046875e+01
7.076587677001953125e+01
7.163185882568359375e+01
7.065839385986328125e+01
7.110273742675781250e+01
7.207106781005859375e+01
7.082882690429687500e+01
7.061107635498046875e+01
7.021637725830078125e+01
6.906104278564453125e+01
6.933759307861328125e+01
6.936399841308593750e+01
6.936511993408203125e+01
6.932316589355468750e+01
6.944804382324218750e+01
6.924001312255859375e+01
6.956365966796875000e+01
7.023415374755859375e+01
6.956446838378906250e+01
6.955697631835937500e+01
7.001436614990234375e+01
7.097589874267578125e+01
7.086111450195312500e+01
7.149212646484375000e+01
7.099134063720703125e+01
7.044671630859375000e+01
7.119340515136718750e+01
7.021360778808593750e+01
7.012596893310546875e+01
6.966262054443359375e+01
6.992730712890625000e+01
6.971342468261718750e+01
6.918321990966796875e+01
6.940487670898437500e+01
6.903153228759765625e+01
6.870483398437500000e+01
6.859043121337890625e+01
6.901968383789062500e+01
6.942925262451171875e+01
6.966703796386718750e+01
6.912228393554687500e+01
6.910627746582031250e+01
6.948529052734375000e+01
6.912261199951171875e+01
6.837973022460937500e+01
6.780229949951171875e+01
6.836080169677734375e+01
6.884827423095703125e+01
6.683828735351562500e+01
6.778053283691406250e+01
6.672681427001953125e+01
6.661812591552734375e+01
6.731465911865234375e+01
6.637687683105468750e+01
6.672777557373046875e+01
6.699454498291015625e+01
6.727849578857421875e+01
6.770996856689453125e+01
6.750803375244140625e+01
6.714189910888671875e+01
6.780141448974609375e+01
6.766880798339843750e+01
6.779714202880859375e+01
6.787256622314453125e+01
6.817899322509765625e+01
6.646485900878906250e+01
6.766651916503906250e+01
6.661509704589843750e+01
6.594876861572265625e+01
6.711753082275390625e+01
6.866802978515625000e+01
6.776509094238281250e+01
6.742523193359375000e+01
6.783805847167968750e+01
6.762698364257812500e+01
6.729625701904296875e+01
6.648339080810546875e+01
6.694503021240234375e+01
6.791882324218750000e+01
6.786976623535156250e+01
6.785484313964843750e+01
6.763583374023437500e+01
6.689479827880859375e+01
6.594615173339843750e+01
6.631968688964843750e+01
6.673348236083984375e+01
6.680638885498046875e+01
6.622154998779296875e+01
6.640483856201171875e+01
6.591918945312500000e+01
6.646422576904296875e+01
6.574899291992187500e+01
6.644817352294921875e+01
6.498680877685546875e+01
6.492133331298828125e+01
6.525885772705078125e+01
6.545220947265625000e+01
6.581460571289062500e+01
6.515717315673828125e+01
6.519057464599609375e+01
6.575041961669921875e+01
6.550112915039062500e+01
6.579821777343750000e+01
6.523920440673828125e+01
6.509389495849609375e+01
6.485411834716796875e+01
6.434648132324218750e+01
6.577962493896484375e+01
6.453059387207031250e+01
6.509746551513671875e+01
6.521215057373046875e+01
6.460125732421875000e+01
6.475242614746093750e+01
6.471539306640625000e+01
6.342418670654296875e+01
6.437715148925781250e+01
6.443634796142578125e+01
6.389009475708007812e+01
6.500879669189453125e+01
6.437791442871093750e+01
6.418486785888671875e+01
6.466654968261718750e+01
6.521098327636718750e+01
6.448706817626953125e+01
6.279893493652343750e+01
6.265242004394531250e+01
6.213153076171875000e+01
6.306534194946289062e+01
6.361708450317382812e+01
6.301560974121093750e+01
6.199935150146484375e+01
6.345064163208007812e+01
6.228810882568359375e+01
6.242432022094726562e+01
6.214697647094726562e+01
6.235324096679687500e+01
6.221031188964843750e+01
6.156853103637695312e+01
6.175713348388671875e+01
6.216618728637695312e+01
6.139292907714843750e+01
6.206544494628906250e+01
6.229520416259765625e+01
6.057780075073242188e+01
6.029731369018554688e+01
6.145602416992187500e+01
6.048519897460937500e+01
6.062946701049804688e+01
5.986815261840820312e+01
5.983134078979492188e+01
6.008146667480468750e+01
6.064653015136718750e+01
6.061835098266601562e+01
6.118796539306640625e+01
6.083670043945312500e+01
6.154267120361328125e+01
6.069631958007812500e+01
6.155169677734375000e+01
6.061237335205078125e+01
6.092741394042968750e+01
5.994009017944335938e+01
6.064736175537109375e+01
6.080156326293945312e+01
6.101831436157226562e+01
6.124004745483398438e+01
6.095021057128906250e+01
6.118122100830078125e+01
6.156516265869140625e+01
6.119622802734375000e+01
6.118412399291992188e+01
6.158523559570312500e+01
6.148291778564453125e+01
6.242018508911132812e+01
6.071873474121093750e+01
6.109369659423828125e+01
6.095905685424804688e+01
6.072206878662109375e+01
6.194406890869140625e+01
6.193138885498046875e+01
6.201536560058593750e+01
6.254427337646484375e+01
6.163042831420898438e+01
6.123201751708984375e+01
6.203428268432617188e+01
6.138647842407226562e+01
6.162695693969726562e+01
6.153712844848632812e+01
6.188699722290039062e+01
6.181073379516601562e+01
6.166292572021484375e+01
6.195911026000976562e+01
6.099327468872070312e+01
6.170405960083007812e+01
6.186198043823242188e+01
6.147144699096679688e+01
6.112272644042968750e+01
6.190585327148437500e+01
6.145463943481445312e+01
6.096209335327148438e+01
6.152247619628906250e+01
6.122261047363281250e+01
6.040122985839843750e+01
6.077442169189453125e+01
6.080280303955078125e+01
6.123965454101562500e+01
6.147450256347656250e+01
6.177647781372070312e+01
6.043508911132812500e+01
5.960660171508789062e+01
6.140602111816406250e+01
6.081082153320312500e+01
6.106619262695312500e+01
6.127838897705078125e+01
6.079856872558593750e+01
6.174822616577148438e+01
6.152392959594726562e+01
6.212323379516601562e+01
6.151756286621093750e+01
6.151562118530273438e+01
6.126021194458007812e+01
6.185750961303710938e+01
6.090817260742187500e+01
6.090064620971679688e+01
6.123978805541992188e+01
6.065319061279296875e+01
6.073473739624023438e+01
6.035942840576171875e+01
6.092006301879882812e+01
6.019609069824218750e+01
6.032411575317382812e+01
5.996346282958984375e+01
5.964225387573242188e+01
5.988147354125976562e+01
5.926540756225585938e+01
5.909530639648437500e+01
5.959438323974609375e+01
6.071662521362304688e+01
5.931422805786132812e+01
5.975761413574218750e+01
5.990019226074218750e+01
5.970140075683593750e+01
5.906704711914062500e+01
6.043452453613281250e+01
6.009590530395507812e+01
5.982936477661132812e+01
6.074958419799804688e+01
6.010676574707031250e+01
6.081472778320312500e+01
6.095319366455078125e+01
6.045802688598632812e+01
6.068639755249023438e+01
6.034032058715820312e+01
6.105323410034179688e+01
6.146649932861328125e+01
6.078864669799804688e+01
6.116690444946289062e+01
6.195446777343750000e+01
6.142440032958984375e+01
6.170306777954101562e+01
6.115179824829101562e+01
6.072740554809570312e+01
6.108916473388671875e+01
6.128683471679687500e+01
6.136831283569335938e+01
6.132346343994140625e+01
6.105007934570312500e+01
6.162289810180664062e+01
6.199652481079101562e+01
6.173252487182617188e+01
6.131134796142578125e+01
6.142377471923828125e+01
6.173234558105468750e+01
6.157926559448242188e+01
6.146358489990234375e+01
6.165616607666015625e+01
6.155862426757812500e+01
6.149744415283203125e+01
6.143931198120117188e+01
6.210796737670898438e+01
6.069537353515625000e+01
6.028298568725585938e+01
6.088932800292968750e+01
6.009279632568359375e+01
6.014704513549804688e+01
5.988048171997070312e+01
5.911643218994140625e+01
6.004824829101562500e+01
6.001918411254882812e+01
6.039142227172851562e+01
6.056363296508789062e+01
6.032840728759765625e+01
6.092985153198242188e+01
6.014633560180664062e+01
6.091078567504882812e+01
6.056466293334960938e+01
6.033343124389648438e+01
6.042148590087890625e+01
6.098742294311523438e+01
6.054302978515625000e+01
6.129986572265625000e+01
6.116417694091796875e+01
6.050603866577148438e+01
6.050213241577148438e+01
6.119174194335937500e+01
6.064801788330078125e+01
6.112468719482421875e+01
6.155870437622070312e+01
6.111668777465820312e+01
6.099736022949218750e+01
6.038525772094726562e+01
6.054669952392578125e+01
6.124649047851562500e+01
6.132009506225585938e+01
6.044721221923828125e+01
6.029008483886718750e+01
6.031293106079101562e+01
5.963185119628906250e+01
5.974698257446289062e+01
5.935792541503906250e+01
5.977934265136718750e+01
5.951796722412109375e+01
5.819058990478515625e+01
5.925750732421875000e+01
5.863492965698242188e+01
5.854075622558593750e+01
5.879001617431640625e+01
5.881118392944335938e+01
5.910969161987304688e+01
5.904479980468750000e+01
5.857879638671875000e+01
5.951559448242187500e+01
5.883584213256835938e+01
5.910219573974609375e+01
5.815853118896484375e+01
5.814440536499023438e+01
5.869309997558593750e+01
5.909767913818359375e+01
5.849636077880859375e+01
5.809503555297851562e+01
5.829204177856445312e+01
5.771504974365234375e+01
5.722056961059570312e+01
5.768074798583984375e+01
5.826401138305664062e+01
5.885126495361328125e+01
5.885083389282226562e+01
5.907436752319335938e+01
5.924689865112304688e+01
5.969016265869140625e+01
5.972757339477539062e+01
5.881024932861328125e+01
5.971375656127929688e+01
6.011859512329101562e+01
6.049966430664062500e+01
5.981707000732421875e+01
5.956660461425781250e+01
5.966077041625976562e+01
6.012899780273437500e+01
6.010157775878906250e+01
6.042877197265625000e+01
6.005837249755859375e+01
5.978557968139648438e+01
6.017106628417968750e+01
6.006292343139648438e+01
5.991621017456054688e+01
6.007338333129882812e+01
6.023666381835937500e+01
6.069683456420898438e+01
6.005067062377929688e+01
6.070231246948242188e+01
6.103720855712890625e+01
6.033380508422851562e+01
6.008679580688476562e+01
5.986077499389648438e+01
5.998923873901367188e+01
6.016384506225585938e+01
6.019952774047851562e+01
6.084687042236328125e+01
6.093077468872070312e+01
6.094048309326171875e+01
6.114057922363281250e+01
6.125421905517578125e+01
6.220500183105468750e+01
6.069777297973632812e+01
6.096566390991210938e+01
6.099100112915039062e+01
6.147842025756835938e+01
6.153978347778320312e+01
6.049749755859375000e+01
6.067871856689453125e+01
6.175944519042968750e+01
6.100841140747070312e+01
6.078768157958984375e+01
6.131471633911132812e+01
6.165395355224609375e+01
6.066945266723632812e+01
6.080516433715820312e+01
6.096603775024414062e+01
6.186989974975585938e+01
6.150489425659179688e+01
6.096582794189453125e+01
6.114859771728515625e+01
6.204243087768554688e+01
6.140406799316406250e+01
6.145346832275390625e+01
6.114870834350585938e+01
6.251243972778320312e+01
6.134715270996093750e+01
6.128567123413085938e+01
6.130538940429687500e+01
6.131763458251953125e+01
6.110149002075195312e+01
6.111166763305664062e+01
6.244877243041992188e+01
6.145817947387695312e+01
6.183592987060546875e+01
6.175181198120117188e+01
6.164582443237304688e+01
6.272498321533203125e+01
6.269961547851562500e+01
6.151507568359375000e+01
6.308264160156250000e+01
6.216678237915039062e+01
6.164940643310546875e+01
6.235997390747070312e+01
6.172737503051757812e+01
6.251296615600585938e+01
6.186484909057617188e+01
6.287794494628906250e+01
6.265849685668945312e+01
6.353051376342773438e+01
6.268950653076171875e+01
6.282522201538085938e+01
6.310142898559570312e+01
6.348389434814453125e+01
6.317473983764648438e+01
6.391827011108398438e+01
6.357048416137695312e+01
6.299024581909179688e+01
6.236558532714843750e+01
6.371970748901367188e+01
6.255668258666992188e+01
6.242206192016601562e+01
6.332748413085937500e+01
6.300411605834960938e+01
6.265552902221679688e+01
6.272129821777343750e+01
6.258889007568359375e+01
6.327652359008789062e+01
6.275082015991210938e+01
6.277165603637695312e+01
6.247797775268554688e+01
6.281559753417968750e+01
6.299370956420898438e+01
6.327773666381835938e+01
6.430007934570312500e+01
6.412162780761718750e+01
6.416110992431640625e+01
6.432899475097656250e+01
6.458930969238281250e+01
6.458211517333984375e+01
6.481820678710937500e+01
6.616826629638671875e+01
6.528894042968750000e+01
6.544597625732421875e+01
6.513986206054687500e+01
6.569559478759765625e+01
6.505417633056640625e+01
6.494265747070312500e+01
6.562870025634765625e+01
6.584040832519531250e+01
6.595600891113281250e+01
6.549243164062500000e+01
6.697909545898437500e+01
6.588238525390625000e+01
6.565106201171875000e+01
6.594261169433593750e+01
6.590331268310546875e+01
6.716303253173828125e+01
6.715290832519531250e+01
6.672465515136718750e+01
6.677434539794921875e+01
6.712994384765625000e+01
6.833268737792968750e+01
6.743486022949218750e+01
6.602603149414062500e+01
6.695337677001953125e+01
6.744509124755859375e+01
6.802560424804687500e+01
6.835839080810546875e+01
6.775515747070312500e+01
6.774182891845703125e+01
6.728984069824218750e+01
6.607369232177734375e+01
6.697789001464843750e+01
6.780104827880859375e+01
6.762992858886718750e+01
6.788050079345703125e+01
6.683842468261718750e+01
6.736329650878906250e+01
6.743699645996093750e+01
6.817575073242187500e+01
6.722618865966796875e+01
6.814312744140625000e+01
6.833446502685546875e+01
6.824659729003906250e+01
6.756998443603515625e+01
6.797059631347656250e+01
6.851386260986328125e+01
6.854313659667968750e+01
6.832217407226562500e+01
6.803878021240234375e+01
6.927310943603515625e+01
6.997579956054687500e+01
6.845600128173828125e+01
6.798553466796875000e+01
6.770734405517578125e+01
6.828509521484375000e+01
6.863879394531250000e+01
6.852503967285156250e+01
6.899462127685546875e+01
6.827310180664062500e+01
6.844715118408203125e+01
6.836914062500000000e+01
6.882822418212890625e+01
6.889489746093750000e+01
6.935150146484375000e+01
6.906984710693359375e+01
6.842506408691406250e+01
6.924604034423828125e+01
6.997592926025390625e+01
7.039439392089843750e+01
7.009211730957031250e+01
7.048102569580078125e+01
7.035744476318359375e+01
7.214328002929687500e+01
7.117137908935546875e+01
7.128787994384765625e+01
7.336744689941406250e+01
7.227280426025390625e+01
7.245565795898437500e+01
7.354312133789062500e+01
7.291252136230468750e+01
7.313436126708984375e+01
7.339848327636718750e+01
7.366418457031250000e+01
7.383851623535156250e+01
7.382350921630859375e+01
7.420996856689453125e+01
7.452370452880859375e+01
7.404570770263671875e+01
7.393827056884765625e+01
7.413889312744140625e+01
7.473757934570312500e+01
7.449229431152343750e+01
7.490443420410156250e+01
7.562779998779296875e+01
7.584392547607421875e+01
7.585306549072265625e+01
7.618157196044921875e+01
7.580944061279296875e+01
7.638376617431640625e+01
7.629097747802734375e+01
7.720629882812500000e+01
7.638594055175781250e+01
7.676387786865234375e+01
7.593785095214843750e+01
7.640742492675781250e+01
7.715422058105468750e+01
7.716142272949218750e+01
7.644684600830078125e+01
7.774762725830078125e+01
7.780358123779296875e+01
7.814040374755859375e+01
7.816501617431640625e+01
7.789048767089843750e+01
7.734999847412109375e+01
7.770098114013671875e+01
7.870173645019531250e+01
7.796752166748046875e+01
7.880388641357421875e+01
7.924762725830078125e+01
7.897617340087890625e+01
7.840758514404296875e+01
7.876187133789062500e+01
7.841350555419921875e+01
7.844065856933593750e+01
7.876287841796875000e+01
7.818450164794921875e+01
7.906063842773437500e+01
7.853965759277343750e+01
7.943097686767578125e+01
7.912365722656250000e+01
7.853454589843750000e+01
7.847638702392578125e+01
7.946302032470703125e+01
7.983457946777343750e+01
7.982539367675781250e+01
7.987796020507812500e+01
7.997209167480468750e+01
8.064263916015625000e+01
8.010250091552734375e+01
8.029360961914062500e+01
8.063369750976562500e+01
7.993204498291015625e+01
8.029749298095703125e+01
8.034668731689453125e+01
8.021164703369140625e+01
8.016345214843750000e+01
8.051342010498046875e+01
8.061670684814453125e+01
8.049636840820312500e+01
7.982837677001953125e+01
8.052967071533203125e+01
8.107924652099609375e+01
7.954364013671875000e+01
7.998561859130859375e+01
7.994820404052734375e+01
8.018952941894531250e+01
7.947505950927734375e+01
8.048040771484375000e+01
8.004550170898437500e+01
7.986692047119140625e+01
8.015583038330078125e+01
7.980075836181640625e+01
8.057830047607421875e+01
8.128269958496093750e+01
8.114515686035156250e+01
8.140067291259765625e+01
8.029551696777343750e+01
8.128621673583984375e+01
8.018006896972656250e+01
8.144387817382812500e+01
8.083090972900390625e+01
8.089904785156250000e+01
8.245062255859375000e+01
8.226673126220703125e+01
8.131587219238281250e+01
8.078072357177734375e+01
8.154949188232421875e+01
8.093244934082031250e+01
8.066441345214843750e+01
8.164076232910156250e+01
7.939715576171875000e+01
7.908515167236328125e+01
7.961207580566406250e+01
8.084421539306640625e+01
8.226057434082031250e+01
8.114573669433593750e+01
8.053740692138671875e+01
8.141387939453125000e+01
8.170592498779296875e+01
8.057434082031250000e+01
8.220210266113281250e+01
8.166934967041015625e+01
8.117938232421875000e+01
8.187129974365234375e+01
8.086560821533203125e+01
8.147936248779296875e+01
8.104881286621093750e+01
7.966184234619140625e+01
7.990331268310546875e+01
8.108331298828125000e+01
8.046549987792968750e+01
8.031162261962890625e+01
8.027536010742187500e+01
8.014835357666015625e+01
7.942292022705078125e+01
7.916446685791015625e+01
7.901817321777343750e+01
7.980966949462890625e+01
8.007289123535156250e+01
7.967446136474609375e+01
8.128059387207031250e+01
8.042987060546875000e+01
8.048425292968750000e+01
8.097317504882812500e+01
8.156619262695312500e+01
8.128379821777343750e+01
8.247115325927734375e+01
8.280665588378906250e+01
8.136544036865234375e+01
8.259741973876953125e+01
8.293339538574218750e+01
8.174880218505859375e+01
8.144387817382812500e+01
8.107727813720703125e+01
8.045142364501953125e+01
8.133881378173828125e+01
8.175537872314453125e+01
8.218300628662109375e+01
8.101270294189453125e+01
8.149581146240234375e+01
8.275671386718750000e+01
8.327281188964843750e+01
8.372298431396484375e+01
8.479595184326171875e+01
8.350226593017578125e+01
8.388544464111328125e+01
8.484375762939453125e+01
8.607031250000000000e+01
8.526930999755859375e+01
8.598984527587890625e+01
8.748428344726562500e+01
8.697953033447265625e+01
8.677468109130859375e+01
8.702646636962890625e+01
8.699948883056640625e+01
8.750804901123046875e+01
8.693048858642578125e+01
8.651940155029296875e+01
8.812236785888671875e+01
8.827114105224609375e+01
8.790150451660156250e+01
8.756476593017578125e+01
8.857424163818359375e+01
8.943041992187500000e+01
8.864231109619140625e+01
8.973925781250000000e+01
8.958995056152343750e+01
9.122602844238281250e+01
9.151821136474609375e+01
9.029399108886718750e+01
8.952155303955078125e+01
9.074207305908203125e+01
8.970993804931640625e+01
8.999493408203125000e+01
9.071560668945312500e+01
9.075061798095703125e+01
9.112549591064453125e+01
9.061206054687500000e+01
9.039385986328125000e+01
9.161199951171875000e+01
9.183963012695312500e+01
9.270792388916015625e+01
9.308058166503906250e+01
9.249433898925781250e+01
9.347638702392578125e+01
9.332450103759765625e+01
9.257597351074218750e+01
9.342879486083984375e+01
9.339849090576171875e+01
9.342548370361328125e+01
9.381539154052734375e+01
9.338771057128906250e+01
9.386350250244140625e+01
9.417357635498046875e+01
9.314564514160156250e+01
9.427623748779296875e+01
9.378157043457031250e+01
9.460295104980468750e+01
9.344521331787109375e+01
9.476674652099609375e+01
9.391410827636718750e+01
9.343184661865234375e+01
9.382630920410156250e+01
9.430319976806640625e+01
9.524954986572265625e+01
9.422924804687500000e+01
9.354434204101562500e+01
9.444837188720703125e+01
9.355185699462890625e+01
9.444116973876953125e+01
9.480123138427734375e+01
9.463357543945312500e+01
9.344809722900390625e+01
9.401564025878906250e+01
9.297486877441406250e+01
