3.185295462608337402e-01
5.706835389137268066e-01
9.168571829795837402e-01
1.201403617858886719e+00
1.536017060279846191e+00
1.787294006347656250e+01
2.097947597503662109e+00
1.604207754135131836e+00
1.455549478530883789e+00
1.393175482749938965e+00
1.945944309234619141e+00
1.701827645301818848e+00
1.723246574401855469e+00
2.473753213882446289e+00
2.159186363220214844e+00
2.056259393692016602e+00
2.036283254623413086e+00
2.243676900863647461e+00
2.564282894134521484e+00
2.830562353134155273e+00
2.700201034545898438e+00
3.917259693145751953e+00
3.476192951202392578e+00
2.874768018722534180e+00
3.024181127548217773e+00
3.133646249771118164e+00
2.965451955795288086e+00
3.387039661407470703e+00
4.145049571990966797e+00
3.583136558532714844e+00
3.498374462127685547e+00
4.200615406036376953e+00
4.159021377563476562e+00
4.388303756713867188e+00
4.407392501831054688e+00
4.808881759643554688e+00
4.855301856994628906e+00
5.081366539001464844e+00
4.801435470581054688e+00
4.793561935424804688e+00
5.248877048492431641e+00
6.294624805450439453e+00
5.960112571716308594e+00
5.863844871520996094e+00
6.025279521942138672e+00
5.825071811676025391e+00
8.165033340454101562e+00
6.569389820098876953e+00
7.338242530822753906e+00
6.807425498962402344e+00
6.888247489929199219e+00
7.640109539031982422e+00
7.882759571075439453e+00
7.333435058593750000e+00
7.593867301940917969e+00
7.488901138305664062e+00
8.241044044494628906e+00
7.696456432342529297e+00
7.602134227752685547e+00
7.770213603973388672e+00
7.553708553314208984e+00
7.966214656829833984e+00
7.649049758911132812e+00
8.051793098449707031e+00
7.766567707061767578e+00
8.499269485473632812e+00
8.527953147888183594e+00
9.102894783020019531e+00
9.563491821289062500e+00
9.797868728637695312e+00
9.667087554931640625e+00
9.410154342651367188e+00
1.029624176025390625e+01
9.751218795776367188e+00
9.573011398315429688e+00
9.656504631042480469e+00
9.816253662109375000e+00
9.626808166503906250e+00
1.036655330657958984e+01
1.040363979339599609e+01
9.772386550903320312e+00
1.025702953338623047e+01
1.059535312652587891e+01
1.090286636352539062e+01
1.165590763092041016e+01
1.122578144073486328e+01
1.142216205596923828e+01
1.148109054565429688e+01
1.164326095581054688e+01
1.156604290008544922e+01
1.179704856872558594e+01
1.204947662353515625e+01
1.178875827789306641e+01
1.177668190002441406e+01
1.150070190429687500e+01
1.156702899932861328e+01
1.181474590301513672e+01
1.160517024993896484e+01
1.183288002014160156e+01
1.327376937866210938e+01
1.259782600402832031e+01
1.277619171142578125e+01
1.288241386413574219e+01
1.281940460205078125e+01
1.265484714508056641e+01
1.368558502197265625e+01
1.318430137634277344e+01
1.335444450378417969e+01
1.397358608245849609e+01
1.343491554260253906e+01
1.360508918762207031e+01
1.329693794250488281e+01
1.411388015747070312e+01
1.390025806427001953e+01
1.358521461486816406e+01
1.422090721130371094e+01
1.384962558746337891e+01
1.414431858062744141e+01
1.410981655120849609e+01
1.474236679077148438e+01
1.431095695495605469e+01
1.406591796875000000e+01
1.430320739746093750e+01
1.407972145080566406e+01
1.436493110656738281e+01
1.427496433258056641e+01
1.464001941680908203e+01
1.458881568908691406e+01
1.480520343780517578e+01
1.478154850006103516e+01
1.493171405792236328e+01
1.551888465881347656e+01
1.533174419403076172e+01
1.527460765838623047e+01
1.524739265441894531e+01
1.521064662933349609e+01
1.518894863128662109e+01
1.551964282989501953e+01
1.525657844543457031e+01
1.524646759033203125e+01
1.523068523406982422e+01
1.526801204681396484e+01
1.542887306213378906e+01
1.553770542144775391e+01
1.549762916564941406e+01
1.566433620452880859e+01
1.627633094787597656e+01
1.595866489410400391e+01
1.650597381591796875e+01
1.659187507629394531e+01
1.647317123413085938e+01
1.690507507324218750e+01
1.817400932312011719e+01
1.810367202758789062e+01
1.844157028198242188e+01
1.990789222717285156e+01
1.954084777832031250e+01
1.996962738037109375e+01
2.219261741638183594e+01
2.452121925354003906e+01
2.558934402465820312e+01
2.689078903198242188e+01
2.691086769104003906e+01
2.624590110778808594e+01
2.975765991210937500e+01
3.106986045837402344e+01
3.094796943664550781e+01
3.262417984008789062e+01
3.397953033447265625e+01
3.304481124877929688e+01
3.501216506958007812e+01
3.945159530639648438e+01
4.147488403320312500e+01
4.323052597045898438e+01
4.650270462036132812e+01
4.845650482177734375e+01
5.252278518676757812e+01
5.292453002929687500e+01
5.680474090576171875e+01
5.893004226684570312e+01
6.138396835327148438e+01
6.403071594238281250e+01
6.473783111572265625e+01
6.288839721679687500e+01
6.729196929931640625e+01
6.954910278320312500e+01
7.145124816894531250e+01
7.409109497070312500e+01
7.529654693603515625e+01
7.776853179931640625e+01
8.039044189453125000e+01
8.069973754882812500e+01
8.099530029296875000e+01
8.415274810791015625e+01
8.704514312744140625e+01
9.101094818115234375e+01
9.242603302001953125e+01
9.473760986328125000e+01
9.771831512451171875e+01
9.735214233398437500e+01
9.726061248779296875e+01
9.979869079589843750e+01
1.004040985107421875e+02
1.033317031860351562e+02
1.031636734008789062e+02
1.017945785522460938e+02
1.015095977783203125e+02
1.006705398559570312e+02
1.009681549072265625e+02
9.818548583984375000e+01
9.723798370361328125e+01
9.485321807861328125e+01
9.507682800292968750e+01
9.613819122314453125e+01
9.313609313964843750e+01
9.251209259033203125e+01
9.072713470458984375e+01
9.077540588378906250e+01
8.978809356689453125e+01
8.780690002441406250e+01
8.574226379394531250e+01
8.460968780517578125e+01
8.366531372070312500e+01
8.173001098632812500e+01
8.137842559814453125e+01
7.896899414062500000e+01
7.760123443603515625e+01
7.487703704833984375e+01
7.486603546142578125e+01
7.291355895996093750e+01
7.151812744140625000e+01
7.128501892089843750e+01
6.948184204101562500e+01
6.785544586181640625e+01
6.768585205078125000e+01
6.556011962890625000e+01
6.401632690429687500e+01
6.249554061889648438e+01
6.118934249877929688e+01
6.054898834228515625e+01
5.838749313354492188e+01
5.565036010742187500e+01
5.655523300170898438e+01
5.504039001464843750e+01
5.506621932983398438e+01
5.275047683715820312e+01
5.235979843139648438e+01
5.193104553222656250e+01
4.884771347045898438e+01
4.906585311889648438e+01
4.672164916992187500e+01
4.706438446044921875e+01
4.661730575561523438e+01
4.685445404052734375e+01
4.588231658935546875e+01
4.403378677368164062e+01
4.369859313964843750e+01
4.318560791015625000e+01
4.213291549682617188e+01
4.202266311645507812e+01
4.059509658813476562e+01
4.039383697509765625e+01
3.990999984741210938e+01
3.954787826538085938e+01
3.734525680541992188e+01
3.761004638671875000e+01
3.619981765747070312e+01
3.665555572509765625e+01
3.732583618164062500e+01
3.657093811035156250e+01
3.562884521484375000e+01
3.583633041381835938e+01
3.581601333618164062e+01
3.590229034423828125e+01
3.522561645507812500e+01
3.554214096069335938e+01
3.463742828369140625e+01
3.383372879028320312e+01
3.296716308593750000e+01
3.308550643920898438e+01
3.194385910034179688e+01
3.169485092163085938e+01
3.235530853271484375e+01
3.134132003784179688e+01
3.085729217529296875e+01
3.164891242980957031e+01
3.139588356018066406e+01
3.074345779418945312e+01
3.035406303405761719e+01
3.036983489990234375e+01
2.990268707275390625e+01
3.025303840637207031e+01
2.938513374328613281e+01
2.969898223876953125e+01
2.949710655212402344e+01
2.887442970275878906e+01
2.889091491699218750e+01
2.997212409973144531e+01
2.903897476196289062e+01
2.922610092163085938e+01
2.837177848815917969e+01
2.812978553771972656e+01
2.880149269104003906e+01
2.801814460754394531e+01
2.815501213073730469e+01
2.744489097595214844e+01
2.780505561828613281e+01
2.780177307128906250e+01
2.802083206176757812e+01
2.734445762634277344e+01
2.759026145935058594e+01
2.788550567626953125e+01
2.820148468017578125e+01
2.821727943420410156e+01
2.753569602966308594e+01
2.730729675292968750e+01
2.818377685546875000e+01
2.765084838867187500e+01
2.795760345458984375e+01
2.762205123901367188e+01
2.754926490783691406e+01
2.754122543334960938e+01
2.857281875610351562e+01
2.849781608581542969e+01
2.743013954162597656e+01
2.832061386108398438e+01
2.936037063598632812e+01
2.933049201965332031e+01
2.887962532043457031e+01
2.904544067382812500e+01
2.782589149475097656e+01
2.800781250000000000e+01
2.776384925842285156e+01
2.847869110107421875e+01
2.767221450805664062e+01
2.727004623413085938e+01
2.791526222229003906e+01
2.791714859008789062e+01
2.823134422302246094e+01
2.845780563354492188e+01
2.782392883300781250e+01
2.808552932739257812e+01
2.753923034667968750e+01
2.724107360839843750e+01
2.764305496215820312e+01
2.790505409240722656e+01
2.735438156127929688e+01
2.787267112731933594e+01
2.776449203491210938e+01
2.903412818908691406e+01
2.866835784912109375e+01
2.871338653564453125e+01
2.953104782104492188e+01
2.976234054565429688e+01
2.990405082702636719e+01
2.953859901428222656e+01
2.983957862854003906e+01
2.990874099731445312e+01
2.975102424621582031e+01
3.102051544189453125e+01
2.980464363098144531e+01
3.047517585754394531e+01
2.994991683959960938e+01
3.048778915405273438e+01
3.080432319641113281e+01
3.169477653503417969e+01
3.043951225280761719e+01
3.126771545410156250e+01
3.093112373352050781e+01
3.038633346557617188e+01
3.138613510131835938e+01
3.013550376892089844e+01
3.017914009094238281e+01
3.018867874145507812e+01
3.053532791137695312e+01
2.948868560791015625e+01
2.974042320251464844e+01
2.919161415100097656e+01
2.964702987670898438e+01
2.900647735595703125e+01
3.033003425598144531e+01
2.987463760375976562e+01
3.038317298889160156e+01
2.979576492309570312e+01
2.990647888183593750e+01
2.952446937561035156e+01
2.959529113769531250e+01
2.957137680053710938e+01
2.920728874206542969e+01
2.976821136474609375e+01
3.037357330322265625e+01
2.941427803039550781e+01
2.942628288269042969e+01
2.946934700012207031e+01
2.929170608520507812e+01
2.950691795349121094e+01
2.964146041870117188e+01
2.991990470886230469e+01
2.997845268249511719e+01
2.939590263366699219e+01
2.958388710021972656e+01
3.004753875732421875e+01
2.953885078430175781e+01
2.976702499389648438e+01
2.951422691345214844e+01
2.950957107543945312e+01
2.923014831542968750e+01
2.965373420715332031e+01
2.971282768249511719e+01
3.049639320373535156e+01
2.994802284240722656e+01
3.035833549499511719e+01
3.086283683776855469e+01
3.009585952758789062e+01
3.051654243469238281e+01
3.057374954223632812e+01
3.057127380371093750e+01
3.078281974792480469e+01
3.077495765686035156e+01
3.200483322143554688e+01
3.235134887695312500e+01
3.157538414001464844e+01
3.188576889038085938e+01
3.188758087158203125e+01
3.230208969116210938e+01
3.243259429931640625e+01
3.263257598876953125e+01
3.216530990600585938e+01
3.230210113525390625e+01
3.244922637939453125e+01
3.239557647705078125e+01
3.225288391113281250e+01
3.334258651733398438e+01
3.357658767700195312e+01
3.310747909545898438e+01
3.352605438232421875e+01
3.392868041992187500e+01
3.351953887939453125e+01
3.390707397460937500e+01
3.407391357421875000e+01
3.424983596801757812e+01
3.418640899658203125e+01
3.409055328369140625e+01
3.412089538574218750e+01
3.384843063354492188e+01
3.404144668579101562e+01
3.418743515014648438e+01
3.457363128662109375e+01
3.400962448120117188e+01
3.472516632080078125e+01
3.532119369506835938e+01
3.504482650756835938e+01
3.519609451293945312e+01
3.516554641723632812e+01
3.506677627563476562e+01
3.479031372070312500e+01
3.572551727294921875e+01
3.520953750610351562e+01
3.554861068725585938e+01
3.459524154663085938e+01
3.493281936645507812e+01
3.538965988159179688e+01
3.480741882324218750e+01
3.532907867431640625e+01
3.537794494628906250e+01
3.564971923828125000e+01
3.479993057250976562e+01
3.471583938598632812e+01
3.413421249389648438e+01
3.444981002807617188e+01
3.504014205932617188e+01
3.460789489746093750e+01
3.377800750732421875e+01
3.399195098876953125e+01
3.485092163085937500e+01
3.400221252441406250e+01
3.421350097656250000e+01
3.449078369140625000e+01
3.451926803588867188e+01
3.420233154296875000e+01
3.374420166015625000e+01
3.410195541381835938e+01
3.394525909423828125e+01
3.406331253051757812e+01
3.343189239501953125e+01
3.381792068481445312e+01
3.446707916259765625e+01
3.423466110229492188e+01
3.440007781982421875e+01
3.441632461547851562e+01
3.361796188354492188e+01
3.401985549926757812e+01
3.362664413452148438e+01
3.424575805664062500e+01
3.416419601440429688e+01
3.355451202392578125e+01
3.414649963378906250e+01
3.370552825927734375e+01
3.395671844482421875e+01
3.428919601440429688e+01
3.517834854125976562e+01
3.404549789428710938e+01
3.465495681762695312e+01
3.516102600097656250e+01
3.491934967041015625e+01
3.519485855102539062e+01
3.520750808715820312e+01
3.526511001586914062e+01
3.492229080200195312e+01
3.583945083618164062e+01
3.523381423950195312e+01
3.582024765014648438e+01
3.689155578613281250e+01
3.642011260986328125e+01
3.601107406616210938e+01
3.598394012451171875e+01
3.600006866455078125e+01
3.637547302246093750e+01
3.635451507568359375e+01
3.711639785766601562e+01
3.696856307983398438e+01
3.687439727783203125e+01
3.669305419921875000e+01
3.708735275268554688e+01
3.709008026123046875e+01
3.685275650024414062e+01
3.725468826293945312e+01
3.700775146484375000e+01
3.741977691650390625e+01
3.696757888793945312e+01
3.708285903930664062e+01
3.676055908203125000e+01
3.746011352539062500e+01
3.728378295898437500e+01
3.761192321777343750e+01
3.786088180541992188e+01
3.747030639648437500e+01
3.825576400756835938e+01
3.757488250732421875e+01
3.765214920043945312e+01
3.824560165405273438e+01
3.816440200805664062e+01
3.766342544555664062e+01
3.771420288085937500e+01
3.851499176025390625e+01
3.848038101196289062e+01
3.853071212768554688e+01
3.809508514404296875e+01
3.937991333007812500e+01
3.904358673095703125e+01
3.919499206542968750e+01
3.905647659301757812e+01
4.018013381958007812e+01
3.882981491088867188e+01
3.915653991699218750e+01
3.938690567016601562e+01
3.969534301757812500e+01
3.926508331298828125e+01
4.001308059692382812e+01
4.047167205810546875e+01
3.999299240112304688e+01
4.056690216064453125e+01
4.083768081665039062e+01
4.070706939697265625e+01
4.010203933715820312e+01
4.030323410034179688e+01
4.206645965576171875e+01
4.125148391723632812e+01
4.188708496093750000e+01
4.170868682861328125e+01
4.162174987792968750e+01
4.248939895629882812e+01
4.121406173706054688e+01
4.191592788696289062e+01
4.019881820678710938e+01
4.097988891601562500e+01
4.107908248901367188e+01
4.095359420776367188e+01
4.146356201171875000e+01
4.166638565063476562e+01
4.140407180786132812e+01
4.107659912109375000e+01
4.169658660888671875e+01
4.172396850585937500e+01
4.123004531860351562e+01
4.213785171508789062e+01
4.208434295654296875e+01
4.134027099609375000e+01
4.329604721069335938e+01
4.246497726440429688e+01
4.224707031250000000e+01
4.222066879272460938e+01
4.194160461425781250e+01
4.156678390502929688e+01
4.141466522216796875e+01
4.249828338623046875e+01
4.125609970092773438e+01
4.149964141845703125e+01
4.234977340698242188e+01
4.217990493774414062e+01
4.150368881225585938e+01
4.150168991088867188e+01
4.168805313110351562e+01
4.210656356811523438e+01
4.178092575073242188e+01
4.197637557983398438e+01
4.196364593505859375e+01
4.226903915405273438e+01
4.262881469726562500e+01
4.175590896606445312e+01
4.181709671020507812e+01
4.171601486206054688e+01
4.250987625122070312e+01
4.166241455078125000e+01
4.193685150146484375e+01
4.189529800415039062e+01
4.187604522705078125e+01
4.276237487792968750e+01
4.222506332397460938e+01
4.144445037841796875e+01
4.160069656372070312e+01
4.101276779174804688e+01
4.184384536743164062e+01
4.130453109741210938e+01
4.209624099731445312e+01
4.112393951416015625e+01
4.171802520751953125e+01
4.070421981811523438e+01
4.067800140380859375e+01
4.045459365844726562e+01
4.015614700317382812e+01
3.992067718505859375e+01
3.891174316406250000e+01
3.945390701293945312e+01
3.918514251708984375e+01
3.890783309936523438e+01
3.863654327392578125e+01
3.893358612060546875e+01
3.802391815185546875e+01
3.790832519531250000e+01
3.816733551025390625e+01
3.868201446533203125e+01
3.870319366455078125e+01
3.892620468139648438e+01
3.842821884155273438e+01
3.896606063842773438e+01
3.852128219604492188e+01
3.803990936279296875e+01
3.839617919921875000e+01
3.789939117431640625e+01
3.758033752441406250e+01
3.798717117309570312e+01
3.777855300903320312e+01
3.710595703125000000e+01
3.718436050415039062e+01
3.689739990234375000e+01
3.702194976806640625e+01
3.729311752319335938e+01
3.670465087890625000e+01
3.725878524780273438e+01
3.637234497070312500e+01
3.676799392700195312e+01
3.642619323730468750e+01
3.581003570556640625e+01
3.615882110595703125e+01
3.642670440673828125e+01
3.654631805419921875e+01
3.592156982421875000e+01
3.630280303955078125e+01
3.658988189697265625e+01
3.699378585815429688e+01
3.689635848999023438e+01
3.653625488281250000e+01
3.662673187255859375e+01
3.666756439208984375e+01
3.671313095092773438e+01
3.660778808593750000e+01
3.615692901611328125e+01
3.595322799682617188e+01
3.642296218872070312e+01
3.728437423706054688e+01
3.680845260620117188e+01
3.644708633422851562e+01
3.599885940551757812e+01
3.680477523803710938e+01
3.676981353759765625e+01
3.746263885498046875e+01
3.661963272094726562e+01
3.716379165649414062e+01
3.643485260009765625e+01
3.719818878173828125e+01
3.733932113647460938e+01
3.786184310913085938e+01
3.822100830078125000e+01
3.790065383911132812e+01
3.784775924682617188e+01
3.842927169799804688e+01
3.828094863891601562e+01
3.814467620849609375e+01
3.896827316284179688e+01
3.856976699829101562e+01
3.808742904663085938e+01
3.858314132690429688e+01
3.834052276611328125e+01
3.884386825561523438e+01
3.791061019897460938e+01
3.804975891113281250e+01
3.806422424316406250e+01
3.802219390869140625e+01
3.797304534912109375e+01
3.844990921020507812e+01
3.822615814208984375e+01
3.851828765869140625e+01
3.894000625610351562e+01
3.886533737182617188e+01
3.896612548828125000e+01
3.927475357055664062e+01
3.840048599243164062e+01
3.840306091308593750e+01
3.815967941284179688e+01
3.764726638793945312e+01
3.795130538940429688e+01
3.797153854370117188e+01
3.793708419799804688e+01
3.762172698974609375e+01
3.788131332397460938e+01
3.747032546997070312e+01
3.754167175292968750e+01
3.734071731567382812e+01
3.733093643188476562e+01
3.674107360839843750e+01
3.708607864379882812e+01
3.681099319458007812e+01
3.704035568237304688e+01
3.703643035888671875e+01
3.674419403076171875e+01
3.636776733398437500e+01
3.666175460815429688e+01
3.698209381103515625e+01
3.678083038330078125e+01
3.674940872192382812e+01
3.774872589111328125e+01
3.681053161621093750e+01
3.686767959594726562e+01
3.734201431274414062e+01
3.702836990356445312e+01
3.736717987060546875e+01
3.725457763671875000e+01
3.643245315551757812e+01
3.627674102783203125e+01
3.657299041748046875e+01
3.620456695556640625e+01
3.645941925048828125e+01
3.655342102050781250e+01
3.687786865234375000e+01
3.667734527587890625e+01
3.670190048217773438e+01
3.670226287841796875e+01
3.672073745727539062e+01
3.665513610839843750e+01
3.775218582153320312e+01
3.803349304199218750e+01
3.697471237182617188e+01
3.688001632690429688e+01
3.704497146606445312e+01
3.752490234375000000e+01
3.758882141113281250e+01
3.692745208740234375e+01
3.709241104125976562e+01
3.734399795532226562e+01
3.852881240844726562e+01
3.783972549438476562e+01
3.819074249267578125e+01
3.795453262329101562e+01
3.794501495361328125e+01
3.883772659301757812e+01
3.812993621826171875e+01
3.800918579101562500e+01
3.768193054199218750e+01
3.884326553344726562e+01
3.847048950195312500e+01
3.819068145751953125e+01
3.829293823242187500e+01
3.761795425415039062e+01
3.786682891845703125e+01
3.741949844360351562e+01
3.817552185058593750e+01
3.790015792846679688e+01
3.794577026367187500e+01
3.792713546752929688e+01
3.825854873657226562e+01
3.855604934692382812e+01
3.914955520629882812e+01
3.883419036865234375e+01
3.957913589477539062e+01
3.931250381469726562e+01
3.920378112792968750e+01
3.901140213012695312e+01
3.847039413452148438e+01
3.947713470458984375e+01
3.884902191162109375e+01
3.872285079956054688e+01
3.935245132446289062e+01
3.909682083129882812e+01
3.898811340332031250e+01
3.868805313110351562e+01
3.947641372680664062e+01
3.900223541259765625e+01
3.886779785156250000e+01
3.956793975830078125e+01
3.945901489257812500e+01
3.927554702758789062e+01
3.848970031738281250e+01
3.903335189819335938e+01
3.937157440185546875e+01
3.895773696899414062e+01
4.006310272216796875e+01
3.931566238403320312e+01
3.911492919921875000e+01
3.886266326904296875e+01
3.933954620361328125e+01
3.841699218750000000e+01
3.856237411499023438e+01
3.855128860473632812e+01
4.003957748413085938e+01
3.959088134765625000e+01
3.877834320068359375e+01
3.942568588256835938e+01
3.852206420898437500e+01
3.953388977050781250e+01
3.914925003051757812e+01
4.075300598144531250e+01
4.018905639648437500e+01
3.952498626708984375e+01
3.925769424438476562e+01
3.912969207763671875e+01
3.969326019287109375e+01
3.920483779907226562e+01
3.986735153198242188e+01
4.030484008789062500e+01
4.054024887084960938e+01
4.040336227416992188e+01
3.980278015136718750e+01
4.091606140136718750e+01
4.222676467895507812e+01
4.154639816284179688e+01
4.201135253906250000e+01
4.228231430053710938e+01
4.121095275878906250e+01
4.100623321533203125e+01
4.169553756713867188e+01
4.235386657714843750e+01
4.283090591430664062e+01
4.265074157714843750e+01
4.231393051147460938e+01
4.247864151000976562e+01
4.320162963867187500e+01
4.218264770507812500e+01
4.170230484008789062e+01
4.194587707519531250e+01
4.235064697265625000e+01
4.208990859985351562e+01
4.222467803955078125e+01
4.192497253417968750e+01
4.146011734008789062e+01
4.163478851318359375e+01
4.171728134155273438e+01
4.210774993896484375e+01
4.210399246215820312e+01
4.221713638305664062e+01
4.210758972167968750e+01
4.174885177612304688e+01
4.130141067504882812e+01
4.162796783447265625e+01
4.210325622558593750e+01
4.227592849731445312e+01
4.215339660644531250e+01
4.234811782836914062e+01
4.209935760498046875e+01
4.211738967895507812e+01
4.205979537963867188e+01
4.174371719360351562e+01
4.165866470336914062e+01
4.244703292846679688e+01
4.241129684448242188e+01
4.205005645751953125e+01
4.171550750732421875e+01
4.368106842041015625e+01
4.262976074218750000e+01
4.329674148559570312e+01
4.280935668945312500e+01
4.290428543090820312e+01
4.192439270019531250e+01
4.244026565551757812e+01
4.377734375000000000e+01
4.340063095092773438e+01
4.314827728271484375e+01
4.398463439941406250e+01
4.370102310180664062e+01
4.318478393554687500e+01
4.275461959838867188e+01
4.405058670043945312e+01
4.344573593139648438e+01
4.347668075561523438e+01
4.324068450927734375e+01
4.359248352050781250e+01
4.394109344482421875e+01
4.294889068603515625e+01
4.274567031860351562e+01
4.339411544799804688e+01
4.441500091552734375e+01
4.382274627685546875e+01
4.403903579711914062e+01
4.358813095092773438e+01
4.266037750244140625e+01
4.285853958129882812e+01
4.352765274047851562e+01
4.283080673217773438e+01
4.295493698120117188e+01
4.344730377197265625e+01
4.310506439208984375e+01
4.339791488647460938e+01
4.343704223632812500e+01
4.330104827880859375e+01
4.345059204101562500e+01
4.377881240844726562e+01
4.349294662475585938e+01
4.389486694335937500e+01
4.377566528320312500e+01
4.372579574584960938e+01
4.298405075073242188e+01
4.336460876464843750e+01
4.435203933715820312e+01
4.510197830200195312e+01
4.467268753051757812e+01
4.449211883544921875e+01
4.415534591674804688e+01
4.559489059448242188e+01
4.425900650024414062e+01
4.412564086914062500e+01
4.493426132202148438e+01
4.538394165039062500e+01
4.615797042846679688e+01
4.515171813964843750e+01
4.602571868896484375e+01
4.553475952148437500e+01
4.571546173095703125e+01
4.556821823120117188e+01
4.543368148803710938e+01
4.602399444580078125e+01
4.595366287231445312e+01
4.595936584472656250e+01
4.592177200317382812e+01
4.597059249877929688e+01
4.521071243286132812e+01
4.534965515136718750e+01
4.642633819580078125e+01
4.644763946533203125e+01
4.647309875488281250e+01
4.650623321533203125e+01
4.628701400756835938e+01
4.686664581298828125e+01
4.746526718139648438e+01
4.702176666259765625e+01
4.759767150878906250e+01
4.693655395507812500e+01
4.765685272216796875e+01
4.771376037597656250e+01
4.694516754150390625e+01
4.807542037963867188e+01
4.833789825439453125e+01
4.734200286865234375e+01
4.745986557006835938e+01
4.649749374389648438e+01
4.701821136474609375e+01
4.758877182006835938e+01
4.754814147949218750e+01
4.796554565429687500e+01
4.693633651733398438e+01
4.698295974731445312e+01
4.743202590942382812e+01
4.653522491455078125e+01
4.729566192626953125e+01
4.733723068237304688e+01
4.777145004272460938e+01
4.779683685302734375e+01
4.766050338745117188e+01
4.831596755981445312e+01
4.855110931396484375e+01
4.807642364501953125e+01
4.817049789428710938e+01
4.867934417724609375e+01
4.815278244018554688e+01
4.914250946044921875e+01
4.890763854980468750e+01
4.880358505249023438e+01
4.941744613647460938e+01
5.048727416992187500e+01
5.079680633544921875e+01
5.006246948242187500e+01
4.946538543701171875e+01
4.967050170898437500e+01
4.909689331054687500e+01
4.909299850463867188e+01
4.986257171630859375e+01
4.965786743164062500e+01
4.803185272216796875e+01
4.972856140136718750e+01
4.906695175170898438e+01
4.870542907714843750e+01
5.049197769165039062e+01
5.060213470458984375e+01
5.029470825195312500e+01
4.945925140380859375e+01
4.975173568725585938e+01
4.934125137329101562e+01
5.017442321777343750e+01
5.081161499023437500e+01
5.102445983886718750e+01
5.117041397094726562e+01
5.133013153076171875e+01
5.042222976684570312e+01
5.115669631958007812e+01
5.068434906005859375e+01
5.078786087036132812e+01
5.025607681274414062e+01
5.034286880493164062e+01
5.055688858032226562e+01
5.184455871582031250e+01
5.204419326782226562e+01
5.163037490844726562e+01
5.169860076904296875e+01
5.398384475708007812e+01
5.327896499633789062e+01
5.339445877075195312e+01
5.421767807006835938e+01
5.322256469726562500e+01
5.255745315551757812e+01
5.294262313842773438e+01
5.308946609497070312e+01
5.256551742553710938e+01
5.278580856323242188e+01
5.307193756103515625e+01
5.409008407592773438e+01
5.351384353637695312e+01
5.326688385009765625e+01
5.277328491210937500e+01
5.311553573608398438e+01
5.382551956176757812e+01
5.310106277465820312e+01
5.216418075561523438e+01
5.284139251708984375e+01
5.269699096679687500e+01
5.246185302734375000e+01
5.322499084472656250e+01
5.370962524414062500e+01
5.189715957641601562e+01
5.471291351318359375e+01
5.333092880249023438e+01
5.384860992431640625e+01
5.308188247680664062e+01
5.575372695922851562e+01
5.471504592895507812e+01
5.721155166625976562e+01
5.798455810546875000e+01
5.709293746948242188e+01
5.715121078491210938e+01
5.905653381347656250e+01
5.820606231689453125e+01
5.893825531005859375e+01
6.000126266479492188e+01
6.012084197998046875e+01
5.874784851074218750e+01
5.930810928344726562e+01
5.995603942871093750e+01
6.055812454223632812e+01
5.893240737915039062e+01
5.830326461791992188e+01
5.839220046997070312e+01
5.913076019287109375e+01
6.032476043701171875e+01
6.173122024536132812e+01
6.099720382690429688e+01
6.349750518798828125e+01
6.115358734130859375e+01
6.188707733154296875e+01
6.140317916870117188e+01
5.961174392700195312e+01
5.974410247802734375e+01
6.134673309326171875e+01
5.972472763061523438e+01
6.054232788085937500e+01
6.023936080932617188e+01
5.953569793701171875e+01
6.077210998535156250e+01
6.131150817871093750e+01
5.890111160278320312e+01
5.920980453491210938e+01
5.894251251220703125e+01
5.986985015869140625e+01
5.999771118164062500e+01
6.055348587036132812e+01
6.076628112792968750e+01
6.180754089355468750e+01
6.359638595581054688e+01
6.436019897460937500e+01
6.530415344238281250e+01
6.430777740478515625e+01
6.380899810791015625e+01
6.371511077880859375e+01
6.521327972412109375e+01
6.372565460205078125e+01
6.499118041992187500e+01
6.370937728881835938e+01
6.370520401000976562e+01
6.421687316894531250e+01
6.413722991943359375e+01
6.441737365722656250e+01
6.410408782958984375e+01
6.443249511718750000e+01
6.584539794921875000e+01
6.469527435302734375e+01
6.537865447998046875e+01
6.556445312500000000e+01
6.598931121826171875e+01
6.751889038085937500e+01
6.669248199462890625e+01
6.651233673095703125e+01
6.800204467773437500e+01
6.760915374755859375e+01
6.834562683105468750e+01
6.937642669677734375e+01
6.857046508789062500e+01
7.145118713378906250e+01
7.031399536132812500e+01
6.979114532470703125e+01
6.938536071777343750e+01
7.073606109619140625e+01
7.110873413085937500e+01
7.076434326171875000e+01
7.187100219726562500e+01
7.086014556884765625e+01
7.070355987548828125e+01
7.270314788818359375e+01
7.104240417480468750e+01
7.177610015869140625e+01
7.226026916503906250e+01
7.287692260742187500e+01
7.373067474365234375e+01
7.241489410400390625e+01
7.250038909912109375e+01
7.238613891601562500e+01
7.253868865966796875e+01
7.287486267089843750e+01
7.377374267578125000e+01
7.340654754638671875e+01
7.204331970214843750e+01
7.170116424560546875e+01
7.153256225585937500e+01
7.180802917480468750e+01
7.281807708740234375e+01
7.313682556152343750e+01
7.249140167236328125e+01
7.294671630859375000e+01
7.300117492675781250e+01
7.184512329101562500e+01
7.236863708496093750e+01
7.130458068847656250e+01
7.274947357177734375e+01
7.289952087402343750e+01
7.304274749755859375e+01
7.115319061279296875e+01
6.950392150878906250e+01
7.003253173828125000e+01
7.025925445556640625e+01
6.992404937744140625e+01
7.076075744628906250e+01
7.138604736328125000e+01
7.250641632080078125e+01
7.223785400390625000e+01
7.327130889892578125e+01
7.285108184814453125e+01
7.229364013671875000e+01
7.148126983642578125e+01
7.205985260009765625e+01
7.193290710449218750e+01
7.194684600830078125e+01
7.186114501953125000e+01
7.214424896240234375e+01
7.122984313964843750e+01
7.126292419433593750e+01
7.285721588134765625e+01
7.165390014648437500e+01
7.310310363769531250e+01
7.386414337158203125e+01
7.522097015380859375e+01
7.407953643798828125e+01
7.497348022460937500e+01
7.416001892089843750e+01
7.444387054443359375e+01
7.493656158447265625e+01
7.431211090087890625e+01
7.492523956298828125e+01
7.547360229492187500e+01
7.380515289306640625e+01
7.243862152099609375e+01
7.243845367431640625e+01
7.132160186767578125e+01
7.065787506103515625e+01
7.106884002685546875e+01
7.040010833740234375e+01
7.056926727294921875e+01
7.049785614013671875e+01
6.958087158203125000e+01
6.969075012207031250e+01
6.904381561279296875e+01
6.990242767333984375e+01
6.940907287597656250e+01
6.940223693847656250e+01
7.038653564453125000e+01
7.051950073242187500e+01
7.088063812255859375e+01
7.125309753417968750e+01
7.147055053710937500e+01
7.147698211669921875e+01
7.221183013916015625e+01
7.393115997314453125e+01
7.122757720947265625e+01
7.211620330810546875e+01
7.090744018554687500e+01
7.228748321533203125e+01
7.166470336914062500e+01
7.141280364990234375e+01
7.234167480468750000e+01
7.299102783203125000e+01
7.158242034912109375e+01
7.224175262451171875e+01
7.179299163818359375e+01
7.034902191162109375e+01
6.983062744140625000e+01
7.100693511962890625e+01
7.025104522705078125e+01
7.123828887939453125e+01
6.887580871582031250e+01
6.947015380859375000e+01
6.787572479248046875e+01
6.888370513916015625e+01
6.971184539794921875e+01
6.895753479003906250e+01
6.896678161621093750e+01
6.941959381103515625e+01
6.827465820312500000e+01
6.974725341796875000e+01
6.914245605468750000e+01
6.920372009277343750e+01
6.953278350830078125e+01
7.030374908447265625e+01
6.924286651611328125e+01
6.898112487792968750e+01
6.924990081787109375e+01
6.893001556396484375e+01
6.871271514892578125e+01
6.889407348632812500e+01
7.017145538330078125e+01
6.865876770019531250e+01
6.866858673095703125e+01
6.781551361083984375e+01
7.008377838134765625e+01
6.911885070800781250e+01
6.799828338623046875e+01
6.849245452880859375e+01
6.809513854980468750e+01
6.853020477294921875e+01
6.778609466552734375e+01
6.699555206298828125e+01
6.793080902099609375e+01
6.692898559570312500e+01
6.705062866210937500e+01
6.773249816894531250e+01
6.719313812255859375e+01
6.711332702636718750e+01
6.741467285156250000e+01
6.926061248779296875e+01
6.724016571044921875e+01
6.728678131103515625e+01
6.815531158447265625e+01
6.856620788574218750e+01
7.001685333251953125e+01
6.992507934570312500e+01
6.850790405273437500e+01
6.824440765380859375e+01
6.821521759033203125e+01
6.850729370117187500e+01
7.078022766113281250e+01
6.955162811279296875e+01
6.940735626220703125e+01
7.030667114257812500e+01
6.978565216064453125e+01
6.994033050537109375e+01
7.109434509277343750e+01
6.889974212646484375e+01
7.052027893066406250e+01
7.096515655517578125e+01
6.990067291259765625e+01
6.964610290527343750e+01
6.816847229003906250e+01
6.895032501220703125e+01
6.867664337158203125e+01
6.644598388671875000e+01
6.656327819824218750e+01
6.663631439208984375e+01
6.554548645019531250e+01
6.445624542236328125e+01
6.407258605957031250e+01
6.492877197265625000e+01
6.502506256103515625e+01
6.523135375976562500e+01
6.550469970703125000e+01
6.433908081054687500e+01
6.470220947265625000e+01
6.555878448486328125e+01
6.568786621093750000e+01
6.491947937011718750e+01
6.519894409179687500e+01
6.442675781250000000e+01
6.470342254638671875e+01
6.414295196533203125e+01
6.498686981201171875e+01
6.491209411621093750e+01
6.533439636230468750e+01
6.841012573242187500e+01
6.572319793701171875e+01
6.601636505126953125e+01
6.586642456054687500e+01
6.479457092285156250e+01
6.581420135498046875e+01
6.516846466064453125e+01
6.551728057861328125e+01
6.522889709472656250e+01
6.560634613037109375e+01
6.516748809814453125e+01
6.519121551513671875e+01
6.453941345214843750e+01
6.527085113525390625e+01
6.588173675537109375e+01
6.457905578613281250e+01
6.535090637207031250e+01
6.443335723876953125e+01
6.530097198486328125e+01
6.412891387939453125e+01
6.394657897949218750e+01
6.362134552001953125e+01
6.418096923828125000e+01
6.535076904296875000e+01
6.449171447753906250e+01
6.457000732421875000e+01
6.510275268554687500e+01
6.544524383544921875e+01
6.431222534179687500e+01
6.408802795410156250e+01
6.330892181396484375e+01
6.371872711181640625e+01
6.352598953247070312e+01
6.351430511474609375e+01
6.290786743164062500e+01
6.371068572998046875e+01
6.319752502441406250e+01
6.321731185913085938e+01
6.225492095947265625e+01
6.427668762207031250e+01
6.349760055541992188e+01
6.289622116088867188e+01
6.248562622070312500e+01
6.246570968627929688e+01
6.418778991699218750e+01
6.370885848999023438e+01
6.348327255249023438e+01
6.360340118408203125e+01
6.503641510009765625e+01
6.354365921020507812e+01
6.399545669555664062e+01
6.486977386474609375e+01
6.411089324951171875e+01
6.430211639404296875e+01
6.382506942749023438e+01
6.397285461425781250e+01
6.294389724731445312e+01
6.402897644042968750e+01
6.322488403320312500e+01
6.320824813842773438e+01
6.272864913940429688e+01
6.551605987548828125e+01
6.472840881347656250e+01
6.447444152832031250e+01
6.355733489990234375e+01
6.339963912963867188e+01
6.323793792724609375e+01
6.300589752197265625e+01
6.412248229980468750e+01
6.262218093872070312e+01
6.392555618286132812e+01
6.392094039916992188e+01
6.570413970947265625e+01
6.522217559814453125e+01
6.482064819335937500e+01
6.532809448242187500e+01
6.467500305175781250e+01
6.460030364990234375e+01
6.437193298339843750e+01
6.355195999145507812e+01
6.261460113525390625e+01
6.329302978515625000e+01
6.404214477539062500e+01
6.271163940429687500e+01
6.329803085327148438e+01
6.442051696777343750e+01
6.305992126464843750e+01
6.302792358398437500e+01
6.193675231933593750e+01
6.251174926757812500e+01
6.207952499389648438e+01
6.478659057617187500e+01
6.329196929931640625e+01
6.420847320556640625e+01
6.359917449951171875e+01
6.306853866577148438e+01
6.485667419433593750e+01
6.599004364013671875e+01
6.471489715576171875e+01
6.500012207031250000e+01
6.462682342529296875e+01
6.350322723388671875e+01
6.448038482666015625e+01
6.369248199462890625e+01
6.376920700073242188e+01
6.303356170654296875e+01
6.275485992431640625e+01
6.510229492187500000e+01
6.367528533935546875e+01
6.236326980590820312e+01
6.312918090820312500e+01
6.118295669555664062e+01
6.200787353515625000e+01
6.127357864379882812e+01
6.051093673706054688e+01
6.107511901855468750e+01
6.032388305664062500e+01
6.183200836181640625e+01
6.105028915405273438e+01
6.116950988769531250e+01
6.180828475952148438e+01
6.203866577148437500e+01
6.116854858398437500e+01
6.216932678222656250e+01
6.136811828613281250e+01
6.289177703857421875e+01
6.260654067993164062e+01
6.250253295898437500e+01
6.311614608764648438e+01
6.750770568847656250e+01
6.459950256347656250e+01
6.593933105468750000e+01
6.587783050537109375e+01
6.563103485107421875e+01
6.689995574951171875e+01
7.015146636962890625e+01
6.995290374755859375e+01
6.740124511718750000e+01
6.661540222167968750e+01
6.630042266845703125e+01
6.767980957031250000e+01
6.735580444335937500e+01
6.657287597656250000e+01
6.613726806640625000e+01
6.608176422119140625e+01
6.589487457275390625e+01
6.596038818359375000e+01
6.539952087402343750e+01
6.594173431396484375e+01
6.653948211669921875e+01
6.735891723632812500e+01
6.668986511230468750e+01
6.602446746826171875e+01
6.749652862548828125e+01
6.700534057617187500e+01
6.461892700195312500e+01
6.512457275390625000e+01
6.425949859619140625e+01
6.390045547485351562e+01
6.381793212890625000e+01
6.290456771850585938e+01
6.256877517700195312e+01
6.237765884399414062e+01
6.357767105102539062e+01
6.785570526123046875e+01
6.382601165771484375e+01
6.388729858398437500e+01
6.409580230712890625e+01
6.260005569458007812e+01
6.353201293945312500e+01
6.251420211791992188e+01
6.251385879516601562e+01
6.443039703369140625e+01
6.403316497802734375e+01
6.337337112426757812e+01
6.241314697265625000e+01
6.249021911621093750e+01
6.258549880981445312e+01
6.163714981079101562e+01
6.145296096801757812e+01
6.296012496948242188e+01
6.278102111816406250e+01
6.258005142211914062e+01
6.304524230957031250e+01
6.171067047119140625e+01
6.224962234497070312e+01
6.186350631713867188e+01
6.211158752441406250e+01
6.237573623657226562e+01
6.244773483276367188e+01
6.316104507446289062e+01
6.251475524902343750e+01
6.397557067871093750e+01
6.410565185546875000e+01
6.327754974365234375e+01
6.201371765136718750e+01
6.170795440673828125e+01
6.185074615478515625e+01
6.168294525146484375e+01
6.273192977905273438e+01
6.129436874389648438e+01
6.510217285156250000e+01
6.241054153442382812e+01
6.324310302734375000e+01
6.615801239013671875e+01
6.442298889160156250e+01
6.501543426513671875e+01
6.588138580322265625e+01
6.844228363037109375e+01
6.528147888183593750e+01
6.513516235351562500e+01
6.522872924804687500e+01
6.446898651123046875e+01
6.545262145996093750e+01
6.426056671142578125e+01
6.354925155639648438e+01
6.406622314453125000e+01
6.676529693603515625e+01
6.629837799072265625e+01
7.003615570068359375e+01
6.772704315185546875e+01
7.135696411132812500e+01
6.704730987548828125e+01
6.531669616699218750e+01
6.525260925292968750e+01
6.600184631347656250e+01
6.493830871582031250e+01
6.420183563232421875e+01
6.535025787353515625e+01
6.706488800048828125e+01
6.485608673095703125e+01
6.463777160644531250e+01
6.558060455322265625e+01
6.462629699707031250e+01
6.584525299072265625e+01
6.539428710937500000e+01
6.422471618652343750e+01
6.616814422607421875e+01
6.687259674072265625e+01
6.452243804931640625e+01
6.656440734863281250e+01
6.534989929199218750e+01
6.473036193847656250e+01
7.361389160156250000e+01
6.742906188964843750e+01
7.914221191406250000e+01
7.158226013183593750e+01
7.004238891601562500e+01
6.880821228027343750e+01
6.914973449707031250e+01
6.808537292480468750e+01
6.561590576171875000e+01
6.479135131835937500e+01
6.444101715087890625e+01
6.416230773925781250e+01
6.412395477294921875e+01
6.466996002197265625e+01
6.421493530273437500e+01
6.334262466430664062e+01
6.432570648193359375e+01
6.481556701660156250e+01
6.391097640991210938e+01
6.469798278808593750e+01
6.931030273437500000e+01
6.869294738769531250e+01
7.019249725341796875e+01
6.602471923828125000e+01
6.453406524658203125e+01
6.291350936889648438e+01
6.446228790283203125e+01
6.341558837890625000e+01
6.308718109130859375e+01
6.500974273681640625e+01
6.464103698730468750e+01
6.230921936035156250e+01
6.382203292846679688e+01
6.340111160278320312e+01
6.437992858886718750e+01
6.395247268676757812e+01
6.574571228027343750e+01
6.431350708007812500e+01
6.441417694091796875e+01
6.621583557128906250e+01
6.416671752929687500e+01
6.682108306884765625e+01
6.487957000732421875e+01
6.954158020019531250e+01
6.568067932128906250e+01
6.658449554443359375e+01
6.702490997314453125e+01
6.722800445556640625e+01
6.707749938964843750e+01
6.536134338378906250e+01
6.463816833496093750e+01
6.506719970703125000e+01
6.518930816650390625e+01
6.492295837402343750e+01
6.452131652832031250e+01
6.446527099609375000e+01
6.417776489257812500e+01
6.472130584716796875e+01
6.451638793945312500e+01
6.432608032226562500e+01
6.371165847778320312e+01
6.360311889648437500e+01
6.407159423828125000e+01
6.416059875488281250e+01
6.632833099365234375e+01
6.401184844970703125e+01
6.330352783203125000e+01
6.385930633544921875e+01
6.433834075927734375e+01
6.503598785400390625e+01
6.431228637695312500e+01
6.592716217041015625e+01
6.458242797851562500e+01
6.462949371337890625e+01
6.551502227783203125e+01
6.498731231689453125e+01
7.780560302734375000e+01
6.964089202880859375e+01
6.768602752685546875e+01
6.782395172119140625e+01
6.676022338867187500e+01
6.823381805419921875e+01
6.670624542236328125e+01
6.607468414306640625e+01
6.577690887451171875e+01
6.434418487548828125e+01
6.512869262695312500e+01
6.402867126464843750e+01
6.394979095458984375e+01
6.617704772949218750e+01
6.462861633300781250e+01
6.450680541992187500e+01
8.184534454345703125e+01
7.331748962402343750e+01
7.023869323730468750e+01
7.317263793945312500e+01
6.879135894775390625e+01
6.984395599365234375e+01
6.880449676513671875e+01
6.945730590820312500e+01
6.721499633789062500e+01
6.916587829589843750e+01
6.797785949707031250e+01
7.073912811279296875e+01
7.098234558105468750e+01
7.390451812744140625e+01
7.039310455322265625e+01
7.176612854003906250e+01
6.941613006591796875e+01
7.001303100585937500e+01
7.056078338623046875e+01
6.963171386718750000e+01
6.835193634033203125e+01
7.058134460449218750e+01
7.010787200927734375e+01
7.018637084960937500e+01
7.051534271240234375e+01
6.867393493652343750e+01
6.812476348876953125e+01
6.905337524414062500e+01
6.818682861328125000e+01
6.727436065673828125e+01
6.841409301757812500e+01
7.520608520507812500e+01
7.013776397705078125e+01
6.852861785888671875e+01
6.998113250732421875e+01
7.038682556152343750e+01
6.918319702148437500e+01
6.859774017333984375e+01
6.808493804931640625e+01
6.836421966552734375e+01
6.751258087158203125e+01
6.615557861328125000e+01
6.557304382324218750e+01
6.551785278320312500e+01
6.702412414550781250e+01
6.623944091796875000e+01
6.682359313964843750e+01
6.714716339111328125e+01
6.734310913085937500e+01
6.603359985351562500e+01
6.575233459472656250e+01
6.617549896240234375e+01
6.608922576904296875e+01
6.586596679687500000e+01
6.486590576171875000e+01
6.488176727294921875e+01
6.500910949707031250e+01
6.457914733886718750e+01
6.532618713378906250e+01
6.730792236328125000e+01
6.592877960205078125e+01
6.591400146484375000e+01
6.597463226318359375e+01
6.641596984863281250e+01
6.506697845458984375e+01
6.536351013183593750e+01
6.409288787841796875e+01
6.411339569091796875e+01
6.451022338867187500e+01
6.444508361816406250e+01
6.466956329345703125e+01
6.411072540283203125e+01
6.250320434570312500e+01
6.468420410156250000e+01
6.533134460449218750e+01
6.590135955810546875e+01
6.389842987060546875e+01
6.495573425292968750e+01
6.759804534912109375e+01
6.556552124023437500e+01
6.622576904296875000e+01
6.526477813720703125e+01
6.718125152587890625e+01
6.693662261962890625e+01
6.712565612792968750e+01
6.573920440673828125e+01
6.413566589355468750e+01
6.440430450439453125e+01
6.383496856689453125e+01
7.380434417724609375e+01
6.517507934570312500e+01
6.607998657226562500e+01
6.730187225341796875e+01
6.546770477294921875e+01
6.541687774658203125e+01
6.398196792602539062e+01
6.294885635375976562e+01
6.415335083007812500e+01
6.429557800292968750e+01
6.397218322753906250e+01
6.235745239257812500e+01
6.306853866577148438e+01
6.191321182250976562e+01
6.099316787719726562e+01
6.112148666381835938e+01
6.131236648559570312e+01
6.073136138916015625e+01
6.112780380249023438e+01
6.069213104248046875e+01
6.480341339111328125e+01
6.441736602783203125e+01
6.440002441406250000e+01
6.291158676147460938e+01
6.340901565551757812e+01
6.256265640258789062e+01
6.311187362670898438e+01
6.356791305541992188e+01
6.190130233764648438e+01
6.389333343505859375e+01
6.383481597900390625e+01
6.361679458618164062e+01
6.287745285034179688e+01
6.347293853759765625e+01
6.597415924072265625e+01
6.414882659912109375e+01
6.421535491943359375e+01
6.338518905639648438e+01
6.518186187744140625e+01
6.313094329833984375e+01
6.387131881713867188e+01
6.496660614013671875e+01
6.452401733398437500e+01
6.388148117065429688e+01
6.491083526611328125e+01
6.375037384033203125e+01
6.415799713134765625e+01
6.336861419677734375e+01
6.324634552001953125e+01
6.384982299804687500e+01
6.400683593750000000e+01
6.289062500000000000e+01
6.218021011352539062e+01
6.308995819091796875e+01
6.205980300903320312e+01
6.286740875244140625e+01
6.330733108520507812e+01
6.289646911621093750e+01
6.397496414184570312e+01
6.378104782104492188e+01
6.304299545288085938e+01
6.317366027832031250e+01
6.509445190429687500e+01
6.453334045410156250e+01
6.379524993896484375e+01
6.249966812133789062e+01
6.225618362426757812e+01
6.190115737915039062e+01
6.201578903198242188e+01
6.222579193115234375e+01
6.144577026367187500e+01
6.104823303222656250e+01
6.070207595825195312e+01
6.357880401611328125e+01
6.296288299560546875e+01
6.217318725585937500e+01
6.338546371459960938e+01
6.445812988281250000e+01
6.240731430053710938e+01
6.259079360961914062e+01
6.352005767822265625e+01
6.496652984619140625e+01
6.181015014648437500e+01
6.304050827026367188e+01
6.585257720947265625e+01
6.555966949462890625e+01
6.394152450561523438e+01
6.459394836425781250e+01
6.447661590576171875e+01
6.535630798339843750e+01
6.455935668945312500e+01
6.339465332031250000e+01
6.341180419921875000e+01
6.364599990844726562e+01
6.384029006958007812e+01
6.243865585327148438e+01
6.394725036621093750e+01
6.704244995117187500e+01
6.480136108398437500e+01
6.295419311523437500e+01
6.467558288574218750e+01
6.338829040527343750e+01
6.306813812255859375e+01
6.215882110595703125e+01
6.348604583740234375e+01
6.157857894897460938e+01
6.289397430419921875e+01
6.287613677978515625e+01
6.469085693359375000e+01
6.249529647827148438e+01
6.244235992431640625e+01
6.297423553466796875e+01
6.308688735961914062e+01
6.412564849853515625e+01
6.242775726318359375e+01
6.230329895019531250e+01
6.171839141845703125e+01
6.313977432250976562e+01
6.220326995849609375e+01
6.286291885375976562e+01
6.220987319946289062e+01
6.237475967407226562e+01
6.250856018066406250e+01
6.344912338256835938e+01
6.380174255371093750e+01
6.301545333862304688e+01
6.362842559814453125e+01
6.251169586181640625e+01
6.237416458129882812e+01
6.250211715698242188e+01
6.402021026611328125e+01
6.235616302490234375e+01
6.218567657470703125e+01
6.400450134277343750e+01
6.326706314086914062e+01
6.236308288574218750e+01
6.289439392089843750e+01
6.211009979248046875e+01
6.357955932617187500e+01
6.580342102050781250e+01
6.406539154052734375e+01
6.538697052001953125e+01
6.420147705078125000e+01
6.541674804687500000e+01
6.597468566894531250e+01
6.781330108642578125e+01
6.644199371337890625e+01
6.749413299560546875e+01
6.530416107177734375e+01
6.514421081542968750e+01
6.507846832275390625e+01
6.592695617675781250e+01
6.426779937744140625e+01
6.631715393066406250e+01
6.497344207763671875e+01
6.484343719482421875e+01
7.773508453369140625e+01
6.938596343994140625e+01
6.653756713867187500e+01
6.455101013183593750e+01
6.542092895507812500e+01
6.785138702392578125e+01
6.616014099121093750e+01
6.540030670166015625e+01
6.526201629638671875e+01
6.843540191650390625e+01
6.625482940673828125e+01
6.587934112548828125e+01
6.548625183105468750e+01
6.390298843383789062e+01
6.518185424804687500e+01
6.388069534301757812e+01
6.448152923583984375e+01
6.608276367187500000e+01
6.688895416259765625e+01
6.534346008300781250e+01
6.435653686523437500e+01
6.439835357666015625e+01
6.401135253906250000e+01
6.455485534667968750e+01
6.440936279296875000e+01
6.383440780639648438e+01
6.417033386230468750e+01
6.288180923461914062e+01
6.225774765014648438e+01
6.422283172607421875e+01
6.337096023559570312e+01
6.370226669311523438e+01
6.252145767211914062e+01
6.401635742187500000e+01
6.233018875122070312e+01
6.198813247680664062e+01
6.282485961914062500e+01
6.339862060546875000e+01
6.278359222412109375e+01
6.353519439697265625e+01
6.201248550415039062e+01
6.329074859619140625e+01
6.326424789428710938e+01
6.297408676147460938e+01
6.303780364990234375e+01
6.148205566406250000e+01
6.361811065673828125e+01
6.305710983276367188e+01
6.383346939086914062e+01
6.490264129638671875e+01
6.461372375488281250e+01
6.382881546020507812e+01
6.275764465332031250e+01
6.236933517456054688e+01
6.114527893066406250e+01
6.131275939941406250e+01
6.140258407592773438e+01
6.371821975708007812e+01
6.253916931152343750e+01
6.283555984497070312e+01
6.129155349731445312e+01
6.231277465820312500e+01
6.180875778198242188e+01
6.170275115966796875e+01
6.196813583374023438e+01
6.542629241943359375e+01
6.388873291015625000e+01
6.656325531005859375e+01
6.480141448974609375e+01
6.367271804809570312e+01
6.355988311767578125e+01
6.465996551513671875e+01
6.407627105712890625e+01
6.344233703613281250e+01
6.433447265625000000e+01
6.438197326660156250e+01
6.443772125244140625e+01
6.575836181640625000e+01
6.390906906127929688e+01
6.364618301391601562e+01
6.731513977050781250e+01
6.459351348876953125e+01
6.874543762207031250e+01
6.459098815917968750e+01
6.520090484619140625e+01
6.579510498046875000e+01
6.576146697998046875e+01
6.634698486328125000e+01
6.556427001953125000e+01
6.558915710449218750e+01
