2.247250527143478394e-01
3.893411159515380859e-01
4.928867816925048828e-01
9.903070330619812012e-01
8.094311952590942383e-01
9.880291819572448730e-01
9.859653115272521973e-01
1.113753437995910645e+00
1.255754828453063965e+00
1.241067647933959961e+00
1.486399650573730469e+00
2.062335491180419922e+00
1.870820760726928711e+00
1.959526419639587402e+00
2.795425891876220703e+00
2.275287628173828125e+00
1.847839355468750000e+00
2.089756727218627930e+00
2.309570074081420898e+00
2.181565284729003906e+00
2.184198379516601562e+00
2.380268096923828125e+00
2.681794643402099609e+00
2.628488779067993164e+00
2.753862857818603516e+00
2.890972137451171875e+00
2.923971176147460938e+00
3.726912975311279297e+00
3.415123701095581055e+00
3.442332506179809570e+00
4.452598571777343750e+00
4.128026962280273438e+00
4.936936855316162109e+00
4.744180679321289062e+00
4.714408397674560547e+00
4.679847240447998047e+00
5.033043861389160156e+00
4.972749233245849609e+00
4.961010932922363281e+00
5.227428913116455078e+00
5.273868083953857422e+00
5.222040176391601562e+00
5.439333915710449219e+00
5.755837917327880859e+00
6.564443588256835938e+00
6.271649360656738281e+00
6.165210247039794922e+00
6.560716629028320312e+00
6.265851497650146484e+00
6.402493953704833984e+00
6.892272949218750000e+00
7.131719589233398438e+00
7.052012920379638672e+00
7.509091854095458984e+00
7.333857059478759766e+00
7.284117698669433594e+00
7.822568416595458984e+00
7.833278656005859375e+00
7.636131763458251953e+00
7.959135532379150391e+00
7.714983463287353516e+00
7.639491081237792969e+00
8.256703376770019531e+00
8.075599670410156250e+00
8.095542907714843750e+00
7.963882923126220703e+00
7.884743213653564453e+00
7.825208187103271484e+00
8.340172767639160156e+00
8.399031639099121094e+00
8.155980110168457031e+00
8.087882995605468750e+00
8.576730728149414062e+00
8.413475990295410156e+00
8.651587486267089844e+00
8.827925682067871094e+00
8.719547271728515625e+00
8.687361717224121094e+00
8.664650917053222656e+00
8.966640472412109375e+00
8.521247863769531250e+00
8.719232559204101562e+00
8.756518363952636719e+00
8.628233909606933594e+00
8.662638664245605469e+00
8.808826446533203125e+00
8.471495628356933594e+00
8.645166397094726562e+00
8.831316947937011719e+00
8.398126602172851562e+00
8.611609458923339844e+00
8.401137351989746094e+00
8.831418037414550781e+00
8.701908111572265625e+00
8.555593490600585938e+00
8.550770759582519531e+00
8.604137420654296875e+00
8.439289093017578125e+00
8.348307609558105469e+00
8.663672447204589844e+00
8.327116966247558594e+00
8.285154342651367188e+00
8.125583648681640625e+00
8.268796920776367188e+00
8.142480850219726562e+00
8.196576118469238281e+00
8.277832984924316406e+00
8.135812759399414062e+00
8.178463935852050781e+00
8.169707298278808594e+00
8.005142211914062500e+00
8.231152534484863281e+00
8.146550178527832031e+00
8.285714149475097656e+00
8.317011833190917969e+00
8.720769882202148438e+00
8.390476226806640625e+00
8.357030868530273438e+00
8.279041290283203125e+00
8.452692031860351562e+00
8.149362564086914062e+00
8.285187721252441406e+00
8.423626899719238281e+00
8.191026687622070312e+00
8.710991859436035156e+00
8.841548919677734375e+00
8.846234321594238281e+00
8.757561683654785156e+00
8.706591606140136719e+00
8.626549720764160156e+00
8.851603507995605469e+00
8.693025588989257812e+00
8.543059349060058594e+00
8.556927680969238281e+00
8.932609558105468750e+00
8.788767814636230469e+00
8.856165885925292969e+00
8.917497634887695312e+00
9.201043128967285156e+00
9.541699409484863281e+00
9.599540710449218750e+00
9.412074089050292969e+00
9.492582321166992188e+00
9.962503433227539062e+00
1.005810546875000000e+01
1.066324615478515625e+01
1.033114814758300781e+01
1.060974121093750000e+01
1.086537075042724609e+01
1.158299446105957031e+01
1.145329666137695312e+01
1.157667160034179688e+01
1.189363670349121094e+01
1.235608005523681641e+01
1.294410324096679688e+01
1.316511344909667969e+01
1.328008365631103516e+01
1.366996097564697266e+01
1.430420017242431641e+01
1.532962608337402344e+01
1.590193367004394531e+01
1.748356819152832031e+01
1.678350067138671875e+01
1.707775688171386719e+01
1.795332717895507812e+01
1.851350402832031250e+01
1.848635292053222656e+01
1.882953262329101562e+01
1.912425231933593750e+01
1.990261268615722656e+01
2.049234771728515625e+01
2.135206985473632812e+01
2.191514205932617188e+01
2.936079597473144531e+01
2.485083389282226562e+01
2.471002578735351562e+01
2.567388725280761719e+01
2.620755004882812500e+01
2.575788307189941406e+01
2.706591033935546875e+01
2.773797607421875000e+01
2.960696792602539062e+01
3.054915618896484375e+01
3.091871452331542969e+01
3.307365798950195312e+01
3.373628234863281250e+01
3.552330398559570312e+01
3.646718597412109375e+01
3.833216094970703125e+01
4.032606124877929688e+01
4.262198257446289062e+01
4.427794647216796875e+01
4.530935287475585938e+01
4.619924163818359375e+01
4.660404586791992188e+01
4.731905364990234375e+01
4.767949676513671875e+01
4.943547821044921875e+01
5.080055618286132812e+01
5.173838806152343750e+01
5.343444442749023438e+01
5.412792968750000000e+01
5.443301773071289062e+01
5.542974472045898438e+01
5.732234191894531250e+01
5.873011016845703125e+01
5.905052566528320312e+01
6.123324203491210938e+01
6.246708297729492188e+01
6.193589782714843750e+01
6.511985015869140625e+01
6.780690002441406250e+01
6.829187774658203125e+01
6.884354400634765625e+01
6.929030609130859375e+01
7.034500122070312500e+01
6.941468811035156250e+01
6.927153015136718750e+01
7.080253601074218750e+01
7.076419067382812500e+01
6.938941955566406250e+01
6.974211883544921875e+01
7.113056182861328125e+01
7.024259185791015625e+01
7.151847076416015625e+01
6.941898345947265625e+01
7.032957458496093750e+01
6.883683013916015625e+01
7.134671783447265625e+01
7.225373077392578125e+01
6.951316833496093750e+01
6.845012664794921875e+01
6.923961639404296875e+01
6.849424743652343750e+01
6.638755035400390625e+01
6.608105468750000000e+01
6.656649780273437500e+01
6.461017608642578125e+01
6.210415649414062500e+01
6.299951171875000000e+01
6.222636795043945312e+01
6.156190490722656250e+01
6.166718673706054688e+01
6.026506423950195312e+01
5.934960174560546875e+01
5.882521057128906250e+01
5.894359970092773438e+01
5.744600677490234375e+01
5.644059371948242188e+01
5.530141448974609375e+01
5.557342910766601562e+01
5.416569519042968750e+01
5.319417572021484375e+01
5.198948287963867188e+01
5.085124588012695312e+01
5.143322372436523438e+01
5.043921661376953125e+01
5.016838073730468750e+01
4.903873443603515625e+01
4.802032852172851562e+01
4.701955413818359375e+01
4.514497756958007812e+01
4.534500503540039062e+01
4.375973129272460938e+01
4.374578857421875000e+01
4.410390472412109375e+01
4.279236984252929688e+01
4.218086624145507812e+01
4.164250946044921875e+01
4.156192398071289062e+01
4.050307846069335938e+01
4.009266281127929688e+01
3.939792251586914062e+01
3.960696029663085938e+01
3.843219375610351562e+01
3.810342025756835938e+01
3.744886398315429688e+01
3.676321411132812500e+01
3.597633743286132812e+01
3.637531280517578125e+01
3.531249618530273438e+01
3.452109527587890625e+01
3.347914123535156250e+01
3.320189666748046875e+01
3.247851943969726562e+01
3.207535171508789062e+01
3.202024078369140625e+01
3.178071403503417969e+01
3.139261054992675781e+01
3.116531944274902344e+01
3.036350440979003906e+01
3.015034294128417969e+01
2.939515495300292969e+01
2.940671539306640625e+01
2.932646179199218750e+01
2.922231674194335938e+01
2.809113311767578125e+01
2.734925460815429688e+01
2.724810600280761719e+01
2.718339920043945312e+01
2.642444229125976562e+01
2.620316886901855469e+01
2.557526969909667969e+01
2.516436004638671875e+01
2.510499954223632812e+01
2.521276092529296875e+01
2.445897293090820312e+01
2.442816543579101562e+01
2.424219703674316406e+01
2.413897514343261719e+01
2.433143806457519531e+01
2.363679504394531250e+01
2.343976211547851562e+01
2.317530059814453125e+01
2.314042854309082031e+01
2.326846504211425781e+01
2.319128608703613281e+01
2.294705009460449219e+01
2.255074310302734375e+01
2.304720306396484375e+01
2.220306968688964844e+01
2.154612541198730469e+01
2.189641380310058594e+01
2.150934982299804688e+01
2.183946228027343750e+01
2.134279632568359375e+01
2.091412162780761719e+01
2.105369758605957031e+01
2.133411407470703125e+01
2.070995712280273438e+01
2.049517059326171875e+01
2.008164787292480469e+01
2.031695365905761719e+01
1.974137878417968750e+01
1.973128509521484375e+01
1.937826156616210938e+01
1.900596427917480469e+01
1.917376327514648438e+01
1.895372581481933594e+01
1.863675498962402344e+01
1.836865615844726562e+01
1.814304733276367188e+01
1.810522270202636719e+01
1.779953193664550781e+01
1.785591506958007812e+01
1.741152191162109375e+01
1.741138648986816406e+01
1.710471153259277344e+01
1.743388557434082031e+01
1.741099166870117188e+01
1.704211616516113281e+01
1.673428153991699219e+01
1.696410560607910156e+01
1.714605522155761719e+01
1.665717124938964844e+01
1.646571922302246094e+01
1.656955718994140625e+01
1.665347290039062500e+01
1.652946472167968750e+01
1.655962181091308594e+01
1.635207557678222656e+01
1.624238395690917969e+01
1.631310844421386719e+01
1.592687129974365234e+01
1.610109138488769531e+01
1.641170883178710938e+01
1.649701118469238281e+01
1.628921127319335938e+01
1.623100471496582031e+01
1.634549713134765625e+01
1.594117832183837891e+01
1.575296401977539062e+01
1.606146049499511719e+01
1.556036949157714844e+01
1.579169750213623047e+01
1.550156593322753906e+01
1.579610919952392578e+01
1.593735313415527344e+01
1.573276996612548828e+01
1.577275943756103516e+01
1.591090774536132812e+01
1.588513660430908203e+01
1.571152687072753906e+01
1.575702476501464844e+01
1.537137985229492188e+01
1.581200981140136719e+01
1.542579078674316406e+01
1.530163478851318359e+01
1.556854534149169922e+01
1.561503791809082031e+01
1.552947139739990234e+01
1.562655830383300781e+01
1.539710712432861328e+01
1.571277713775634766e+01
1.557006835937500000e+01
1.569949245452880859e+01
1.547948741912841797e+01
1.565599060058593750e+01
1.585866069793701172e+01
1.577714729309082031e+01
1.564846897125244141e+01
1.588606929779052734e+01
1.598379516601562500e+01
1.601912307739257812e+01
1.590424251556396484e+01
1.627869606018066406e+01
1.600282478332519531e+01
1.600085258483886719e+01
1.613185691833496094e+01
1.615557289123535156e+01
1.648667144775390625e+01
1.632232093811035156e+01
1.648624038696289062e+01
1.631150817871093750e+01
1.645861053466796875e+01
1.637759208679199219e+01
1.623538017272949219e+01
1.636434173583984375e+01
1.646436882019042969e+01
1.634791755676269531e+01
1.670392608642578125e+01
1.678970718383789062e+01
1.687849998474121094e+01
1.700600814819335938e+01
1.712750816345214844e+01
1.717449569702148438e+01
1.705692672729492188e+01
1.738729286193847656e+01
1.736451339721679688e+01
1.737422561645507812e+01
1.756064987182617188e+01
1.750317955017089844e+01
1.760178184509277344e+01
1.777841567993164062e+01
1.776888275146484375e+01
1.803646087646484375e+01
1.823070716857910156e+01
1.842397689819335938e+01
1.879983520507812500e+01
1.880199623107910156e+01
1.889569854736328125e+01
1.865402984619140625e+01
1.881831550598144531e+01
1.897315216064453125e+01
1.907122230529785156e+01
1.929545402526855469e+01
1.910978698730468750e+01
1.945802116394042969e+01
1.964667129516601562e+01
1.958520698547363281e+01
1.961335563659667969e+01
2.016119194030761719e+01
1.974797248840332031e+01
2.002853965759277344e+01
2.022836685180664062e+01
2.007687187194824219e+01
2.041204452514648438e+01
2.040098762512207031e+01
2.060301208496093750e+01
2.045978164672851562e+01
2.089452362060546875e+01
2.063253211975097656e+01
2.075520324707031250e+01
2.070389366149902344e+01
2.058100128173828125e+01
2.096186447143554688e+01
2.135985374450683594e+01
2.169762420654296875e+01
2.144235992431640625e+01
2.131549644470214844e+01
2.160607528686523438e+01
2.184666061401367188e+01
2.167112922668457031e+01
2.230286979675292969e+01
2.183989524841308594e+01
2.222584533691406250e+01
2.248028182983398438e+01
2.243783950805664062e+01
2.238364982604980469e+01
2.216923522949218750e+01
2.265953254699707031e+01
2.249072265625000000e+01
2.240586662292480469e+01
2.237749671936035156e+01
2.230927276611328125e+01
2.241441535949707031e+01
2.228215217590332031e+01
2.260458946228027344e+01
2.250728607177734375e+01
2.282207489013671875e+01
2.275713157653808594e+01
2.281860160827636719e+01
2.291971969604492188e+01
2.260858535766601562e+01
2.278932380676269531e+01
2.224977302551269531e+01
2.262694168090820312e+01
2.310626602172851562e+01
2.336718559265136719e+01
2.344362068176269531e+01
2.321149444580078125e+01
2.335995674133300781e+01
2.362438201904296875e+01
2.335539054870605469e+01
2.386507225036621094e+01
2.378648376464843750e+01
2.418153762817382812e+01
2.378651237487792969e+01
2.354477310180664062e+01
2.391607475280761719e+01
2.410170745849609375e+01
2.431033897399902344e+01
2.403427696228027344e+01
2.378744125366210938e+01
2.403141593933105469e+01
2.477494812011718750e+01
2.428164482116699219e+01
2.426400756835937500e+01
2.419660949707031250e+01
2.421355819702148438e+01
2.437944221496582031e+01
2.447981452941894531e+01
2.456178092956542969e+01
2.493503570556640625e+01
2.497660636901855469e+01
2.496428298950195312e+01
2.559803962707519531e+01
2.548700332641601562e+01
2.555589103698730469e+01
2.564971160888671875e+01
2.623374557495117188e+01
2.636700820922851562e+01
2.636701774597167969e+01
2.654677391052246094e+01
2.650212860107421875e+01
2.592538452148437500e+01
2.630968666076660156e+01
2.677922821044921875e+01
2.681773376464843750e+01
2.754479217529296875e+01
2.735123634338378906e+01
2.744035530090332031e+01
2.810272979736328125e+01
2.787533187866210938e+01
2.786026191711425781e+01
2.796914863586425781e+01
2.796316337585449219e+01
2.784401512145996094e+01
2.732753753662109375e+01
2.786776161193847656e+01
2.792749404907226562e+01
2.851339530944824219e+01
2.824017524719238281e+01
2.819492340087890625e+01
2.838480377197265625e+01
2.868784332275390625e+01
2.902685928344726562e+01
2.908768463134765625e+01
2.902887535095214844e+01
2.888465118408203125e+01
2.940892601013183594e+01
2.890885543823242188e+01
2.969372749328613281e+01
2.986487960815429688e+01
2.915125465393066406e+01
2.979718780517578125e+01
2.933335494995117188e+01
2.993965530395507812e+01
2.955942153930664062e+01
2.974487113952636719e+01
2.972628211975097656e+01
2.956624984741210938e+01
2.966264343261718750e+01
2.928632354736328125e+01
2.943976402282714844e+01
2.971061706542968750e+01
2.995434379577636719e+01
3.004856109619140625e+01
3.037252426147460938e+01
3.060748672485351562e+01
3.063451004028320312e+01
3.067705917358398438e+01
3.115887451171875000e+01
3.095820617675781250e+01
3.100671005249023438e+01
3.126736259460449219e+01
3.127987480163574219e+01
3.185018730163574219e+01
3.219527053833007812e+01
3.214312362670898438e+01
3.265445327758789062e+01
3.246407699584960938e+01
3.199884796142578125e+01
3.213881301879882812e+01
3.231775665283203125e+01
3.314448547363281250e+01
3.305497741699218750e+01
3.309104537963867188e+01
3.360374069213867188e+01
3.331614303588867188e+01
3.443595123291015625e+01
3.433315658569335938e+01
3.435373687744140625e+01
3.494878005981445312e+01
3.517266082763671875e+01
3.570481109619140625e+01
3.601617813110351562e+01
3.536708450317382812e+01
3.580044555664062500e+01
3.600778198242187500e+01
3.561807632446289062e+01
3.641764831542968750e+01
3.671171951293945312e+01
3.691911697387695312e+01
3.701055145263671875e+01
3.778113174438476562e+01
3.834590530395507812e+01
3.796245193481445312e+01
3.791349029541015625e+01
3.837781906127929688e+01
3.854058456420898438e+01
3.879745483398437500e+01
3.859177398681640625e+01
3.894578170776367188e+01
3.924341583251953125e+01
3.941731262207031250e+01
4.034677505493164062e+01
3.940851593017578125e+01
3.856048583984375000e+01
3.929278564453125000e+01
3.991264724731445312e+01
4.078804779052734375e+01
4.078384399414062500e+01
4.046796798706054688e+01
4.114931869506835938e+01
4.163898468017578125e+01
4.293861007690429688e+01
4.234438323974609375e+01
4.166522598266601562e+01
4.288180541992187500e+01
4.209263992309570312e+01
4.227174377441406250e+01
4.287877273559570312e+01
4.379589462280273438e+01
4.302990722656250000e+01
4.412446212768554688e+01
4.364878082275390625e+01
4.485535049438476562e+01
4.517062377929687500e+01
4.577745437622070312e+01
4.457852172851562500e+01
4.507921981811523438e+01
4.531916809082031250e+01
4.498389816284179688e+01
4.497872924804687500e+01
4.540189743041992188e+01
4.533262634277343750e+01
4.592269134521484375e+01
4.572611618041992188e+01
4.668350601196289062e+01
4.652790451049804688e+01
4.710604095458984375e+01
4.736788558959960938e+01
4.785397720336914062e+01
4.787314224243164062e+01
4.814284515380859375e+01
4.910744476318359375e+01
4.962168884277343750e+01
4.984092330932617188e+01
4.983168029785156250e+01
4.959259414672851562e+01
4.949312210083007812e+01
5.177462387084960938e+01
5.031575012207031250e+01
5.069927597045898438e+01
5.167663955688476562e+01
5.173131179809570312e+01
5.250785827636718750e+01
5.237295532226562500e+01
5.271079635620117188e+01
5.336783599853515625e+01
5.360797500610351562e+01
5.330508041381835938e+01
5.399411392211914062e+01
5.459710693359375000e+01
5.453764724731445312e+01
5.442738342285156250e+01
5.489574432373046875e+01
5.427794265747070312e+01
5.581296157836914062e+01
5.603469467163085938e+01
5.611507415771484375e+01
5.722478866577148438e+01
5.651493835449218750e+01
5.785142898559570312e+01
5.678932952880859375e+01
5.733017349243164062e+01
5.678588485717773438e+01
5.609880447387695312e+01
5.747142410278320312e+01
5.723540878295898438e+01
5.764292144775390625e+01
5.752086257934570312e+01
5.803306198120117188e+01
5.863873672485351562e+01
5.918389511108398438e+01
5.889846420288085938e+01
6.051889038085937500e+01
5.957877731323242188e+01
6.045583724975585938e+01
5.993292999267578125e+01
6.007688140869140625e+01
6.083092880249023438e+01
6.060049819946289062e+01
6.004061126708984375e+01
6.022917175292968750e+01
6.064334869384765625e+01
6.021146392822265625e+01
6.126763153076171875e+01
6.137564849853515625e+01
6.030043792724609375e+01
6.078778839111328125e+01
6.249900817871093750e+01
6.117002105712890625e+01
6.091496276855468750e+01
6.214145278930664062e+01
6.277634429931640625e+01
6.174899291992187500e+01
6.238895034790039062e+01
6.288541793823242188e+01
6.312077713012695312e+01
6.135376358032226562e+01
6.177915191650390625e+01
6.114179229736328125e+01
6.252810287475585938e+01
6.408563232421875000e+01
6.305988693237304688e+01
6.436839294433593750e+01
6.498121643066406250e+01
6.585676574707031250e+01
6.446566772460937500e+01
6.405244445800781250e+01
6.486492919921875000e+01
6.529695129394531250e+01
6.545632934570312500e+01
6.497150421142578125e+01
6.631902313232421875e+01
6.682220458984375000e+01
6.704177093505859375e+01
6.618367004394531250e+01
6.711345672607421875e+01
6.795555877685546875e+01
6.840137481689453125e+01
6.805158996582031250e+01
6.814806365966796875e+01
6.710128784179687500e+01
6.814268493652343750e+01
6.743442535400390625e+01
6.788759613037109375e+01
6.823197937011718750e+01
6.929504394531250000e+01
7.041039276123046875e+01
6.935767364501953125e+01
6.966343688964843750e+01
6.953812408447265625e+01
6.897581481933593750e+01
6.971622467041015625e+01
7.102543640136718750e+01
7.133213806152343750e+01
7.275372314453125000e+01
7.157665252685546875e+01
7.313050079345703125e+01
7.285579681396484375e+01
7.353403472900390625e+01
7.474591064453125000e+01
7.475207519531250000e+01
7.395959472656250000e+01
7.566183471679687500e+01
7.482193756103515625e+01
7.510727691650390625e+01
7.551818847656250000e+01
7.793360137939453125e+01
7.760198211669921875e+01
7.855818939208984375e+01
7.792109680175781250e+01
7.821146392822265625e+01
7.748726654052734375e+01
7.700232696533203125e+01
7.714002990722656250e+01
7.763063812255859375e+01
7.743400573730468750e+01
7.651509094238281250e+01
7.674462127685546875e+01
7.706511688232421875e+01
7.700760650634765625e+01
7.863150787353515625e+01
7.766220855712890625e+01
7.896788787841796875e+01
7.814804840087890625e+01
7.879599761962890625e+01
7.810212707519531250e+01
7.813074493408203125e+01
7.872747039794921875e+01
7.778143310546875000e+01
7.858705139160156250e+01
7.837651824951171875e+01
7.907527160644531250e+01
8.031915283203125000e+01
7.944252777099609375e+01
7.964199829101562500e+01
7.892858123779296875e+01
7.849343872070312500e+01
7.793417358398437500e+01
7.846289825439453125e+01
7.737571716308593750e+01
7.786401367187500000e+01
7.779798126220703125e+01
7.835980987548828125e+01
7.933232116699218750e+01
8.009709167480468750e+01
7.836577606201171875e+01
8.001345062255859375e+01
7.940067291259765625e+01
7.882084655761718750e+01
8.133941650390625000e+01
8.090457916259765625e+01
7.999929809570312500e+01
7.979165649414062500e+01
8.137931060791015625e+01
8.231614685058593750e+01
8.259323883056640625e+01
8.277662658691406250e+01
8.244766235351562500e+01
8.372180175781250000e+01
8.387876892089843750e+01
8.259251403808593750e+01
8.335520935058593750e+01
8.340098571777343750e+01
8.290087127685546875e+01
8.376803588867187500e+01
8.349549102783203125e+01
8.369139099121093750e+01
8.130345153808593750e+01
8.187310791015625000e+01
8.166481018066406250e+01
8.064274597167968750e+01
8.167528533935546875e+01
8.289926910400390625e+01
8.258265686035156250e+01
8.300062561035156250e+01
8.179656219482421875e+01
8.257448577880859375e+01
8.325781250000000000e+01
8.167929840087890625e+01
8.247821807861328125e+01
8.166470336914062500e+01
8.155055999755859375e+01
8.192658996582031250e+01
8.166983032226562500e+01
8.080822753906250000e+01
8.075726318359375000e+01
8.230052947998046875e+01
8.239266967773437500e+01
8.200263977050781250e+01
8.270920562744140625e+01
8.221984863281250000e+01
8.303125000000000000e+01
8.275904846191406250e+01
8.263695526123046875e+01
8.193995666503906250e+01
8.239913940429687500e+01
8.362062835693359375e+01
8.331855010986328125e+01
8.167890167236328125e+01
8.326681518554687500e+01
8.279337310791015625e+01
8.440879058837890625e+01
8.387080383300781250e+01
8.278470611572265625e+01
8.321023559570312500e+01
8.327826690673828125e+01
8.368692016601562500e+01
8.269495391845703125e+01
8.385459899902343750e+01
8.288466644287109375e+01
8.408077239990234375e+01
8.291574859619140625e+01
8.389754486083984375e+01
8.246457672119140625e+01
8.386911010742187500e+01
8.300965881347656250e+01
8.271083831787109375e+01
8.403523254394531250e+01
8.401387786865234375e+01
8.562789916992187500e+01
8.408551025390625000e+01
8.344726562500000000e+01
8.246082305908203125e+01
8.297488403320312500e+01
8.241355895996093750e+01
8.213410186767578125e+01
8.212021636962890625e+01
8.191416931152343750e+01
8.237527465820312500e+01
8.232575988769531250e+01
8.354798126220703125e+01
8.298881530761718750e+01
8.214431762695312500e+01
8.329423522949218750e+01
8.291722106933593750e+01
8.311107635498046875e+01
8.243933105468750000e+01
8.208471679687500000e+01
8.231017303466796875e+01
8.278142547607421875e+01
8.318836975097656250e+01
8.427856445312500000e+01
8.385038757324218750e+01
8.339810180664062500e+01
8.500101470947265625e+01
8.636537170410156250e+01
8.599163818359375000e+01
8.502664184570312500e+01
8.510932159423828125e+01
8.644406127929687500e+01
8.579297637939453125e+01
8.509251403808593750e+01
8.506011199951171875e+01
8.490967559814453125e+01
8.421721649169921875e+01
8.400668334960937500e+01
8.486435699462890625e+01
8.625900268554687500e+01
8.572011566162109375e+01
8.485053253173828125e+01
8.490198516845703125e+01
8.555957794189453125e+01
8.868356323242187500e+01
8.821073150634765625e+01
8.763846588134765625e+01
8.824208068847656250e+01
8.742959594726562500e+01
8.739511871337890625e+01
8.826207733154296875e+01
8.740012359619140625e+01
8.801553344726562500e+01
8.747351837158203125e+01
8.755255889892578125e+01
8.768937683105468750e+01
8.636663055419921875e+01
8.566908264160156250e+01
8.606280517578125000e+01
8.773239135742187500e+01
8.841688537597656250e+01
8.966439056396484375e+01
8.961867523193359375e+01
8.984947204589843750e+01
9.107278442382812500e+01
9.078034973144531250e+01
9.115416717529296875e+01
9.171285247802734375e+01
9.006284332275390625e+01
8.836723327636718750e+01
8.775684356689453125e+01
8.897410583496093750e+01
9.222226715087890625e+01
9.035169982910156250e+01
9.055390930175781250e+01
8.927606964111328125e+01
9.024431610107421875e+01
9.268791961669921875e+01
9.099411773681640625e+01
9.292794036865234375e+01
9.368984222412109375e+01
9.354979705810546875e+01
9.157225036621093750e+01
9.235571289062500000e+01
9.240785980224609375e+01
9.223706054687500000e+01
9.222988128662109375e+01
9.128910064697265625e+01
9.240020751953125000e+01
8.990139770507812500e+01
9.083551788330078125e+01
9.023373413085937500e+01
9.053774261474609375e+01
9.202628326416015625e+01
9.059582519531250000e+01
9.171384429931640625e+01
9.093827819824218750e+01
9.144395446777343750e+01
8.894680786132812500e+01
8.880757904052734375e+01
8.934856414794921875e+01
8.976911163330078125e+01
8.914028167724609375e+01
8.824773406982421875e+01
8.756487274169921875e+01
8.786985778808593750e+01
8.888184356689453125e+01
8.982513427734375000e+01
8.963121032714843750e+01
8.848718261718750000e+01
8.885124969482421875e+01
8.984976196289062500e+01
9.091671752929687500e+01
9.088269042968750000e+01
9.014449310302734375e+01
9.039071655273437500e+01
9.166643524169921875e+01
9.245552825927734375e+01
9.225547790527343750e+01
9.054119110107421875e+01
9.260424041748046875e+01
9.008987426757812500e+01
9.085872650146484375e+01
9.128472137451171875e+01
9.010884094238281250e+01
9.178515625000000000e+01
9.097748565673828125e+01
9.232379150390625000e+01
8.852554321289062500e+01
8.957739257812500000e+01
8.963749694824218750e+01
9.087907409667968750e+01
8.891533660888671875e+01
9.151237487792968750e+01
9.152528381347656250e+01
9.109133148193359375e+01
9.041828918457031250e+01
9.064362335205078125e+01
9.256481170654296875e+01
9.257707977294921875e+01
9.483609008789062500e+01
9.311547851562500000e+01
9.660194396972656250e+01
9.449375152587890625e+01
9.464205169677734375e+01
9.482701110839843750e+01
9.564870452880859375e+01
9.572001647949218750e+01
9.666262817382812500e+01
9.551044464111328125e+01
9.545459747314453125e+01
9.475223541259765625e+01
9.535713958740234375e+01
9.507145690917968750e+01
9.310552978515625000e+01
9.266984558105468750e+01
9.227954864501953125e+01
9.307849884033203125e+01
9.305287170410156250e+01
9.388200378417968750e+01
9.347182464599609375e+01
9.435266876220703125e+01
9.485317230224609375e+01
9.576189422607421875e+01
9.597047424316406250e+01
9.533779907226562500e+01
9.497886657714843750e+01
9.586920166015625000e+01
9.599333953857421875e+01
9.576398468017578125e+01
9.568640899658203125e+01
9.490673065185546875e+01
9.638743591308593750e+01
9.694036102294921875e+01
9.977907562255859375e+01
9.986665344238281250e+01
1.007995376586914062e+02
1.032430572509765625e+02
1.007309875488281250e+02
1.029480209350585938e+02
1.026749343872070312e+02
1.018420486450195312e+02
1.030812988281250000e+02
1.029675140380859375e+02
1.024666213989257812e+02
1.048628005981445312e+02
1.047141571044921875e+02
1.058646392822265625e+02
1.062358551025390625e+02
1.070009231567382812e+02
1.055635375976562500e+02
1.055672683715820312e+02
1.032960815429687500e+02
1.046705398559570312e+02
1.038831863403320312e+02
1.051512985229492188e+02
1.052936477661132812e+02
1.055980606079101562e+02
1.041510925292968750e+02
1.058120803833007812e+02
1.079152450561523438e+02
1.066819686889648438e+02
1.073254928588867188e+02
1.067335052490234375e+02
1.065100021362304688e+02
1.062991867065429688e+02
1.069491958618164062e+02
1.062066955566406250e+02
1.082004852294921875e+02
1.076779861450195312e+02
1.077834243774414062e+02
1.088097534179687500e+02
1.076517028808593750e+02
1.075513305664062500e+02
1.075187377929687500e+02
1.071855163574218750e+02
1.060267105102539062e+02
1.063640060424804688e+02
1.059573974609375000e+02
1.069117202758789062e+02
1.063042602539062500e+02
1.064764785766601562e+02
1.091092071533203125e+02
1.081808319091796875e+02
1.091716384887695312e+02
1.105950622558593750e+02
1.093246078491210938e+02
1.086290817260742188e+02
1.083682937622070312e+02
1.097599487304687500e+02
1.102649459838867188e+02
1.090026092529296875e+02
1.071675186157226562e+02
1.092376785278320312e+02
1.070778656005859375e+02
1.087785797119140625e+02
1.062600631713867188e+02
1.057047119140625000e+02
1.058407974243164062e+02
1.088747482299804688e+02
1.068442459106445312e+02
1.066543273925781250e+02
1.065019454956054688e+02
1.068361053466796875e+02
1.068059844970703125e+02
1.067056121826171875e+02
1.055447769165039062e+02
1.080861358642578125e+02
1.075039062500000000e+02
1.078009490966796875e+02
1.079805755615234375e+02
1.060602035522460938e+02
1.087328186035156250e+02
1.083597640991210938e+02
1.099514846801757812e+02
1.095992813110351562e+02
1.087663421630859375e+02
1.090436553955078125e+02
1.072537536621093750e+02
1.069800949096679688e+02
1.059683456420898438e+02
1.064948806762695312e+02
1.047002792358398438e+02
1.068006744384765625e+02
1.080223312377929688e+02
1.080981826782226562e+02
1.079799652099609375e+02
1.077295608520507812e+02
1.068267593383789062e+02
1.067145080566406250e+02
1.058116760253906250e+02
1.060958404541015625e+02
1.056067504882812500e+02
1.074360656738281250e+02
1.059671554565429688e+02
1.055741195678710938e+02
1.056960678100585938e+02
1.046960449218750000e+02
1.046487274169921875e+02
1.052570571899414062e+02
1.047600708007812500e+02
1.051279373168945312e+02
1.058276062011718750e+02
1.045216674804687500e+02
1.053088455200195312e+02
1.043573455810546875e+02
1.038759613037109375e+02
1.034375762939453125e+02
1.023845901489257812e+02
1.022002792358398438e+02
1.034027328491210938e+02
1.022814865112304688e+02
1.016727676391601562e+02
1.028113327026367188e+02
1.033318786621093750e+02
1.019798736572265625e+02
1.024350662231445312e+02
1.002895278930664062e+02
1.023628463745117188e+02
1.028551712036132812e+02
1.037818298339843750e+02
1.035346908569335938e+02
1.028085632324218750e+02
1.035256881713867188e+02
1.028614273071289062e+02
1.056438064575195312e+02
1.040042114257812500e+02
1.048589401245117188e+02
1.043318939208984375e+02
1.043009948730468750e+02
1.056042785644531250e+02
1.045126419067382812e+02
1.037473449707031250e+02
1.043187789916992188e+02
1.049240036010742188e+02
1.069263381958007812e+02
1.060599517822265625e+02
1.072683029174804688e+02
1.076845016479492188e+02
1.065124206542968750e+02
1.076094589233398438e+02
1.074078292846679688e+02
1.071645431518554688e+02
1.089922332763671875e+02
1.094963760375976562e+02
1.078898849487304688e+02
1.081831283569335938e+02
1.093854598999023438e+02
1.093022994995117188e+02
1.103198699951171875e+02
1.096103897094726562e+02
1.099948883056640625e+02
1.093526840209960938e+02
1.082531890869140625e+02
1.077074508666992188e+02
1.065032348632812500e+02
1.062190780639648438e+02
1.060677947998046875e+02
1.060390625000000000e+02
1.057736129760742188e+02
1.062095184326171875e+02
1.046692428588867188e+02
1.048700332641601562e+02
1.019352035522460938e+02
1.012950210571289062e+02
1.026640319824218750e+02
1.023405456542968750e+02
1.011718292236328125e+02
1.013605270385742188e+02
1.007399520874023438e+02
1.024810180664062500e+02
1.030214843750000000e+02
1.040591735839843750e+02
1.024481735229492188e+02
1.033409347534179688e+02
1.030428543090820312e+02
1.041647338867187500e+02
1.035545883178710938e+02
1.039550933837890625e+02
1.042506103515625000e+02
1.025866241455078125e+02
1.046738433837890625e+02
1.052299575805664062e+02
1.048724212646484375e+02
1.067459259033203125e+02
1.061995773315429688e+02
1.059639358520507812e+02
1.053852005004882812e+02
1.071806716918945312e+02
1.068126144409179688e+02
1.064108581542968750e+02
1.050499877929687500e+02
1.046304702758789062e+02
1.072895584106445312e+02
1.060229721069335938e+02
1.085319976806640625e+02
1.072048416137695312e+02
1.071305160522460938e+02
1.066577682495117188e+02
1.082858734130859375e+02
1.086904983520507812e+02
1.083889694213867188e+02
1.092194366455078125e+02
1.082947921752929688e+02
1.095839538574218750e+02
1.089352645874023438e+02
1.099194488525390625e+02
1.099195709228515625e+02
1.109233551025390625e+02
1.115770034790039062e+02
1.107912826538085938e+02
1.084713745117187500e+02
1.092595291137695312e+02
1.099743423461914062e+02
1.112883758544921875e+02
1.111420059204101562e+02
1.094947662353515625e+02
1.105683364868164062e+02
1.112245635986328125e+02
1.125873107910156250e+02
1.126749038696289062e+02
1.150089340209960938e+02
1.132076568603515625e+02
1.152230148315429688e+02
1.146087341308593750e+02
1.129863891601562500e+02
1.170312576293945312e+02
1.178481597900390625e+02
1.153542175292968750e+02
1.159012222290039062e+02
1.149456329345703125e+02
1.153226394653320312e+02
1.166075744628906250e+02
1.168076400756835938e+02
1.181317825317382812e+02
1.172528686523437500e+02
1.169207534790039062e+02
1.153138198852539062e+02
1.163151168823242188e+02
1.180726547241210938e+02
1.188160858154296875e+02
1.187986526489257812e+02
1.189440765380859375e+02
1.169634628295898438e+02
1.170932693481445312e+02
1.182992935180664062e+02
1.146265945434570312e+02
1.170332794189453125e+02
1.175011291503906250e+02
1.178312530517578125e+02
1.147503585815429688e+02
1.151899337768554688e+02
1.160557098388671875e+02
1.173960800170898438e+02
1.152954406738281250e+02
1.144031219482421875e+02
1.128364028930664062e+02
1.113352966308593750e+02
1.110167160034179688e+02
1.094876403808593750e+02
1.100813140869140625e+02
1.079441299438476562e+02
1.094166030883789062e+02
1.080376434326171875e+02
1.074865188598632812e+02
1.101163787841796875e+02
1.070898590087890625e+02
1.066411056518554688e+02
1.045349197387695312e+02
1.049325180053710938e+02
1.048117218017578125e+02
1.044777984619140625e+02
1.057963638305664062e+02
1.040930480957031250e+02
1.022240371704101562e+02
1.045807647705078125e+02
1.042220001220703125e+02
1.044150390625000000e+02
1.012224121093750000e+02
1.019515609741210938e+02
9.954834747314453125e+01
9.993851470947265625e+01
9.937270355224609375e+01
9.945837402343750000e+01
9.810353088378906250e+01
9.760093688964843750e+01
9.655136108398437500e+01
9.684410095214843750e+01
9.643643951416015625e+01
9.643894958496093750e+01
9.797960662841796875e+01
9.588453674316406250e+01
9.643966674804687500e+01
9.676219177246093750e+01
9.499309539794921875e+01
9.450139617919921875e+01
9.493792724609375000e+01
9.250148010253906250e+01
9.424275207519531250e+01
9.249456024169921875e+01
9.142859649658203125e+01
9.079089355468750000e+01
8.985050201416015625e+01
8.964048767089843750e+01
8.977311706542968750e+01
9.027940368652343750e+01
9.053710937500000000e+01
9.248537445068359375e+01
9.151930999755859375e+01
9.274038696289062500e+01
9.153118133544921875e+01
9.207270050048828125e+01
9.245380401611328125e+01
9.107985687255859375e+01
9.089132690429687500e+01
9.297757720947265625e+01
9.123297119140625000e+01
9.167790985107421875e+01
9.102298736572265625e+01
9.110594177246093750e+01
9.160733795166015625e+01
8.938604736328125000e+01
9.082445526123046875e+01
8.984304046630859375e+01
8.941313934326171875e+01
9.072016906738281250e+01
8.972364807128906250e+01
8.816616058349609375e+01
8.924020385742187500e+01
8.919106292724609375e+01
8.835176849365234375e+01
8.801509094238281250e+01
8.825724792480468750e+01
8.793496704101562500e+01
8.851679229736328125e+01
9.075245666503906250e+01
8.918103027343750000e+01
8.950221252441406250e+01
9.049822235107421875e+01
8.839260864257812500e+01
8.828269958496093750e+01
8.939804077148437500e+01
8.749236297607421875e+01
8.687234497070312500e+01
8.852082061767578125e+01
8.871545410156250000e+01
8.830001831054687500e+01
8.902139282226562500e+01
8.956601715087890625e+01
8.908811187744140625e+01
8.876161193847656250e+01
9.046556854248046875e+01
9.044292449951171875e+01
9.111556243896484375e+01
9.098964691162109375e+01
9.110121917724609375e+01
9.158197021484375000e+01
9.159227752685546875e+01
9.098378753662109375e+01
9.087519073486328125e+01
9.033384704589843750e+01
9.141620635986328125e+01
9.157521057128906250e+01
9.100672149658203125e+01
9.212313079833984375e+01
9.225173187255859375e+01
9.252668762207031250e+01
9.210184478759765625e+01
9.231360626220703125e+01
9.363188171386718750e+01
9.252098083496093750e+01
9.348404693603515625e+01
9.289180755615234375e+01
9.414353179931640625e+01
9.483635711669921875e+01
9.328627777099609375e+01
9.437429809570312500e+01
9.317814636230468750e+01
9.513755035400390625e+01
9.419627380371093750e+01
9.419007873535156250e+01
9.377388763427734375e+01
9.466001892089843750e+01
9.332807922363281250e+01
9.311292266845703125e+01
9.293897247314453125e+01
9.486976623535156250e+01
9.363287353515625000e+01
9.514382934570312500e+01
9.480987548828125000e+01
9.389527893066406250e+01
9.557298278808593750e+01
9.492279815673828125e+01
9.501463317871093750e+01
9.546430206298828125e+01
9.482876586914062500e+01
9.485922241210937500e+01
9.387635803222656250e+01
9.333018493652343750e+01
9.343197631835937500e+01
9.439886474609375000e+01
9.317536163330078125e+01
9.534918212890625000e+01
9.501064300537109375e+01
9.478595733642578125e+01
9.495838928222656250e+01
9.587219238281250000e+01
9.551132965087890625e+01
9.495090484619140625e+01
9.484437561035156250e+01
9.442144012451171875e+01
9.465689849853515625e+01
9.716409301757812500e+01
9.436396789550781250e+01
9.565966033935546875e+01
9.570158386230468750e+01
9.566081237792968750e+01
9.486325836181640625e+01
9.695820617675781250e+01
9.687202453613281250e+01
9.691482543945312500e+01
9.732976531982421875e+01
9.694431304931640625e+01
9.672059631347656250e+01
9.785266113281250000e+01
9.630914306640625000e+01
9.834663391113281250e+01
9.710618591308593750e+01
9.689772033691406250e+01
9.607985687255859375e+01
9.689312744140625000e+01
9.555813598632812500e+01
9.830300903320312500e+01
9.828221893310546875e+01
9.806954956054687500e+01
9.949201202392578125e+01
9.837246704101562500e+01
9.850757598876953125e+01
9.797537231445312500e+01
9.774234008789062500e+01
9.707122039794921875e+01
9.746008300781250000e+01
9.774910736083984375e+01
9.790441131591796875e+01
9.669040679931640625e+01
9.739220428466796875e+01
9.742436981201171875e+01
9.730650329589843750e+01
9.692701721191406250e+01
9.704096984863281250e+01
9.796202850341796875e+01
9.616984558105468750e+01
9.785132598876953125e+01
9.579337310791015625e+01
9.648117828369140625e+01
9.721524810791015625e+01
9.899201202392578125e+01
9.697937774658203125e+01
9.675272369384765625e+01
9.898233795166015625e+01
9.799530029296875000e+01
9.701477813720703125e+01
9.920008087158203125e+01
9.671742248535156250e+01
9.819098663330078125e+01
9.688598632812500000e+01
9.876423645019531250e+01
9.701598358154296875e+01
9.697410583496093750e+01
9.711831665039062500e+01
9.908302307128906250e+01
9.848088836669921875e+01
9.869020843505859375e+01
9.840719604492187500e+01
9.871099090576171875e+01
9.745726776123046875e+01
9.859786224365234375e+01
9.898659515380859375e+01
9.879225921630859375e+01
9.725372314453125000e+01
9.653775787353515625e+01
9.609260559082031250e+01
9.636817932128906250e+01
9.665238952636718750e+01
9.758698272705078125e+01
9.602030181884765625e+01
9.599562835693359375e+01
9.537567138671875000e+01
9.597106170654296875e+01
9.599988555908203125e+01
9.479383087158203125e+01
9.312898254394531250e+01
9.247739410400390625e+01
9.325362396240234375e+01
9.451095581054687500e+01
9.262330627441406250e+01
9.269789123535156250e+01
9.174740600585937500e+01
9.285701751708984375e+01
8.990688323974609375e+01
8.951854705810546875e+01
8.898712158203125000e+01
9.098753356933593750e+01
8.872142791748046875e+01
8.851064300537109375e+01
8.944097137451171875e+01
8.967073059082031250e+01
8.996086120605468750e+01
8.933327484130859375e+01
9.011736297607421875e+01
9.010292816162109375e+01
8.925076293945312500e+01
8.893885040283203125e+01
8.863728332519531250e+01
8.896150970458984375e+01
9.021470642089843750e+01
8.911134338378906250e+01
9.024285888671875000e+01
9.077832031250000000e+01
9.094562530517578125e+01
8.948370361328125000e+01
9.194809722900390625e+01
9.068519592285156250e+01
9.085942077636718750e+01
8.996473693847656250e+01
9.063096618652343750e+01
9.019773101806640625e+01
9.245989227294921875e+01
8.998029327392578125e+01
9.003952789306640625e+01
9.001335906982421875e+01
8.992481231689453125e+01
8.921829986572265625e+01
9.028097534179687500e+01
8.985947418212890625e+01
8.886722564697265625e+01
9.012368774414062500e+01
8.921004486083984375e+01
8.949607086181640625e+01
9.090840911865234375e+01
8.943867492675781250e+01
8.915875244140625000e+01
8.964143371582031250e+01
8.973215484619140625e+01
8.965683746337890625e+01
8.949929809570312500e+01
8.922878265380859375e+01
8.864018249511718750e+01
8.786032104492187500e+01
8.747479248046875000e+01
8.830288696289062500e+01
8.825501251220703125e+01
8.938742828369140625e+01
8.827987670898437500e+01
8.720876312255859375e+01
8.645368957519531250e+01
8.668931579589843750e+01
8.656175231933593750e+01
8.583453369140625000e+01
8.577401733398437500e+01
8.578973388671875000e+01
8.430925750732421875e+01
8.533493804931640625e+01
8.505393981933593750e+01
8.564770507812500000e+01
8.542160797119140625e+01
8.375431060791015625e+01
8.407430267333984375e+01
8.511962127685546875e+01
8.454441833496093750e+01
8.370332336425781250e+01
8.514473724365234375e+01
8.360279846191406250e+01
8.424675750732421875e+01
8.397170257568359375e+01
8.395482635498046875e+01
8.392743682861328125e+01
8.344499969482421875e+01
8.207487487792968750e+01
8.216847229003906250e+01
8.165883636474609375e+01
7.940955352783203125e+01
8.121395111083984375e+01
7.997309112548828125e+01
7.923106384277343750e+01
7.974670410156250000e+01
7.975560760498046875e+01
7.880850982666015625e+01
7.877057647705078125e+01
7.899968719482421875e+01
7.827352905273437500e+01
7.866704559326171875e+01
7.850128936767578125e+01
7.737536621093750000e+01
7.764870452880859375e+01
7.899864196777343750e+01
7.780519104003906250e+01
7.622198486328125000e+01
7.721851348876953125e+01
7.697290802001953125e+01
7.687355804443359375e+01
7.767387390136718750e+01
7.720735931396484375e+01
7.735488891601562500e+01
7.799360656738281250e+01
7.737795257568359375e+01
7.686975097656250000e+01
7.621329498291015625e+01
7.708167266845703125e+01
7.751638031005859375e+01
7.727825927734375000e+01
7.825423431396484375e+01
7.794040679931640625e+01
7.870248413085937500e+01
7.763732147216796875e+01
7.820984649658203125e+01
7.713567352294921875e+01
7.771315002441406250e+01
7.577512359619140625e+01
7.642081451416015625e+01
7.573978424072265625e+01
7.559986877441406250e+01
7.694595336914062500e+01
7.652923583984375000e+01
7.647481536865234375e+01
7.623610687255859375e+01
7.745346832275390625e+01
7.744429016113281250e+01
7.732245635986328125e+01
7.635730743408203125e+01
7.705731201171875000e+01
7.749605560302734375e+01
7.947924804687500000e+01
7.821770477294921875e+01
7.785847473144531250e+01
7.813268280029296875e+01
7.757885742187500000e+01
7.840591430664062500e+01
7.707478332519531250e+01
7.656219482421875000e+01
7.714226531982421875e+01
7.550228118896484375e+01
7.545339965820312500e+01
7.560992431640625000e+01
7.539138793945312500e+01
7.357250213623046875e+01
7.433579254150390625e+01
7.450010681152343750e+01
7.388385009765625000e+01
7.398301696777343750e+01
7.419089508056640625e+01
7.508084106445312500e+01
7.447510528564453125e+01
7.498107910156250000e+01
7.411943054199218750e+01
7.616973114013671875e+01
7.561071777343750000e+01
7.514408111572265625e+01
7.545126342773437500e+01
7.620021820068359375e+01
7.614344787597656250e+01
7.551665496826171875e+01
7.558159637451171875e+01
7.523885345458984375e+01
7.486675262451171875e+01
7.561347198486328125e+01
7.651309204101562500e+01
7.638410949707031250e+01
7.628361511230468750e+01
7.589342498779296875e+01
7.760761260986328125e+01
7.590190887451171875e+01
7.719709777832031250e+01
7.675151824951171875e+01
7.715260314941406250e+01
7.624728393554687500e+01
7.735807800292968750e+01
7.595773315429687500e+01
7.585298156738281250e+01
7.645574951171875000e+01
7.686750030517578125e+01
7.718056488037109375e+01
7.746446228027343750e+01
7.793210601806640625e+01
7.915476226806640625e+01
7.724653625488281250e+01
7.720785522460937500e+01
7.705792236328125000e+01
7.646140289306640625e+01
7.691027069091796875e+01
7.586571502685546875e+01
7.602418518066406250e+01
7.435736083984375000e+01
7.461534118652343750e+01
7.436151123046875000e+01
7.424790954589843750e+01
7.284689331054687500e+01
7.391313934326171875e+01
7.312925720214843750e+01
7.420078277587890625e+01
7.272634124755859375e+01
7.303099060058593750e+01
7.224716949462890625e+01
7.280524444580078125e+01
7.172740173339843750e+01
7.298212432861328125e+01
7.271264648437500000e+01
7.391184234619140625e+01
7.261045074462890625e+01
7.234033966064453125e+01
7.317241668701171875e+01
7.261954498291015625e+01
7.270151519775390625e+01
7.174454498291015625e+01
7.242598724365234375e+01
7.356696319580078125e+01
7.287607574462890625e+01
7.222870635986328125e+01
7.321817016601562500e+01
7.195510864257812500e+01
7.244284057617187500e+01
7.128392028808593750e+01
7.201801300048828125e+01
7.159165954589843750e+01
7.127605438232421875e+01
7.016497039794921875e+01
7.153623962402343750e+01
6.989765167236328125e+01
7.056406402587890625e+01
7.096967315673828125e+01
7.068563842773437500e+01
7.059924316406250000e+01
7.016172027587890625e+01
7.082025146484375000e+01
7.100862121582031250e+01
7.119446563720703125e+01
7.088230895996093750e+01
7.240676116943359375e+01
7.190317535400390625e+01
7.144606781005859375e+01
7.082782745361328125e+01
7.136673736572265625e+01
7.137932586669921875e+01
7.096332550048828125e+01
7.059901428222656250e+01
7.157447814941406250e+01
7.141670227050781250e+01
7.171134948730468750e+01
7.011375427246093750e+01
7.107415771484375000e+01
7.028298950195312500e+01
7.180584716796875000e+01
7.186259460449218750e+01
7.180963897705078125e+01
7.160157775878906250e+01
7.161990356445312500e+01
7.106325531005859375e+01
7.102490997314453125e+01
7.014662933349609375e+01
7.061520385742187500e+01
7.026325988769531250e+01
7.004185485839843750e+01
6.998752593994140625e+01
7.020459747314453125e+01
7.031826782226562500e+01
7.128836822509765625e+01
7.115665435791015625e+01
7.195665740966796875e+01
7.207879638671875000e+01
7.172833251953125000e+01
7.207994842529296875e+01
7.099043273925781250e+01
7.120094299316406250e+01
7.210803222656250000e+01
7.203199005126953125e+01
7.128981018066406250e+01
7.169711303710937500e+01
7.226506805419921875e+01
7.223085784912109375e+01
7.185832214355468750e+01
7.293968200683593750e+01
7.298212432861328125e+01
7.270365905761718750e+01
7.228339385986328125e+01
7.321158599853515625e+01
7.368250274658203125e+01
7.372870635986328125e+01
7.294396972656250000e+01
7.390148162841796875e+01
7.252221679687500000e+01
7.344734954833984375e+01
7.419532012939453125e+01
7.367489624023437500e+01
7.364517974853515625e+01
7.415081787109375000e+01
7.464035797119140625e+01
7.503618621826171875e+01
7.401499938964843750e+01
7.383946990966796875e+01
7.332840728759765625e+01
7.406758117675781250e+01
7.463272094726562500e+01
7.486643981933593750e+01
7.520346832275390625e+01
7.517966461181640625e+01
7.397469329833984375e+01
7.404093170166015625e+01
7.455899047851562500e+01
7.440920257568359375e+01
7.476218414306640625e+01
7.365248107910156250e+01
7.427703094482421875e+01
7.318827819824218750e+01
7.372554779052734375e+01
7.383776855468750000e+01
7.286946105957031250e+01
7.282890319824218750e+01
7.344136047363281250e+01
7.333201599121093750e+01
7.371000671386718750e+01
7.391879272460937500e+01
7.372650146484375000e+01
7.363367462158203125e+01
7.242074584960937500e+01
7.299031066894531250e+01
7.145587158203125000e+01
7.279707336425781250e+01
7.336249542236328125e+01
7.260278320312500000e+01
7.325543975830078125e+01
7.351036071777343750e+01
7.335383605957031250e+01
7.342339324951171875e+01
7.380948638916015625e+01
7.265293884277343750e+01
7.206345367431640625e+01
7.133068847656250000e+01
7.183197021484375000e+01
7.048738861083984375e+01
7.133737182617187500e+01
7.162651824951171875e+01
7.204393768310546875e+01
7.151753234863281250e+01
7.183561706542968750e+01
7.175834655761718750e+01
7.173092651367187500e+01
7.163115692138671875e+01
7.301406860351562500e+01
7.341154479980468750e+01
7.197018432617187500e+01
7.148957061767578125e+01
7.262064361572265625e+01
7.155832672119140625e+01
7.178156280517578125e+01
7.147775268554687500e+01
7.178120422363281250e+01
7.206807708740234375e+01
7.265829467773437500e+01
7.066725158691406250e+01
7.117131042480468750e+01
7.161022186279296875e+01
7.051324462890625000e+01
7.099413299560546875e+01
7.161323547363281250e+01
7.066671752929687500e+01
7.156044769287109375e+01
7.138829040527343750e+01
7.104642486572265625e+01
7.015194702148437500e+01
7.058125305175781250e+01
7.102189636230468750e+01
7.073592376708984375e+01
7.054042053222656250e+01
7.101726531982421875e+01
7.058989715576171875e+01
7.065596771240234375e+01
7.018874359130859375e+01
7.014887237548828125e+01
7.023781585693359375e+01
7.000460815429687500e+01
7.011335754394531250e+01
7.005893707275390625e+01
7.015022277832031250e+01
6.995525360107421875e+01
7.020338439941406250e+01
6.964110565185546875e+01
7.072623443603515625e+01
7.069103240966796875e+01
7.065324401855468750e+01
7.168020629882812500e+01
7.224348449707031250e+01
7.196665954589843750e+01
7.244885253906250000e+01
7.301701354980468750e+01
7.334745788574218750e+01
7.341968536376953125e+01
7.367465972900390625e+01
7.463654327392578125e+01
7.459968566894531250e+01
7.491407012939453125e+01
7.507669067382812500e+01
7.411068725585937500e+01
7.380768585205078125e+01
7.407563781738281250e+01
7.482627868652343750e+01
7.405373382568359375e+01
7.440936279296875000e+01
7.448240661621093750e+01
7.402397918701171875e+01
7.504074859619140625e+01
7.408656311035156250e+01
7.412258148193359375e+01
7.440512084960937500e+01
7.386099243164062500e+01
7.411763763427734375e+01
7.219954681396484375e+01
7.307918548583984375e+01
7.321737670898437500e+01
7.307557678222656250e+01
7.383377838134765625e+01
7.312862396240234375e+01
7.324765777587890625e+01
7.361471557617187500e+01
7.312593841552734375e+01
7.291992187500000000e+01
7.202712249755859375e+01
7.205739593505859375e+01
