4.356314837932586670e-01
1.417860269546508789e+00
1.322350978851318359e+00
1.304508805274963379e+00
1.298702478408813477e+00
1.510291457176208496e+00
1.625415921211242676e+00
1.550548911094665527e+00
1.770068407058715820e+00
2.129919290542602539e+00
2.193434000015258789e+00
2.259457349777221680e+00
2.260384798049926758e+00
2.312815427780151367e+00
2.199426174163818359e+00
2.239518404006958008e+00
2.277213811874389648e+00
2.355582237243652344e+00
2.657588481903076172e+00
2.563810110092163086e+00
2.504153251647949219e+00
2.535316705703735352e+00
2.565718412399291992e+00
2.518422603607177734e+00
2.693189859390258789e+00
2.649636745452880859e+00
2.657768964767456055e+00
2.738776922225952148e+00
2.784890651702880859e+00
2.829033613204956055e+00
2.849646568298339844e+00
3.043097972869873047e+00
2.952019929885864258e+00
3.132062911987304688e+00
3.265551567077636719e+00
3.285776376724243164e+00
3.326318025588989258e+00
3.239359855651855469e+00
3.593448877334594727e+00
3.450365304946899414e+00
3.492136955261230469e+00
3.541776418685913086e+00
3.501518011093139648e+00
3.418708086013793945e+00
3.492392063140869141e+00
3.546428680419921875e+00
4.239080429077148438e+00
3.846719264984130859e+00
3.753217697143554688e+00
1.827905464172363281e+01
5.215345382690429688e+00
4.410979270935058594e+00
4.165135860443115234e+00
4.039944171905517578e+00
3.980661153793334961e+00
3.830312013626098633e+00
3.760959863662719727e+00
3.762162446975708008e+00
3.727534532546997070e+00
3.582109689712524414e+00
3.548016071319580078e+00
3.543131828308105469e+00
3.553569793701171875e+00
3.566057682037353516e+00
3.690156698226928711e+00
3.600941419601440430e+00
3.598449230194091797e+00
3.620507478713989258e+00
3.682126522064208984e+00
4.131303310394287109e+00
3.869101047515869141e+00
3.795849800109863281e+00
3.769284248352050781e+00
3.771888256072998047e+00
3.665308475494384766e+00
3.737261056900024414e+00
3.781006813049316406e+00
3.653012514114379883e+00
3.714002370834350586e+00
3.836160898208618164e+00
3.745071887969970703e+00
3.674034595489501953e+00
3.810689449310302734e+00
3.694179773330688477e+00
3.766338348388671875e+00
4.899137496948242188e+00
4.032647132873535156e+00
4.046163558959960938e+00
3.930330276489257812e+00
3.835827112197875977e+00
3.788275003433227539e+00
3.720935106277465820e+00
3.705076456069946289e+00
3.677815437316894531e+00
3.792204856872558594e+00
3.667832612991333008e+00
3.742084503173828125e+00
3.677512407302856445e+00
3.674996137619018555e+00
3.725067377090454102e+00
3.990806818008422852e+00
3.835779666900634766e+00
3.809482097625732422e+00
3.778472423553466797e+00
3.754498243331909180e+00
4.073804855346679688e+00
3.998272418975830078e+00
4.480474472045898438e+00
4.110996246337890625e+00
4.073433876037597656e+00
3.923908233642578125e+00
3.985462427139282227e+00
3.914903640747070312e+00
3.854888439178466797e+00
4.012880325317382812e+00
3.867942810058593750e+00
3.894576311111450195e+00
3.858191490173339844e+00
3.805140972137451172e+00
3.967590808868408203e+00
3.890071153640747070e+00
3.875459194183349609e+00
3.807007312774658203e+00
3.837999582290649414e+00
3.958791017532348633e+00
3.847514390945434570e+00
3.917445421218872070e+00
4.162775039672851562e+00
4.049244880676269531e+00
4.090738773345947266e+00
4.194240093231201172e+00
4.139116764068603516e+00
4.187448024749755859e+00
4.151190280914306641e+00
4.239213943481445312e+00
4.313591957092285156e+00
4.405006885528564453e+00
4.608137607574462891e+00
4.570699691772460938e+00
4.725883483886718750e+00
4.819835186004638672e+00
5.191996097564697266e+00
5.356179237365722656e+00
5.286069393157958984e+00
5.372749805450439453e+00
5.970207214355468750e+00
6.119229316711425781e+00
6.171299457550048828e+00
6.234462738037109375e+00
6.250280857086181641e+00
6.260935783386230469e+00
6.396211624145507812e+00
6.403529167175292969e+00
6.571610927581787109e+00
6.605630397796630859e+00
6.913552284240722656e+00
6.961514472961425781e+00
7.136996269226074219e+00
7.199578762054443359e+00
7.415895462036132812e+00
7.524504661560058594e+00
7.625936508178710938e+00
8.006782531738281250e+00
8.265307426452636719e+00
8.611896514892578125e+00
8.398374557495117188e+00
8.672784805297851562e+00
9.159044265747070312e+00
9.475849151611328125e+00
9.334938049316406250e+00
9.500886917114257812e+00
9.374936103820800781e+00
9.325548171997070312e+00
9.703721046447753906e+00
1.021413707733154297e+01
1.024685382843017578e+01
1.027309322357177734e+01
1.042801189422607422e+01
1.094901847839355469e+01
1.095637321472167969e+01
1.140510940551757812e+01
1.144143581390380859e+01
1.190907192230224609e+01
1.170800590515136719e+01
1.202758979797363281e+01
1.253027725219726562e+01
1.238175010681152344e+01
1.255305480957031250e+01
1.262852382659912109e+01
1.226935386657714844e+01
1.253153324127197266e+01
1.240803050994873047e+01
1.264120101928710938e+01
1.270828342437744141e+01
1.316524600982666016e+01
1.318389225006103516e+01
1.325439548492431641e+01
1.331311702728271484e+01
1.363592338562011719e+01
1.391687107086181641e+01
1.419332027435302734e+01
1.458071327209472656e+01
1.500471782684326172e+01
1.524493598937988281e+01
1.558900260925292969e+01
1.589480304718017578e+01
1.599236774444580078e+01
1.624523925781250000e+01
1.655288887023925781e+01
1.653567504882812500e+01
1.652015304565429688e+01
1.676017570495605469e+01
1.711277198791503906e+01
1.795068168640136719e+01
1.805198478698730469e+01
1.828361701965332031e+01
1.819128608703613281e+01
1.825405502319335938e+01
1.862801361083984375e+01
1.904421615600585938e+01
1.949304962158203125e+01
1.929471015930175781e+01
1.979860496520996094e+01
2.005246543884277344e+01
2.007887458801269531e+01
1.976914215087890625e+01
2.053292655944824219e+01
2.022922325134277344e+01
2.005901908874511719e+01
2.040528488159179688e+01
2.028967094421386719e+01
2.026373481750488281e+01
2.057294845581054688e+01
2.012014579772949219e+01
2.019893264770507812e+01
1.986154365539550781e+01
1.958531188964843750e+01
1.926912117004394531e+01
1.890382385253906250e+01
1.889547538757324219e+01
1.859044075012207031e+01
1.844865226745605469e+01
1.832110977172851562e+01
1.797978210449218750e+01
1.798921012878417969e+01
1.753757286071777344e+01
1.723950767517089844e+01
1.775775337219238281e+01
1.702757453918457031e+01
1.692781257629394531e+01
1.690355873107910156e+01
1.695708084106445312e+01
1.705210494995117188e+01
1.756640243530273438e+01
1.762187385559082031e+01
1.758959960937500000e+01
1.747760200500488281e+01
1.682479476928710938e+01
1.673567581176757812e+01
1.639895248413085938e+01
1.651396942138671875e+01
1.628339576721191406e+01
1.637006759643554688e+01
1.632070732116699219e+01
1.638018226623535156e+01
1.619984054565429688e+01
1.648003578186035156e+01
1.656820487976074219e+01
1.599027347564697266e+01
1.619931602478027344e+01
1.619818496704101562e+01
1.651615715026855469e+01
1.625830078125000000e+01
1.659277343750000000e+01
1.583911228179931641e+01
1.600595474243164062e+01
1.607550048828125000e+01
1.587823200225830078e+01
1.560705852508544922e+01
1.580454730987548828e+01
1.585822296142578125e+01
1.572400760650634766e+01
1.603829383850097656e+01
1.622712707519531250e+01
1.598065853118896484e+01
1.592529964447021484e+01
1.639034461975097656e+01
1.623992156982421875e+01
1.629133987426757812e+01
1.615779876708984375e+01
1.630172920227050781e+01
1.596656799316406250e+01
1.608107948303222656e+01
1.597273063659667969e+01
1.593664169311523438e+01
1.591373729705810547e+01
1.624833297729492188e+01
1.640534210205078125e+01
1.577162265777587891e+01
1.588413047790527344e+01
1.590532398223876953e+01
1.567584991455078125e+01
1.589096736907958984e+01
1.590904140472412109e+01
1.581076526641845703e+01
1.537516212463378906e+01
1.556745338439941406e+01
1.511586570739746094e+01
1.506609249114990234e+01
1.504651546478271484e+01
1.522947502136230469e+01
1.500517749786376953e+01
1.498862266540527344e+01
1.517417526245117188e+01
1.487734413146972656e+01
1.470971393585205078e+01
1.516850376129150391e+01
1.490011787414550781e+01
1.526323032379150391e+01
1.498794364929199219e+01
1.474432659149169922e+01
1.490286731719970703e+01
1.504698085784912109e+01
1.487721633911132812e+01
1.519927310943603516e+01
1.492598819732666016e+01
1.498287105560302734e+01
1.487863922119140625e+01
1.491258525848388672e+01
1.467272567749023438e+01
1.438413333892822266e+01
1.466511917114257812e+01
1.485506153106689453e+01
1.518325042724609375e+01
1.452507972717285156e+01
1.461952877044677734e+01
1.422860336303710938e+01
1.426895618438720703e+01
1.391798305511474609e+01
1.388549041748046875e+01
1.382439899444580078e+01
1.420215797424316406e+01
1.408617591857910156e+01
1.425916385650634766e+01
1.424165153503417969e+01
1.430174827575683594e+01
1.406114578247070312e+01
1.383621597290039062e+01
1.426348209381103516e+01
1.394939613342285156e+01
1.389643096923828125e+01
1.371559333801269531e+01
1.387454605102539062e+01
1.388798809051513672e+01
1.409836578369140625e+01
1.436953926086425781e+01
1.425041961669921875e+01
1.398572540283203125e+01
1.426150226593017578e+01
1.394929027557373047e+01
1.423269748687744141e+01
1.408476734161376953e+01
1.412044620513916016e+01
1.454282855987548828e+01
1.452450370788574219e+01
1.481613731384277344e+01
1.453331470489501953e+01
1.433312702178955078e+01
1.430465984344482422e+01
1.452932643890380859e+01
1.450215148925781250e+01
1.469814395904541016e+01
1.456822490692138672e+01
1.430220508575439453e+01
1.476175880432128906e+01
1.445416736602783203e+01
1.466448593139648438e+01
1.496827983856201172e+01
1.467434597015380859e+01
1.500305843353271484e+01
1.524647331237792969e+01
1.517546653747558594e+01
1.499084472656250000e+01
1.527995777130126953e+01
1.512635707855224609e+01
1.515791797637939453e+01
1.530299663543701172e+01
1.519258785247802734e+01
1.512935161590576172e+01
1.522700691223144531e+01
1.531385898590087891e+01
1.514492034912109375e+01
1.524050807952880859e+01
1.507726001739501953e+01
1.517021274566650391e+01
1.490054416656494141e+01
1.473955726623535156e+01
1.511348056793212891e+01
1.489970874786376953e+01
1.500248527526855469e+01
1.479195117950439453e+01
1.486783027648925781e+01
1.507669353485107422e+01
1.497912406921386719e+01
1.467893695831298828e+01
1.501380634307861328e+01
1.478174781799316406e+01
1.479122066497802734e+01
1.488358974456787109e+01
1.468520164489746094e+01
1.480699348449707031e+01
1.508096122741699219e+01
1.437788105010986328e+01
1.464419746398925781e+01
1.500960540771484375e+01
1.480545520782470703e+01
1.472119140625000000e+01
1.491576957702636719e+01
1.494134426116943359e+01
1.519198989868164062e+01
1.499657058715820312e+01
1.520235347747802734e+01
1.513884067535400391e+01
1.513871192932128906e+01
1.485955238342285156e+01
1.477228736877441406e+01
1.493011569976806641e+01
1.510882472991943359e+01
1.483130073547363281e+01
1.501088523864746094e+01
1.521576976776123047e+01
1.523744869232177734e+01
1.526323699951171875e+01
1.539923477172851562e+01
1.528372859954833984e+01
1.521096134185791016e+01
1.510190391540527344e+01
1.508557033538818359e+01
1.504603290557861328e+01
1.499083232879638672e+01
1.482898712158203125e+01
1.495779705047607422e+01
1.485982418060302734e+01
1.471464252471923828e+01
1.486105060577392578e+01
1.475681018829345703e+01
1.477189636230468750e+01
1.498146057128906250e+01
1.482625198364257812e+01
1.498664855957031250e+01
1.483395099639892578e+01
1.457033634185791016e+01
1.473379230499267578e+01
1.492796325683593750e+01
1.478329467773437500e+01
1.452295303344726562e+01
1.476290321350097656e+01
1.454921627044677734e+01
1.476371097564697266e+01
1.453991317749023438e+01
1.427258872985839844e+01
1.464130973815917969e+01
1.470461845397949219e+01
1.442710113525390625e+01
1.487253475189208984e+01
1.470898914337158203e+01
1.492041778564453125e+01
1.494268703460693359e+01
1.499365997314453125e+01
1.503031635284423828e+01
1.514411163330078125e+01
1.522391891479492188e+01
1.529530620574951172e+01
1.543918991088867188e+01
1.575820827484130859e+01
1.567572116851806641e+01
1.576232528686523438e+01
1.584506034851074219e+01
1.582173538208007812e+01
1.589059448242187500e+01
1.607687377929687500e+01
1.579536914825439453e+01
1.573864936828613281e+01
1.587243747711181641e+01
1.566119003295898438e+01
1.630660438537597656e+01
1.554313278198242188e+01
1.601915550231933594e+01
1.568966197967529297e+01
1.582959938049316406e+01
1.617799568176269531e+01
1.616481208801269531e+01
1.624705505371093750e+01
1.626451301574707031e+01
1.614549255371093750e+01
1.617305946350097656e+01
1.585667705535888672e+01
1.619008064270019531e+01
1.642384719848632812e+01
1.634163856506347656e+01
1.626855850219726562e+01
1.616439437866210938e+01
1.655831527709960938e+01
1.615428161621093750e+01
1.614965629577636719e+01
1.622106361389160156e+01
1.644103050231933594e+01
1.638053703308105469e+01
1.648209762573242188e+01
1.674171829223632812e+01
1.675220298767089844e+01
1.660155487060546875e+01
1.691057395935058594e+01
1.653522300720214844e+01
1.657070350646972656e+01
1.657041358947753906e+01
1.677541923522949219e+01
1.628069877624511719e+01
1.650315093994140625e+01
1.666269874572753906e+01
1.675095176696777344e+01
1.692033958435058594e+01
1.679590606689453125e+01
1.672401618957519531e+01
1.671040725708007812e+01
1.695487976074218750e+01
1.721254730224609375e+01
1.717699623107910156e+01
1.703041648864746094e+01
1.734935569763183594e+01
1.722746849060058594e+01
1.736950874328613281e+01
1.737656784057617188e+01
1.775636672973632812e+01
1.760440254211425781e+01
1.772649955749511719e+01
1.775661277770996094e+01
1.781368827819824219e+01
1.762790870666503906e+01
1.792932510375976562e+01
1.762450790405273438e+01
1.806810569763183594e+01
1.784287452697753906e+01
1.799918365478515625e+01
1.792793655395507812e+01
1.792428588867187500e+01
1.781344985961914062e+01
1.785111808776855469e+01
1.797740936279296875e+01
1.796258926391601562e+01
1.807373237609863281e+01
1.818239974975585938e+01
1.811511421203613281e+01
1.866077232360839844e+01
1.881918716430664062e+01
1.869278144836425781e+01
1.896690940856933594e+01
1.935980606079101562e+01
1.898210525512695312e+01
1.940621185302734375e+01
1.940087509155273438e+01
1.950898361206054688e+01
1.921548080444335938e+01
1.953108596801757812e+01
1.919883728027343750e+01
1.928923416137695312e+01
1.943893814086914062e+01
1.924747848510742188e+01
1.963122367858886719e+01
1.981611824035644531e+01
1.990058898925781250e+01
1.985635375976562500e+01
2.008981895446777344e+01
1.982572937011718750e+01
1.964718437194824219e+01
1.966308212280273438e+01
1.980846214294433594e+01
2.003825759887695312e+01
1.983079719543457031e+01
1.956894493103027344e+01
1.937293052673339844e+01
1.930221557617187500e+01
1.940863037109375000e+01
1.967758750915527344e+01
1.981738090515136719e+01
2.001326179504394531e+01
1.950405502319335938e+01
1.992659759521484375e+01
1.998806190490722656e+01
1.984066009521484375e+01
2.019311904907226562e+01
1.998254203796386719e+01
2.004363632202148438e+01
2.012965393066406250e+01
2.017765617370605469e+01
2.023475837707519531e+01
2.019674873352050781e+01
2.019150352478027344e+01
2.011060333251953125e+01
2.018002128601074219e+01
2.057122230529785156e+01
2.078210830688476562e+01
2.127052307128906250e+01
2.120139884948730469e+01
2.095810127258300781e+01
2.132176589965820312e+01
2.128553199768066406e+01
2.146873855590820312e+01
2.140611648559570312e+01
2.196807479858398438e+01
2.180271911621093750e+01
2.180273437500000000e+01
2.195393180847167969e+01
2.218606185913085938e+01
2.220998382568359375e+01
2.228187942504882812e+01
2.213847351074218750e+01
2.265453720092773438e+01
2.202008628845214844e+01
2.255293273925781250e+01
2.255368423461914062e+01
2.277453422546386719e+01
2.306401062011718750e+01
2.291748809814453125e+01
2.290842437744140625e+01
2.312382888793945312e+01
2.368622970581054688e+01
2.395064544677734375e+01
2.441016387939453125e+01
2.427805328369140625e+01
2.433341217041015625e+01
2.330824089050292969e+01
2.386510086059570312e+01
2.383624649047851562e+01
2.378953933715820312e+01
2.401311492919921875e+01
2.452272415161132812e+01
2.403343200683593750e+01
2.432852745056152344e+01
2.477521133422851562e+01
2.461921119689941406e+01
2.519682121276855469e+01
2.546591377258300781e+01
2.555773544311523438e+01
2.558178138732910156e+01
2.574412918090820312e+01
2.613451957702636719e+01
2.546595954895019531e+01
2.598994827270507812e+01
2.618669319152832031e+01
2.597847175598144531e+01
2.621879959106445312e+01
2.642973518371582031e+01
2.603327369689941406e+01
2.692829895019531250e+01
2.651034355163574219e+01
2.641106605529785156e+01
2.655890464782714844e+01
2.687833213806152344e+01
2.736256599426269531e+01
2.667757034301757812e+01
2.718922042846679688e+01
2.777460861206054688e+01
2.720005035400390625e+01
2.775552940368652344e+01
2.767677307128906250e+01
2.758619880676269531e+01
2.770671463012695312e+01
2.779717254638671875e+01
2.767664718627929688e+01
2.830895042419433594e+01
2.855932998657226562e+01
2.854188728332519531e+01
2.829833030700683594e+01
2.820325469970703125e+01
2.830853080749511719e+01
2.885593795776367188e+01
2.848374176025390625e+01
2.853409767150878906e+01
2.800569725036621094e+01
2.803173828125000000e+01
2.846832466125488281e+01
2.846832275390625000e+01
2.906767082214355469e+01
2.882887458801269531e+01
2.886860656738281250e+01
2.970151138305664062e+01
2.971735000610351562e+01
2.982493400573730469e+01
2.965627098083496094e+01
2.975366592407226562e+01
2.984189033508300781e+01
3.004689216613769531e+01
2.986291885375976562e+01
3.033741188049316406e+01
2.982213973999023438e+01
2.996276473999023438e+01
3.011762809753417969e+01
3.080473136901855469e+01
3.049264526367187500e+01
3.097123527526855469e+01
3.127226638793945312e+01
3.086382865905761719e+01
3.105957794189453125e+01
3.151418304443359375e+01
3.128806686401367188e+01
3.134798049926757812e+01
3.112389373779296875e+01
3.161817932128906250e+01
3.229537200927734375e+01
3.110736274719238281e+01
3.159853935241699219e+01
3.124921035766601562e+01
3.226349639892578125e+01
3.219288635253906250e+01
3.190836906433105469e+01
3.218746948242187500e+01
3.299572753906250000e+01
3.291249847412109375e+01
3.254906845092773438e+01
3.304568481445312500e+01
3.297396850585937500e+01
3.305931854248046875e+01
3.252715301513671875e+01
3.234424209594726562e+01
3.271389389038085938e+01
3.266754150390625000e+01
3.284469604492187500e+01
3.282833480834960938e+01
3.297163772583007812e+01
3.340158462524414062e+01
3.279373550415039062e+01
3.344272613525390625e+01
3.350562667846679688e+01
3.370611572265625000e+01
3.371593093872070312e+01
3.403250122070312500e+01
3.427678680419921875e+01
3.370983886718750000e+01
3.382877349853515625e+01
3.383929824829101562e+01
3.333848190307617188e+01
3.413880538940429688e+01
3.407618331909179688e+01
3.464348602294921875e+01
3.445829391479492188e+01
3.490689849853515625e+01
3.515299606323242188e+01
3.515688323974609375e+01
3.568182373046875000e+01
3.523591232299804688e+01
3.503005981445312500e+01
3.565267181396484375e+01
3.516302490234375000e+01
3.522483062744140625e+01
3.506659698486328125e+01
3.571854400634765625e+01
3.540354156494140625e+01
3.536606979370117188e+01
3.584057235717773438e+01
3.639126586914062500e+01
3.669745254516601562e+01
3.676403808593750000e+01
3.763909530639648438e+01
3.668572616577148438e+01
3.705988311767578125e+01
3.773878860473632812e+01
3.703076553344726562e+01
3.738675308227539062e+01
3.767063903808593750e+01
3.822558593750000000e+01
3.845257949829101562e+01
3.815132904052734375e+01
3.897505569458007812e+01
3.939819717407226562e+01
3.905971908569335938e+01
3.889796829223632812e+01
3.915643692016601562e+01
3.877220916748046875e+01
3.886739730834960938e+01
3.909872055053710938e+01
3.888159942626953125e+01
3.858107757568359375e+01
3.858002090454101562e+01
3.897325134277343750e+01
3.930047607421875000e+01
3.947822570800781250e+01
3.958751678466796875e+01
3.989914321899414062e+01
3.984743118286132812e+01
4.065699386596679688e+01
4.052136230468750000e+01
4.024748611450195312e+01
4.064750671386718750e+01
3.923229980468750000e+01
3.910939407348632812e+01
3.967177963256835938e+01
4.034883499145507812e+01
3.924066543579101562e+01
3.870623397827148438e+01
3.865163421630859375e+01
3.844236755371093750e+01
3.869033432006835938e+01
3.874026489257812500e+01
3.911989974975585938e+01
3.912108230590820312e+01
3.901383590698242188e+01
3.851209259033203125e+01
3.749417877197265625e+01
3.731568908691406250e+01
3.727597808837890625e+01
3.692512512207031250e+01
3.704524230957031250e+01
3.665486145019531250e+01
3.650302124023437500e+01
3.541654205322265625e+01
3.571864700317382812e+01
3.605100631713867188e+01
3.624835205078125000e+01
3.634316253662109375e+01
3.578151321411132812e+01
3.636087799072265625e+01
3.544686889648437500e+01
3.598091888427734375e+01
3.544692230224609375e+01
3.593205261230468750e+01
3.498907089233398438e+01
3.535190200805664062e+01
3.532929992675781250e+01
3.560877609252929688e+01
3.639717483520507812e+01
3.672281265258789062e+01
3.668487548828125000e+01
3.620862960815429688e+01
3.584998321533203125e+01
3.638462448120117188e+01
3.612713241577148438e+01
3.641485977172851562e+01
3.576717758178710938e+01
3.567944717407226562e+01
3.635858154296875000e+01
3.634154129028320312e+01
3.604100036621093750e+01
3.701453018188476562e+01
3.700099182128906250e+01
3.738364791870117188e+01
3.771383666992187500e+01
3.766663742065429688e+01
3.725083541870117188e+01
3.703898620605468750e+01
3.625666427612304688e+01
3.664636993408203125e+01
3.665961837768554688e+01
3.707895660400390625e+01
3.724967956542968750e+01
3.712802124023437500e+01
3.640444564819335938e+01
3.709328079223632812e+01
3.703030014038085938e+01
3.694863128662109375e+01
3.763298416137695312e+01
3.695081329345703125e+01
3.704925155639648438e+01
3.628889846801757812e+01
3.779779052734375000e+01
3.795363998413085938e+01
3.801737976074218750e+01
3.850436782836914062e+01
3.831809616088867188e+01
3.815447235107421875e+01
3.710613250732421875e+01
3.745669555664062500e+01
3.694156265258789062e+01
3.651897811889648438e+01
3.653432083129882812e+01
3.715976715087890625e+01
3.688845825195312500e+01
3.672558593750000000e+01
3.673593902587890625e+01
3.712438964843750000e+01
3.706885147094726562e+01
3.741772842407226562e+01
3.727526092529296875e+01
3.771044540405273438e+01
3.821347427368164062e+01
3.828224945068359375e+01
3.901565551757812500e+01
3.918159103393554688e+01
3.916192626953125000e+01
4.045143127441406250e+01
4.038404846191406250e+01
4.031354522705078125e+01
4.002548217773437500e+01
3.983767318725585938e+01
4.066733551025390625e+01
4.032780456542968750e+01
3.981898498535156250e+01
3.954989242553710938e+01
3.949197769165039062e+01
3.986379623413085938e+01
4.097162246704101562e+01
4.096302413940429688e+01
4.107822799682617188e+01
4.087073516845703125e+01
4.084061813354492188e+01
4.100481414794921875e+01
4.167105865478515625e+01
4.165782165527343750e+01
4.246760559082031250e+01
4.260219192504882812e+01
4.251914215087890625e+01
4.308028793334960938e+01
4.384489059448242188e+01
4.300951004028320312e+01
4.298637771606445312e+01
4.373117828369140625e+01
4.489869689941406250e+01
4.461267471313476562e+01
4.527942276000976562e+01
4.501467514038085938e+01
4.369114685058593750e+01
4.384525680541992188e+01
4.331099319458007812e+01
4.358083724975585938e+01
4.381077194213867188e+01
4.363807678222656250e+01
4.285556793212890625e+01
4.314980316162109375e+01
4.461231231689453125e+01
4.420568084716796875e+01
4.412268829345703125e+01
4.421580505371093750e+01
4.428636550903320312e+01
4.532835769653320312e+01
4.501384353637695312e+01
4.447191619873046875e+01
4.475214385986328125e+01
4.526960754394531250e+01
4.546549987792968750e+01
4.523368072509765625e+01
4.618491363525390625e+01
4.580010986328125000e+01
4.600688934326171875e+01
4.581985092163085938e+01
4.570441436767578125e+01
4.640996170043945312e+01
4.640883636474609375e+01
4.744872665405273438e+01
4.816603851318359375e+01
4.789473342895507812e+01
4.891324615478515625e+01
4.950620269775390625e+01
4.954585266113281250e+01
4.954503631591796875e+01
5.035768890380859375e+01
5.106735610961914062e+01
5.003105926513671875e+01
5.057130432128906250e+01
5.132638549804687500e+01
5.216428756713867188e+01
5.119824600219726562e+01
5.135516357421875000e+01
5.179014205932617188e+01
5.145565795898437500e+01
5.196520233154296875e+01
5.249258804321289062e+01
5.258028793334960938e+01
5.069351577758789062e+01
5.110853958129882812e+01
5.098093032836914062e+01
5.062616348266601562e+01
4.959364318847656250e+01
4.978261184692382812e+01
5.021737289428710938e+01
4.959027862548828125e+01
4.899724197387695312e+01
4.884007263183593750e+01
4.837617874145507812e+01
4.780774307250976562e+01
4.801786804199218750e+01
4.716351699829101562e+01
4.661494445800781250e+01
4.720862960815429688e+01
4.677761459350585938e+01
4.585334014892578125e+01
4.611764144897460938e+01
4.582334899902343750e+01
4.566014862060546875e+01
4.544163894653320312e+01
4.583147811889648438e+01
4.650427246093750000e+01
4.563426589965820312e+01
4.540032958984375000e+01
4.535368728637695312e+01
4.557107543945312500e+01
4.532394409179687500e+01
4.516877365112304688e+01
4.357982254028320312e+01
4.351010131835937500e+01
4.342447280883789062e+01
4.354911804199218750e+01
4.308221817016601562e+01
4.317219543457031250e+01
4.318982696533203125e+01
4.271009826660156250e+01
4.322595214843750000e+01
4.279844665527343750e+01
4.383719253540039062e+01
4.367396926879882812e+01
4.358817291259765625e+01
4.380289840698242188e+01
4.382355499267578125e+01
4.380112457275390625e+01
4.388321685791015625e+01
4.415858840942382812e+01
4.382440567016601562e+01
4.355809020996093750e+01
4.297484970092773438e+01
4.329500579833984375e+01
4.302526855468750000e+01
4.212582397460937500e+01
4.249473571777343750e+01
4.320462417602539062e+01
4.222186279296875000e+01
4.244191360473632812e+01
4.185583496093750000e+01
4.219570159912109375e+01
4.270348358154296875e+01
4.184165954589843750e+01
4.131317901611328125e+01
4.145953369140625000e+01
4.168463134765625000e+01
4.178739166259765625e+01
4.217723846435546875e+01
4.220203781127929688e+01
4.150637817382812500e+01
4.152264785766601562e+01
4.166191482543945312e+01
4.148145294189453125e+01
4.203620147705078125e+01
4.123316574096679688e+01
4.043203735351562500e+01
4.107904052734375000e+01
4.078265762329101562e+01
4.100963973999023438e+01
4.133494567871093750e+01
4.130920028686523438e+01
4.207393646240234375e+01
4.132735824584960938e+01
4.234579086303710938e+01
4.143087005615234375e+01
4.141773986816406250e+01
4.133572387695312500e+01
4.167581176757812500e+01
4.190381240844726562e+01
4.141231918334960938e+01
4.093242263793945312e+01
4.112897491455078125e+01
4.123646926879882812e+01
4.118704605102539062e+01
4.175566864013671875e+01
4.188947677612304688e+01
4.211732864379882812e+01
4.129929733276367188e+01
4.166948318481445312e+01
4.188887023925781250e+01
4.148868560791015625e+01
4.107224273681640625e+01
4.126565551757812500e+01
4.072261810302734375e+01
4.160520172119140625e+01
4.151357650756835938e+01
4.155646133422851562e+01
4.172340011596679688e+01
4.181138992309570312e+01
4.175347137451171875e+01
4.200918197631835938e+01
4.210646820068359375e+01
4.166538238525390625e+01
4.182350540161132812e+01
4.255956268310546875e+01
4.172623062133789062e+01
4.193276596069335938e+01
4.226470184326171875e+01
4.240615463256835938e+01
4.252401733398437500e+01
4.160332107543945312e+01
4.094794464111328125e+01
4.097784805297851562e+01
4.050372695922851562e+01
4.205773544311523438e+01
4.098568725585937500e+01
4.141110992431640625e+01
4.123231124877929688e+01
4.131012725830078125e+01
4.089993286132812500e+01
4.086483001708984375e+01
4.095176315307617188e+01
4.094251632690429688e+01
4.091506195068359375e+01
4.028658294677734375e+01
4.130488967895507812e+01
4.103962326049804688e+01
4.162825775146484375e+01
4.105945968627929688e+01
4.119895172119140625e+01
4.116960525512695312e+01
4.163840484619140625e+01
4.148397064208984375e+01
4.191582870483398438e+01
4.200871276855468750e+01
4.166184997558593750e+01
4.147025680541992188e+01
4.096362686157226562e+01
4.121463012695312500e+01
4.070320129394531250e+01
4.029659271240234375e+01
4.053234100341796875e+01
4.088749313354492188e+01
4.068889999389648438e+01
4.020631027221679688e+01
4.055109405517578125e+01
4.057731628417968750e+01
4.084187316894531250e+01
4.155199813842773438e+01
4.036877822875976562e+01
4.093960189819335938e+01
4.145091247558593750e+01
4.076913070678710938e+01
4.136141967773437500e+01
4.026253128051757812e+01
4.061939620971679688e+01
4.076018524169921875e+01
4.085101699829101562e+01
4.035112380981445312e+01
4.035232925415039062e+01
4.015810775756835938e+01
4.051962661743164062e+01
4.065098190307617188e+01
3.964432144165039062e+01
3.955168151855468750e+01
4.051988220214843750e+01
4.075411605834960938e+01
4.042441558837890625e+01
4.010717391967773438e+01
4.024455261230468750e+01
4.015177154541015625e+01
3.915503311157226562e+01
3.918667984008789062e+01
3.953178787231445312e+01
3.963158416748046875e+01
3.941513824462890625e+01
3.901584243774414062e+01
3.962428283691406250e+01
3.925423431396484375e+01
3.837480545043945312e+01
3.918077087402343750e+01
3.920981216430664062e+01
3.838375091552734375e+01
3.952763366699218750e+01
3.942430496215820312e+01
3.969890213012695312e+01
3.976362609863281250e+01
3.943666839599609375e+01
3.976549911499023438e+01
3.936582946777343750e+01
3.939529418945312500e+01
3.943483734130859375e+01
3.921617889404296875e+01
3.970417785644531250e+01
3.891225814819335938e+01
3.911196899414062500e+01
3.902310943603515625e+01
3.897103118896484375e+01
3.898073577880859375e+01
3.885265731811523438e+01
3.968059539794921875e+01
3.979296875000000000e+01
3.932783508300781250e+01
3.899717330932617188e+01
3.943084335327148438e+01
3.890622711181640625e+01
3.995304107666015625e+01
3.935412597656250000e+01
4.015343856811523438e+01
3.997472763061523438e+01
3.951168060302734375e+01
3.990020370483398438e+01
3.959630584716796875e+01
3.976065826416015625e+01
3.957583999633789062e+01
4.007093048095703125e+01
3.946995544433593750e+01
3.953321838378906250e+01
3.931121826171875000e+01
3.950729751586914062e+01
3.971301269531250000e+01
3.979819107055664062e+01
3.970177459716796875e+01
3.976234436035156250e+01
3.944326782226562500e+01
3.943799591064453125e+01
3.949853897094726562e+01
3.876605987548828125e+01
3.916535949707031250e+01
3.913740921020507812e+01
3.871785736083984375e+01
3.848359298706054688e+01
3.874785232543945312e+01
3.865194702148437500e+01
3.900245666503906250e+01
3.956421279907226562e+01
3.946871566772460938e+01
3.992706298828125000e+01
3.996004867553710938e+01
3.990385055541992188e+01
3.981419372558593750e+01
4.020577239990234375e+01
3.968547821044921875e+01
4.002392959594726562e+01
3.977884292602539062e+01
3.977495193481445312e+01
3.923338699340820312e+01
3.975240707397460938e+01
4.002069854736328125e+01
3.972832870483398438e+01
3.938201522827148438e+01
3.922401428222656250e+01
3.915327072143554688e+01
3.923651123046875000e+01
3.859829711914062500e+01
3.905446243286132812e+01
3.895806121826171875e+01
3.951813888549804688e+01
3.971656036376953125e+01
3.940051651000976562e+01
3.958978271484375000e+01
4.004899215698242188e+01
3.977789688110351562e+01
4.016155624389648438e+01
4.027598953247070312e+01
4.059827423095703125e+01
3.980890655517578125e+01
4.007947158813476562e+01
4.020747375488281250e+01
4.039536285400390625e+01
3.980806732177734375e+01
3.928598022460937500e+01
3.972327423095703125e+01
3.949425125122070312e+01
3.951271820068359375e+01
4.017438888549804688e+01
3.939441680908203125e+01
4.013319778442382812e+01
3.947839736938476562e+01
3.964524841308593750e+01
3.960742950439453125e+01
3.990847778320312500e+01
3.993046188354492188e+01
4.049419784545898438e+01
4.054919433593750000e+01
4.015532302856445312e+01
3.927436828613281250e+01
4.011963272094726562e+01
3.937660217285156250e+01
3.976981353759765625e+01
4.008233642578125000e+01
3.974435806274414062e+01
3.971828079223632812e+01
3.982109832763671875e+01
4.030017089843750000e+01
3.990892410278320312e+01
3.980677795410156250e+01
4.002943038940429688e+01
3.998369598388671875e+01
3.984765625000000000e+01
3.967809295654296875e+01
4.057519531250000000e+01
4.054563140869140625e+01
4.080701828002929688e+01
4.032650756835937500e+01
4.079774093627929688e+01
4.010840225219726562e+01
4.095325469970703125e+01
4.060674285888671875e+01
4.106963348388671875e+01
4.188135147094726562e+01
4.151123046875000000e+01
4.137155151367187500e+01
4.163594055175781250e+01
4.147227478027343750e+01
4.137352371215820312e+01
4.123130798339843750e+01
4.054921722412109375e+01
4.074449157714843750e+01
4.046863174438476562e+01
4.027665710449218750e+01
4.042094802856445312e+01
4.000712966918945312e+01
3.993828964233398438e+01
3.971751403808593750e+01
3.975478744506835938e+01
3.994780349731445312e+01
3.998170089721679688e+01
4.044909667968750000e+01
4.065864944458007812e+01
4.029700851440429688e+01
4.031644439697265625e+01
4.042332077026367188e+01
4.025915908813476562e+01
4.061686706542968750e+01
4.091493606567382812e+01
4.044786071777343750e+01
4.083164596557617188e+01
3.932896423339843750e+01
4.069635772705078125e+01
4.016532135009765625e+01
3.999187088012695312e+01
4.016139984130859375e+01
4.023138046264648438e+01
4.026361083984375000e+01
4.017756271362304688e+01
4.033211898803710938e+01
4.022570037841796875e+01
4.092992782592773438e+01
4.042998886108398438e+01
4.013763427734375000e+01
4.021776962280273438e+01
4.022837829589843750e+01
4.062477493286132812e+01
4.037921905517578125e+01
4.017308425903320312e+01
4.018264007568359375e+01
4.042995452880859375e+01
4.019886016845703125e+01
4.073295211791992188e+01
4.041485214233398438e+01
4.046828079223632812e+01
4.038134002685546875e+01
3.996566390991210938e+01
4.035694503784179688e+01
4.077077102661132812e+01
4.116898727416992188e+01
4.081718826293945312e+01
4.160024261474609375e+01
4.114406585693359375e+01
4.199865722656250000e+01
4.111627197265625000e+01
4.137878799438476562e+01
4.093949127197265625e+01
4.124546051025390625e+01
4.042609405517578125e+01
4.125694656372070312e+01
4.050462341308593750e+01
4.072592163085937500e+01
4.026252746582031250e+01
4.065961074829101562e+01
4.056006240844726562e+01
4.108132171630859375e+01
4.048313522338867188e+01
4.091645431518554688e+01
4.157866287231445312e+01
4.137545013427734375e+01
4.144986724853515625e+01
4.134167098999023438e+01
4.185190582275390625e+01
4.181804656982421875e+01
4.187303924560546875e+01
4.177453231811523438e+01
4.131861495971679688e+01
4.151907348632812500e+01
4.203546905517578125e+01
4.202266311645507812e+01
4.205057144165039062e+01
4.160501480102539062e+01
4.204861831665039062e+01
4.192293930053710938e+01
4.244953918457031250e+01
4.269277954101562500e+01
4.311812210083007812e+01
4.235762023925781250e+01
4.247642135620117188e+01
4.209955215454101562e+01
4.235157012939453125e+01
4.240182113647460938e+01
4.243165206909179688e+01
4.203507995605468750e+01
4.276477813720703125e+01
4.142160415649414062e+01
4.145687484741210938e+01
4.158840560913085938e+01
4.163085174560546875e+01
4.145615768432617188e+01
4.158794403076171875e+01
4.126778030395507812e+01
4.199416732788085938e+01
4.225466918945312500e+01
4.217827987670898438e+01
4.188863754272460938e+01
4.165554046630859375e+01
4.133156967163085938e+01
4.114719390869140625e+01
4.113057708740234375e+01
4.152386856079101562e+01
4.163039016723632812e+01
4.095980072021484375e+01
4.111642074584960938e+01
4.144852828979492188e+01
4.185124588012695312e+01
4.116920471191406250e+01
4.078964996337890625e+01
4.143862533569335938e+01
4.209815979003906250e+01
4.160489654541015625e+01
4.230163574218750000e+01
4.218616104125976562e+01
4.275774765014648438e+01
4.194391250610351562e+01
4.172230911254882812e+01
4.208969497680664062e+01
4.227372741699218750e+01
4.258550643920898438e+01
4.227672576904296875e+01
4.282000732421875000e+01
4.228839874267578125e+01
4.268418884277343750e+01
4.291976165771484375e+01
4.309017944335937500e+01
4.292119598388671875e+01
4.330918884277343750e+01
4.283832168579101562e+01
4.321809005737304688e+01
4.379828262329101562e+01
4.369414901733398438e+01
4.397034454345703125e+01
4.335705947875976562e+01
4.404267883300781250e+01
4.398910140991210938e+01
4.419480133056640625e+01
4.417542266845703125e+01
4.423646163940429688e+01
4.396164703369140625e+01
4.437155532836914062e+01
4.535431289672851562e+01
4.460400772094726562e+01
4.431366348266601562e+01
4.468720245361328125e+01
4.442808151245117188e+01
4.437183761596679688e+01
4.397335433959960938e+01
4.346991348266601562e+01
4.385562515258789062e+01
4.406147766113281250e+01
4.380752944946289062e+01
4.348139190673828125e+01
4.328624343872070312e+01
4.345729446411132812e+01
4.362075042724609375e+01
4.338054656982421875e+01
4.270207214355468750e+01
4.273590850830078125e+01
4.263740539550781250e+01
4.327983474731445312e+01
4.389099121093750000e+01
4.299409484863281250e+01
4.282966613769531250e+01
4.333549118041992188e+01
4.306848144531250000e+01
4.357621765136718750e+01
4.300785827636718750e+01
4.470589065551757812e+01
4.422978973388671875e+01
4.402642822265625000e+01
4.443614959716796875e+01
4.456182098388671875e+01
4.458801651000976562e+01
4.393651962280273438e+01
4.386409378051757812e+01
4.412307357788085938e+01
4.431158828735351562e+01
4.506378173828125000e+01
4.375326538085937500e+01
4.361589050292968750e+01
4.412528228759765625e+01
4.384267807006835938e+01
4.352225112915039062e+01
4.402879714965820312e+01
4.395635986328125000e+01
4.416126632690429688e+01
4.363211441040039062e+01
4.397103881835937500e+01
4.420806121826171875e+01
4.434868621826171875e+01
4.461577987670898438e+01
4.398986816406250000e+01
4.355429077148437500e+01
4.422245025634765625e+01
4.430197143554687500e+01
4.412450790405273438e+01
4.384140396118164062e+01
4.469636535644531250e+01
4.415718460083007812e+01
4.464432907104492188e+01
4.481715774536132812e+01
4.484536743164062500e+01
4.450439071655273438e+01
4.470401382446289062e+01
4.503352355957031250e+01
4.497314071655273438e+01
4.457822036743164062e+01
4.461814117431640625e+01
4.466146850585937500e+01
4.445805358886718750e+01
4.468619155883789062e+01
4.458374404907226562e+01
4.497634506225585938e+01
4.514369964599609375e+01
4.531263732910156250e+01
4.534591293334960938e+01
4.467523574829101562e+01
4.514749145507812500e+01
4.486347579956054688e+01
4.519867324829101562e+01
4.590493392944335938e+01
4.552912521362304688e+01
4.569136047363281250e+01
4.521487426757812500e+01
4.463251113891601562e+01
4.449045181274414062e+01
4.532646560668945312e+01
4.478810119628906250e+01
4.501560974121093750e+01
4.500412368774414062e+01
4.451806259155273438e+01
4.451055526733398438e+01
4.509351730346679688e+01
4.493624114990234375e+01
4.436969757080078125e+01
4.418029785156250000e+01
4.494325637817382812e+01
4.538849639892578125e+01
4.596595382690429688e+01
4.534075927734375000e+01
4.533786773681640625e+01
4.440686416625976562e+01
4.422565460205078125e+01
4.419570541381835938e+01
4.570542144775390625e+01
4.550038909912109375e+01
4.498348999023437500e+01
4.476276016235351562e+01
4.444719696044921875e+01
4.528519058227539062e+01
4.472931289672851562e+01
4.548479843139648438e+01
4.422764587402343750e+01
4.484262466430664062e+01
4.499377441406250000e+01
4.596966171264648438e+01
4.592699813842773438e+01
4.561335754394531250e+01
4.585269927978515625e+01
4.583335876464843750e+01
4.585496139526367188e+01
4.565138244628906250e+01
4.557751083374023438e+01
4.598504638671875000e+01
4.616280364990234375e+01
4.575482940673828125e+01
4.637960052490234375e+01
4.570342254638671875e+01
4.591696166992187500e+01
4.635971069335937500e+01
4.591153717041015625e+01
4.620316314697265625e+01
4.629155349731445312e+01
4.675650787353515625e+01
4.664185714721679688e+01
4.666690826416015625e+01
4.696329498291015625e+01
4.705324172973632812e+01
4.705328369140625000e+01
4.625527954101562500e+01
4.696231842041015625e+01
4.624435806274414062e+01
4.611367416381835938e+01
4.619187545776367188e+01
4.600848007202148438e+01
4.556821823120117188e+01
4.654021835327148438e+01
4.555712127685546875e+01
4.567097473144531250e+01
4.598162460327148438e+01
4.607056427001953125e+01
4.655579757690429688e+01
4.611728668212890625e+01
4.607416152954101562e+01
4.634421920776367188e+01
4.576181411743164062e+01
4.628816223144531250e+01
4.537626647949218750e+01
4.531117248535156250e+01
4.586017227172851562e+01
4.511709213256835938e+01
4.437442779541015625e+01
4.467779922485351562e+01
4.501791000366210938e+01
4.603107833862304688e+01
4.554789733886718750e+01
4.522140121459960938e+01
4.582763290405273438e+01
4.561795425415039062e+01
4.591285324096679688e+01
4.580263137817382812e+01
4.482958984375000000e+01
4.473593902587890625e+01
4.477657318115234375e+01
4.521113967895507812e+01
4.490005493164062500e+01
4.593892288208007812e+01
4.619320297241210938e+01
4.622368240356445312e+01
4.639825057983398438e+01
4.722188186645507812e+01
4.738844680786132812e+01
4.660987472534179688e+01
4.727797698974609375e+01
4.709258270263671875e+01
4.658553314208984375e+01
4.714112472534179688e+01
4.683818054199218750e+01
4.690029907226562500e+01
4.730071258544921875e+01
4.786471176147460938e+01
4.780391693115234375e+01
4.756906509399414062e+01
4.737541580200195312e+01
4.783992767333984375e+01
4.799331665039062500e+01
4.755626296997070312e+01
4.784685516357421875e+01
4.806269073486328125e+01
4.818530654907226562e+01
4.794239807128906250e+01
4.837151336669921875e+01
4.791720199584960938e+01
4.815592956542968750e+01
4.910211181640625000e+01
4.887719345092773438e+01
4.874716567993164062e+01
4.891819381713867188e+01
4.883673095703125000e+01
4.805690765380859375e+01
4.832878875732421875e+01
4.871664810180664062e+01
4.900673294067382812e+01
4.932377624511718750e+01
4.879251480102539062e+01
4.920278549194335938e+01
4.938613891601562500e+01
4.941932678222656250e+01
4.897053909301757812e+01
4.861001586914062500e+01
4.863101577758789062e+01
4.805139923095703125e+01
4.964311599731445312e+01
4.885299301147460938e+01
4.973896026611328125e+01
4.925966644287109375e+01
4.940074157714843750e+01
5.043586730957031250e+01
4.992630767822265625e+01
4.980622100830078125e+01
4.989353942871093750e+01
4.996817779541015625e+01
5.059710311889648438e+01
5.088066482543945312e+01
4.998486709594726562e+01
5.091555404663085938e+01
5.066390609741210938e+01
5.071797180175781250e+01
5.138708496093750000e+01
5.051598358154296875e+01
4.934044647216796875e+01
4.983744430541992188e+01
4.967750167846679688e+01
4.947763442993164062e+01
5.020017242431640625e+01
4.901710891723632812e+01
4.898334121704101562e+01
4.900011444091796875e+01
4.983287429809570312e+01
4.919698333740234375e+01
5.002243804931640625e+01
4.928804016113281250e+01
4.942370223999023438e+01
4.973287200927734375e+01
4.907449340820312500e+01
4.866388702392578125e+01
4.917561721801757812e+01
4.848146057128906250e+01
4.898486328125000000e+01
4.896576690673828125e+01
4.899326705932617188e+01
4.879171371459960938e+01
4.850999832153320312e+01
4.809340286254882812e+01
4.875170135498046875e+01
4.921193695068359375e+01
4.845020675659179688e+01
4.895979309082031250e+01
4.830886840820312500e+01
4.891459274291992188e+01
4.819712066650390625e+01
4.863634872436523438e+01
4.835067749023437500e+01
4.872184753417968750e+01
4.845074844360351562e+01
4.912985992431640625e+01
4.870425796508789062e+01
4.897688674926757812e+01
4.811401748657226562e+01
4.853462600708007812e+01
4.761781692504882812e+01
4.760394668579101562e+01
4.763636398315429688e+01
4.694006347656250000e+01
4.776312637329101562e+01
4.824557876586914062e+01
4.900319671630859375e+01
4.819075775146484375e+01
4.952928924560546875e+01
4.913655471801757812e+01
4.997246170043945312e+01
4.956940460205078125e+01
4.968944931030273438e+01
4.915998840332031250e+01
4.950721359252929688e+01
4.966970825195312500e+01
4.902431869506835938e+01
4.930770111083984375e+01
4.898469543457031250e+01
4.909954833984375000e+01
4.923087310791015625e+01
4.832806396484375000e+01
4.866936492919921875e+01
4.853339004516601562e+01
4.917828750610351562e+01
4.859091949462890625e+01
4.852207183837890625e+01
4.800703048706054688e+01
4.804043579101562500e+01
4.902365112304687500e+01
4.841496658325195312e+01
4.843604660034179688e+01
4.876914215087890625e+01
4.884253311157226562e+01
4.870544433593750000e+01
4.829953002929687500e+01
4.889720153808593750e+01
4.841063308715820312e+01
4.833836364746093750e+01
4.887836074829101562e+01
4.858356857299804688e+01
4.883253479003906250e+01
4.834291458129882812e+01
4.838250732421875000e+01
4.847705841064453125e+01
4.789315414428710938e+01
4.919649124145507812e+01
4.845627975463867188e+01
4.870059585571289062e+01
4.894144058227539062e+01
4.894742584228515625e+01
4.868720245361328125e+01
4.861543273925781250e+01
4.800964736938476562e+01
4.866247558593750000e+01
4.895981216430664062e+01
4.886421585083007812e+01
4.893594360351562500e+01
4.860205459594726562e+01
4.965521621704101562e+01
4.932536315917968750e+01
4.845106124877929688e+01
4.795289230346679688e+01
4.830120086669921875e+01
4.778792572021484375e+01
4.837494659423828125e+01
4.816002273559570312e+01
4.750896072387695312e+01
4.779797363281250000e+01
4.798474502563476562e+01
4.822051620483398438e+01
4.785831451416015625e+01
4.730155944824218750e+01
4.764726638793945312e+01
4.654018020629882812e+01
4.690828704833984375e+01
4.720212554931640625e+01
4.726048278808593750e+01
4.788100051879882812e+01
4.720564270019531250e+01
4.787701416015625000e+01
4.742772674560546875e+01
4.832286071777343750e+01
4.839334106445312500e+01
4.836716842651367188e+01
4.836559295654296875e+01
4.885512542724609375e+01
4.804228973388671875e+01
4.802262496948242188e+01
4.855919647216796875e+01
4.749924850463867188e+01
4.821316146850585938e+01
4.827516937255859375e+01
4.843705368041992188e+01
4.804342651367187500e+01
4.818890762329101562e+01
4.848662567138671875e+01
4.741124343872070312e+01
4.771823120117187500e+01
4.866425704956054688e+01
4.903986740112304688e+01
4.837596511840820312e+01
4.907973480224609375e+01
4.888440704345703125e+01
4.896165466308593750e+01
4.936313247680664062e+01
4.915920639038085938e+01
4.944953155517578125e+01
4.984706115722656250e+01
4.921292495727539062e+01
4.913757705688476562e+01
4.938427352905273438e+01
4.947378921508789062e+01
4.866036605834960938e+01
4.935763549804687500e+01
4.894086837768554688e+01
4.984066390991210938e+01
4.938549041748046875e+01
4.990503692626953125e+01
4.971478271484375000e+01
5.008960342407226562e+01
5.005829620361328125e+01
5.063804626464843750e+01
5.023557662963867188e+01
5.022238922119140625e+01
5.065593719482421875e+01
5.058599853515625000e+01
5.044433593750000000e+01
4.949250411987304688e+01
4.986621856689453125e+01
5.000470352172851562e+01
4.903821182250976562e+01
4.947916412353515625e+01
4.997615814208984375e+01
4.952140045166015625e+01
5.002519989013671875e+01
5.022214889526367188e+01
5.064996719360351562e+01
4.978942489624023438e+01
5.106104278564453125e+01
5.041534805297851562e+01
5.046463775634765625e+01
5.096327972412109375e+01
5.078919982910156250e+01
5.178256607055664062e+01
5.065620803833007812e+01
5.049160766601562500e+01
5.096611022949218750e+01
5.060073089599609375e+01
5.044263458251953125e+01
5.041508483886718750e+01
5.007203292846679688e+01
5.039755630493164062e+01
5.029388427734375000e+01
4.984761047363281250e+01
5.015042114257812500e+01
5.015031433105468750e+01
4.974674606323242188e+01
4.968203353881835938e+01
4.907007217407226562e+01
4.930915451049804688e+01
4.912899780273437500e+01
4.879383468627929688e+01
4.806922531127929688e+01
4.878367233276367188e+01
4.852418899536132812e+01
4.892096710205078125e+01
4.885366058349609375e+01
4.868266677856445312e+01
4.871247863769531250e+01
4.868514251708984375e+01
4.868020248413085938e+01
4.854164886474609375e+01
4.792660140991210938e+01
4.840420913696289062e+01
4.828248596191406250e+01
4.768437194824218750e+01
4.795798110961914062e+01
4.806608581542968750e+01
4.812941360473632812e+01
4.806819534301757812e+01
4.828905868530273438e+01
4.872196960449218750e+01
4.895915603637695312e+01
4.917538070678710938e+01
4.968807983398437500e+01
4.886495208740234375e+01
4.885746002197265625e+01
4.897925567626953125e+01
4.897964859008789062e+01
4.911318969726562500e+01
4.899493789672851562e+01
4.843250656127929688e+01
4.900085830688476562e+01
4.951239013671875000e+01
4.891952514648437500e+01
4.891967391967773438e+01
4.932978057861328125e+01
4.847851181030273438e+01
4.847756195068359375e+01
4.847608184814453125e+01
4.829980850219726562e+01
4.828507995605468750e+01
4.806848907470703125e+01
4.870768737792968750e+01
4.886413192749023438e+01
4.911895370483398438e+01
4.877912521362304688e+01
4.890790939331054688e+01
4.882948303222656250e+01
4.850408554077148438e+01
4.880394744873046875e+01
4.952050018310546875e+01
4.932146072387695312e+01
4.865761184692382812e+01
4.966444015502929688e+01
4.917479705810546875e+01
4.940856933593750000e+01
4.927732849121093750e+01
4.966105651855468750e+01
5.031518936157226562e+01
4.995810317993164062e+01
4.985963439941406250e+01
4.991777038574218750e+01
4.956074523925781250e+01
4.885363388061523438e+01
4.893733596801757812e+01
4.969833755493164062e+01
4.917665481567382812e+01
4.943842315673828125e+01
4.894255828857421875e+01
4.883171844482421875e+01
4.892975997924804688e+01
4.910552978515625000e+01
4.901363754272460938e+01
4.822053527832031250e+01
4.832024383544921875e+01
4.881643676757812500e+01
4.905177307128906250e+01
4.930319595336914062e+01
4.901966476440429688e+01
4.946752166748046875e+01
4.943804550170898438e+01
4.908001327514648438e+01
4.939216613769531250e+01
4.974504470825195312e+01
4.974890518188476562e+01
4.966578292846679688e+01
4.967671966552734375e+01
5.053558731079101562e+01
5.019952774047851562e+01
4.963714218139648438e+01
4.989197158813476562e+01
4.990984344482421875e+01
4.940433883666992188e+01
4.935233688354492188e+01
4.891384506225585938e+01
4.930386734008789062e+01
4.928318023681640625e+01
4.982759857177734375e+01
4.941465759277343750e+01
4.963748550415039062e+01
4.983507919311523438e+01
4.922770309448242188e+01
5.016467285156250000e+01
4.981767272949218750e+01
5.033568572998046875e+01
5.011147689819335938e+01
5.016894531250000000e+01
5.068083953857421875e+01
4.960358810424804688e+01
4.970056915283203125e+01
5.020774841308593750e+01
4.982131958007812500e+01
5.004387664794921875e+01
4.973582839965820312e+01
4.941703033447265625e+01
