-4.234659437928300463e+02
6.646001899386234868e+00
4.842512216033033923e+01
6.298356629508780458e+01
6.638964240116929716e+01
-4.844324828886837686e+00
9.040595232861226904e+00
-9.325116892788764744e+01
-9.848212336717979554e+01
-4.886247828148335515e+01
-8.236459468761668745e+01
-1.730834375380263737e+02
-9.527220368280543994e+01
-1.897582349703705802e+02
-2.340185272734991599e+02
-2.342638130572898376e+02
-1.789461051220130230e+02
-1.799851064219385819e+02
-2.079684021286794291e+02
-1.969033407905336901e+02
-1.764461202192059091e+02
-1.660743491480562000e+02
-1.725597186588733507e+02
-2.212853296816085162e+02
-7.247557826271783199e+01
-1.222860614800978709e+02
-1.588064160515557965e+01
-6.354104723996307769e+01
-1.149082271381178977e+01
-4.471317384330136235e+01
8.529161164858967936e+01
2.382917498937020895e+01
4.974531699524811756e+01
2.961537554421927965e+01
1.129525476971980424e+02
1.164397074012955784e+02
6.580778054015783596e+01
1.294626221711440621e+02
1.202629674592532893e+02
2.561794456347979008e+02
1.078879434979005225e+02
3.542702229212823113e+02
2.284828669517330013e+02
2.670669195868165389e+02
1.863913464806521461e+02
1.476434596548993454e+02
2.379731516517639136e+02
2.936809335727916732e+02
3.203038336546193250e+02
2.959532450687071332e+02
3.562385017453015053e+02
3.628763208022451749e+02
3.977489761858704469e+02
4.070581580831664610e+02
2.298326298264206287e+02
2.931277062796452810e+02
3.406745761681165163e+02
4.123811318653119997e+02
4.021959926353558217e+02
4.693806814458707777e+02
4.605816597519666402e+02
5.060659750984661400e+02
4.845698040255452952e+02
4.591729208712455375e+02
4.679566629051606697e+02
4.876247137907924412e+02
6.044596231157096327e+02
5.978616770547131409e+02
7.331006696294748508e+02
6.417104105574419464e+02
5.619862967319687641e+02
6.255884983002432591e+02
7.304919147079016284e+02
7.229786032730379475e+02
6.407568486732182009e+02
6.683093409330489294e+02
4.993776654594763613e+02
5.096965504391361605e+02
8.437753005687740142e+02
5.576457404331385987e+02
7.176336993246538896e+02
7.014670998881787227e+02
7.272775999722625784e+02
6.696769437706618646e+02
8.955358905762877839e+02
6.015673653017424840e+02
6.868995001435175709e+02
5.963750591077111949e+02
7.646177186918469033e+02
7.624311911110821711e+02
6.892129436426862412e+02
8.161252061297973341e+02
9.285787072729053762e+02
7.902466157839696734e+02
7.770674643151346572e+02
8.521593079293722894e+02
7.310443793909780652e+02
8.771128300967972109e+02
9.140145628083294014e+02
8.471784051025740609e+02
1.032641314696937570e+03
8.526128371866177531e+02
8.287696320544764603e+02
8.257527172358262533e+02
1.107957230808360237e+03
1.132608192538370758e+03
1.129189744365948627e+03
8.641883874472832758e+02
9.692001005239847018e+02
9.169096824976710423e+02
1.191870351105837699e+03
1.056109323113757910e+03
1.028445240487192450e+03
1.112812374165393976e+03
1.215838584846865615e+03
1.038579225868171761e+03
9.637332110189521472e+02
1.149288644997750907e+03
1.044563074945728431e+03
1.021699781756917218e+03
1.188936754044912050e+03
1.068518066174686055e+03
1.381896216428890739e+03
1.104447695440555890e+03
1.126135453691247221e+03
1.333936634913322905e+03
1.360234278951172655e+03
1.170783700473766203e+03
1.292631259032542175e+03
1.390075182956647041e+03
1.608793010039178853e+03
1.379511455163012442e+03
1.469254381746195122e+03
1.432591669610095323e+03
1.381485629836486396e+03
1.442756702951992793e+03
1.254110329736818130e+03
1.339084811670496947e+03
1.627090991760461065e+03
1.665227403232270035e+03
1.507488851696401525e+03
1.512587528360306123e+03
1.686474607396078909e+03
1.471011792353754345e+03
1.474506567779495754e+03
1.523053893128809705e+03
1.429351731094477827e+03
1.726631118416748450e+03
1.704330583230411776e+03
1.561521494101372355e+03
1.476963362448005682e+03
1.757733618014373405e+03
1.672832462273834153e+03
1.540380601034999017e+03
1.710022086065297117e+03
1.763722091517602848e+03
1.702434541272767547e+03
1.718848872675615667e+03
1.701118225302822566e+03
1.554787288037381131e+03
2.033771119269001019e+03
1.676971811497216549e+03
1.985015587514634262e+03
1.840287398531599592e+03
2.009746352197872966e+03
1.815433933172350635e+03
1.955044540698162791e+03
2.024744430112901682e+03
1.913775145183265977e+03
1.862720089620033832e+03
1.976530804593133098e+03
1.795866497101197183e+03
2.091774313413722666e+03
1.826080885690895684e+03
1.939198438164847630e+03
1.946367289793865666e+03
1.871148698088488572e+03
1.783721994004380349e+03
2.021847679731593871e+03
1.918594762376621247e+03
1.998314676446839485e+03
1.812658840827760741e+03
1.936379738611412449e+03
1.939780215388815577e+03
2.251843642387471391e+03
1.921336436219346069e+03
1.980421497859157853e+03
2.092635023780689608e+03
2.277413615544229287e+03
1.999839377286104991e+03
2.018037445994239533e+03
2.097090114971931143e+03
1.910965483142253333e+03
1.950822064042199145e+03
2.243628602707566642e+03
2.059193966216289937e+03
2.358494090969446916e+03
2.168355981103186423e+03
2.068982942246180755e+03
2.434482779396753358e+03
2.206411909411936449e+03
