-3.980274617684611940e+02
-2.138147682405489434e+02
-1.797864296101872839e+01
9.290561551186401346e+01
-7.121468970210353078e+00
-1.186068511267660597e+01
5.089212183908166054e+01
2.288887696857650589e+00
1.191283405541113538e+01
1.330843202264703651e+00
-8.093219079590667775e-01
3.523633899351367171e-01
-7.518195073421311747e+01
2.127668835696573524e+01
3.061463849798954584e+01
8.242890353570871298e+01
1.061849659564488491e+02
7.850162577752743687e+01
6.333169303797369309e+01
5.519209986067956208e+01
-1.645323082072797547e+02
-9.804479590248777754e+01
-1.775956964639712226e+02
-1.653206672096477234e+02
-2.073192563323367779e+02
-1.626388196476937651e+02
-4.238540778039887869e+01
-9.886410988870736105e+01
-6.060319370670728034e+01
-1.911652940375383380e+01
-4.521121132026645029e+01
-1.195695958591078023e+00
-2.101637401294728846e+01
-1.498938706560269374e+01
3.626400721359281931e+01
9.492811670346921460e+01
1.233258131502879529e+01
9.567066694927598292e+01
3.555593883366860553e+01
7.340514785765449801e+01
8.501598987201685986e+01
7.018437219312930608e+01
1.027297027332154329e+02
1.009966118462760676e+02
1.375209309733808709e+02
1.099095011870020642e+02
1.333920552317000272e+02
3.532389838518653846e+02
3.035070367171127828e+02
2.880447450018281188e+02
1.409001849260488086e+02
3.326668999388627981e+02
3.237498581286990316e+02
1.261612373719535469e+02
3.446745026966780756e+02
2.959300226332150601e+02
3.750936565952960109e+02
2.581554089332029207e+02
3.086629839233050916e+02
3.032598695566578044e+02
3.702553509296812990e+02
3.734000165451631688e+02
3.293957370107215183e+02
4.243850455714426744e+02
3.498327237696819907e+02
3.958196532543814214e+02
3.355602571354591532e+02
3.368034163600888746e+02
3.280718032572850689e+02
3.150917238241688096e+02
5.220954126472503276e+02
4.423454141437676981e+02
3.150886489694806869e+02
4.966209330453323787e+02
4.125709239011733871e+02
4.434259992797733503e+02
4.383139954961472426e+02
6.584498347042010664e+02
5.451101871819275857e+02
5.968920929598639304e+02
5.340410461205017327e+02
4.340499994352741169e+02
4.042840287931033458e+02
5.743323120597511888e+02
7.169891206405782214e+02
4.098698143209138038e+02
3.639111043568904051e+02
5.512792735691564303e+02
5.953712641625697870e+02
6.700023099156250055e+02
7.356666107511282462e+02
6.871936869920198205e+02
6.169499847008794404e+02
5.339526471464234874e+02
5.647332330722551887e+02
5.632634928300975616e+02
6.316510213808275012e+02
6.435019897772145896e+02
7.427234253935791912e+02
7.157384937954361703e+02
6.701134574403160968e+02
7.946474677541863230e+02
7.890210325506534446e+02
6.927656424318909103e+02
6.108558595103520474e+02
7.924242116996583718e+02
9.801781535236419813e+02
6.742287415180348944e+02
8.422281464088011944e+02
7.509220203226326475e+02
7.059587011324208561e+02
8.080024110471077847e+02
7.159654175692032823e+02
6.885190211682363497e+02
8.311091018626518689e+02
8.581401024887020412e+02
8.123407498685168093e+02
8.552440294410528168e+02
7.637311126489456683e+02
8.358944260554992525e+02
8.833911667947883188e+02
8.950286214883274170e+02
8.777378580941585824e+02
9.722999087196149048e+02
8.953631118974093397e+02
1.052868800203591491e+03
9.833200945665257677e+02
7.483805444163149332e+02
9.559570023072977847e+02
7.483840478995674630e+02
9.023746226965231472e+02
8.379174522201631135e+02
9.128763433406733157e+02
7.950154180878408852e+02
9.843410457496493109e+02
9.932837394986585196e+02
8.971572028108960239e+02
1.057951404811401062e+03
9.713110678580799231e+02
9.070278648253979554e+02
1.032118024353831061e+03
1.187649238996682925e+03
1.217706427966453020e+03
1.073490694519928411e+03
1.147817788406811815e+03
1.109180797807750196e+03
9.257769323846583802e+02
1.033616811149494879e+03
1.178778106067017234e+03
1.250609683240112645e+03
1.106661633606659507e+03
1.233487261662392029e+03
1.080876866161167072e+03
1.030909737688088398e+03
9.727777603104734681e+02
1.245039082828287064e+03
1.165825989705749180e+03
1.055890960166530476e+03
1.271296071172131178e+03
1.078117871566554413e+03
1.090153241545712490e+03
1.155259887880710721e+03
1.116946860568526517e+03
1.188779138426915551e+03
1.068005977212982771e+03
1.169997911335367235e+03
1.245022710837478826e+03
1.316596803180872939e+03
1.401401677517781081e+03
1.155264877210549002e+03
1.253417968894345677e+03
1.287088318926592819e+03
1.159369303129863283e+03
1.355197613604812886e+03
1.340456181293123109e+03
1.364929280203312146e+03
1.150735820815888474e+03
1.358574549284142904e+03
1.309280254209006443e+03
1.424089089472364321e+03
1.436288261237163624e+03
1.352100669129188645e+03
1.211585232186563417e+03
1.510376035336705627e+03
1.249964607057735975e+03
1.295563089548354583e+03
1.423260399699942127e+03
1.441838438916130144e+03
1.429462240488987391e+03
1.305227892232515387e+03
1.332559921331666601e+03
1.398644724903319684e+03
1.150059621949924122e+03
1.333818774488291183e+03
1.551401864172464229e+03
1.374132477213193852e+03
1.331075105549401087e+03
1.349806860808781494e+03
1.290556981077827004e+03
1.451962793874626414e+03
1.486069699239400052e+03
