-1.485680336876710612e+02
-2.258666126573330644e+02
-4.676305310446974772e+01
-4.209600255182535022e+01
-9.970890133189763560e+01
-8.375859938739232291e+01
-1.331553998396866518e+02
-1.278110687565061454e+02
-1.695655717306561314e+02
-2.369065896744278348e+02
-3.192195069600171564e+02
-3.974952328183068744e+02
-3.082823888206568199e+02
-3.134411531024888404e+02
-2.601141900071694408e+02
-2.423850174746984862e+02
-3.136273690756016208e+02
-2.125961510556797407e+02
-2.407930056374469245e+02
-1.913243383399049264e+02
-1.991205548941658776e+02
-1.738336394043335815e+02
-1.144838965672761049e+02
-1.134795832939199443e+02
-1.277565244839871639e+02
-1.146376873643035168e+02
1.230272292699592107e+01
7.881127406413841641e+01
-8.147589837189745765e+01
4.240494714179462221e+00
3.991995905713464055e+01
2.494454930521199998e+01
5.578878775673199186e+01
9.670915439913133582e+01
7.073009938728365853e+01
1.312978294552555667e+02
1.068135130964190296e+02
1.054539852659396502e+02
9.904235128009756295e+01
1.296973129404489953e+02
7.855334008262911993e+01
1.892667960419801716e+02
2.115696317505260140e+02
1.614148993669137724e+02
2.549993378209533148e+02
2.030222678290435567e+02
3.046525345077053544e+02
2.599809336393901731e+02
3.265241173887520745e+02
3.828730018541135109e+02
3.441828057410568249e+02
3.761872653731862783e+02
4.748249009844965940e+02
4.209279958907283685e+02
4.805859471441090136e+02
4.862325172413812879e+02
4.244280353521997426e+02
4.167978494619008529e+02
4.742197658346207163e+02
5.202552623615736138e+02
5.426621596329675867e+02
5.140678312964085990e+02
5.144782574750688582e+02
6.050572111039002721e+02
5.868469912738866014e+02
6.894493034916838496e+02
6.328957281360133038e+02
6.103362624785856951e+02
6.448771441527010211e+02
6.788320499876593885e+02
5.672744243037327578e+02
6.227201449678262861e+02
6.850522615073980432e+02
6.894385765407134841e+02
6.354074603256941600e+02
6.623291537648932490e+02
5.746304579362112008e+02
7.248617419636143495e+02
7.819504361923602573e+02
6.371568444642043687e+02
7.238203539365420056e+02
7.312564307787722555e+02
7.671036998790314101e+02
6.799623803377024842e+02
7.296229930395431893e+02
7.381734946482442865e+02
6.893463031395687040e+02
7.797085369302183153e+02
6.987475588586536333e+02
8.880209751476864994e+02
7.593375629943182048e+02
6.984868760114674160e+02
7.499790829111759649e+02
7.943885925873844371e+02
7.825282532801928710e+02
8.948157899391529781e+02
8.184869141555063834e+02
8.478297296117661972e+02
7.366132474068178908e+02
8.827732779247510280e+02
8.345609763168073414e+02
7.723155503498842336e+02
5.959135641299681083e+02
9.175435442017449077e+02
9.184928056241587910e+02
7.693446001400577643e+02
8.583287194567861889e+02
7.768257824284854678e+02
8.496696435186120198e+02
8.658800464910993924e+02
9.688600305289157859e+02
8.354178995486621488e+02
8.410018404278832804e+02
9.168074981513220791e+02
1.059552286887874743e+03
8.940139370602597637e+02
9.869085434724859169e+02
8.827078374837490173e+02
8.440814905165191249e+02
1.003364619501164611e+03
9.492125748906055378e+02
8.255350810875522711e+02
9.663859004633417271e+02
9.171385432772967761e+02
1.081507468749662166e+03
1.020360359293021247e+03
1.089068957536738480e+03
1.206296712971400211e+03
1.159324229376362609e+03
1.087265829867692901e+03
1.246722432607076826e+03
1.106357046410570092e+03
1.352457433010838031e+03
1.202206673658677801e+03
1.085598812607713171e+03
1.088901113485631868e+03
1.212838410573078590e+03
1.161507402209786960e+03
1.236677632152084925e+03
1.115669097213530677e+03
1.270852309149245002e+03
1.248538670317955621e+03
1.172577764299737055e+03
1.262614627115877283e+03
1.298729700403454899e+03
1.416053045262772912e+03
1.525725027070810938e+03
1.332331076106968339e+03
1.251395881348609464e+03
1.273626846442595252e+03
1.452151823474289586e+03
1.482480319454469964e+03
1.428039186913084677e+03
1.582865819371799262e+03
1.482259008761235691e+03
1.481011999606437257e+03
1.587119106404349168e+03
1.323814161770389319e+03
1.371229236042373259e+03
1.606308161000720020e+03
1.430208921850449315e+03
1.447300203312258418e+03
1.393700902235154444e+03
1.539764019791342207e+03
1.665647832316879430e+03
1.483887475820052259e+03
1.498732196333929096e+03
1.619698253571901205e+03
1.669760482273210755e+03
1.873331365586143193e+03
1.702634413483857088e+03
1.502959237034268426e+03
1.692937244546016473e+03
1.727157914289391556e+03
1.782948546987807731e+03
1.777754111697580811e+03
1.656871424753306655e+03
1.875199204884691881e+03
1.755174850330388381e+03
1.674272766301408865e+03
1.664168803250623341e+03
2.031528411668479066e+03
1.911753717196272646e+03
1.741108908179036007e+03
1.734101246085521097e+03
1.837826743548047261e+03
1.890979425721200414e+03
1.998065691964676716e+03
1.945369779631067331e+03
1.786678684509760842e+03
2.017622302917415027e+03
2.039327652755107465e+03
1.922009625198302501e+03
1.828679619584356715e+03
1.795127423102302146e+03
1.737321184643322795e+03
1.980117199971101627e+03
2.053164230027518897e+03
1.788514250334909320e+03
2.007385776786713905e+03
1.960601128414168898e+03
