-7.407513165734623044e+02
-1.524190925147127587e+02
-5.035124025746502952e+01
-5.667735195415188798e+01
1.088550242492786992e+02
1.316081942259458515e+02
1.346047807349459902e+02
3.997459052975762006e+02
4.502048472777529469e+02
4.868988623518663985e+02
1.265456099495872195e+03
1.023628608204152442e+03
6.333396685946847811e+02
1.154067118804760639e+03
1.006107346334716226e+03
8.890256610870150098e+02
5.635816149885167761e+02
-4.790501770094792988e+01
-9.721663892189694423e+01
-2.078890549542415158e+02
-2.868475288819187199e+02
-2.616113045969294149e+02
-3.077518394378514017e+02
-2.647213139625166605e+02
-1.888758956073784248e+02
-2.268113767711967341e+02
9.314344565538473120e+00
8.602978863401138199e+01
4.031517958690623118e+02
5.991987439012302730e+02
1.205315837134076446e+03
1.513968903005826633e+03
1.903003765319431750e+03
2.501626212145860336e+03
1.870372189682659837e+03
2.399121932725678562e+03
3.219664112293547987e+03
3.300494906980934957e+03
3.496717589993332695e+03
3.514921829764978611e+03
3.775781907942407088e+03
3.632604616957619328e+03
3.800777620104402104e+03
4.268111666143354341e+03
4.403147782394169553e+03
4.606349350583598607e+03
4.340028270826527660e+03
4.658105189096293543e+03
4.089697744163496736e+03
4.055202263545002097e+03
3.918210494697965714e+03
4.337969324730823246e+03
3.631376140526518611e+03
4.071171225611450609e+03
3.614179249482409887e+03
4.559908801866376052e+03
4.203340212819074623e+03
4.974895355838562864e+03
5.064501230175230376e+03
3.253027794872561117e+03
5.546827736343869219e+03
5.496282101953887832e+03
5.443338828430682952e+03
5.559314829875943360e+03
5.498490660821778874e+03
5.178328614279336762e+03
5.395146193095394665e+03
5.333025427856232454e+03
5.942623837724326222e+03
5.752864726372607038e+03
5.561104425346316930e+03
6.074824808799208768e+03
6.314697671402951528e+03
6.148188117163621428e+03
6.055152817383663205e+03
6.386229360243544761e+03
6.526639747445500689e+03
6.860988049308165500e+03
6.908762101319375688e+03
6.974909847474054914e+03
6.920008527178311851e+03
6.979714007565254178e+03
6.526401642054237527e+03
7.334484924543052330e+03
7.269290622471433380e+03
7.319212671541250529e+03
7.265145427154786375e+03
6.717504975044455023e+03
6.746206312862935192e+03
6.374188466986126514e+03
7.668730285759918843e+03
7.308038225939722906e+03
7.570463303254291532e+03
7.871400540232348249e+03
7.705795246778344335e+03
8.114238481871941076e+03
7.990065370185169741e+03
8.216244728203590057e+03
8.219621120675385100e+03
8.317371287417148778e+03
7.838788388247325202e+03
8.080170007048935986e+03
8.621656416523042935e+03
8.551083428959807861e+03
8.534393882096177549e+03
7.976447018109710370e+03
8.242940022825625420e+03
8.303143623051520990e+03
8.367207994966951446e+03
8.631906994349914385e+03
9.012868277858138754e+03
8.703537181726238487e+03
8.338953576286012321e+03
7.561990588093935003e+03
8.645819469763931920e+03
9.442330302557547839e+03
8.838151318918849938e+03
9.612222952337544484e+03
9.718239868773374837e+03
8.893216724804131445e+03
9.644224526003799838e+03
9.117102374140224128e+03
9.357869872296494577e+03
1.014306913737861396e+04
9.521945058956061985e+03
9.971781180108429908e+03
1.014496962981319848e+04
9.238701120667268697e+03
9.635861928765485573e+03
9.416313476417044512e+03
9.772551473945319231e+03
8.868231111492743366e+03
9.177370690318886773e+03
8.549520764844095538e+03
1.067222458764841031e+04
1.059352003185953072e+04
8.543870973517572565e+03
9.860730346213280427e+03
1.022414062917184674e+04
1.084163399697426212e+04
9.769925084970593161e+03
9.991488060416962981e+03
1.082443476221344281e+04
1.032997145614917463e+04
1.051100239270460224e+04
1.083590435200488173e+04
1.059882341003735928e+04
1.018184865247144990e+04
1.085632120063904949e+04
1.092107382760817200e+04
1.060523365716153239e+04
9.933957654302788796e+03
1.092988939213400408e+04
1.125656262723997133e+04
1.138264919164962885e+04
1.130083749655429347e+04
9.982024895745294998e+03
1.027104758464358929e+04
1.124766521755878421e+04
1.122629178686476007e+04
1.106276700514811455e+04
1.124937311230975865e+04
1.151577647484626686e+04
1.125138609771797928e+04
1.072458265520390523e+04
1.126271286016440536e+04
1.161495964529378580e+04
1.158756488171731326e+04
1.099615871494922976e+04
1.085852738887621308e+04
1.128762206190223878e+04
1.138337588851458349e+04
1.129722586961015804e+04
1.122271017269818003e+04
1.163954588998705913e+04
1.110430365707714009e+04
1.087494162009602951e+04
1.138893115839407619e+04
1.159626449234120628e+04
1.130179636168277284e+04
1.130953208646899657e+04
1.153219003950490332e+04
1.142563870422327273e+04
1.162210753546719570e+04
1.186144201255918779e+04
1.148181813968545612e+04
1.127079424234345424e+04
1.109214655570187824e+04
1.160123586024122778e+04
1.201291544171118949e+04
1.175168041269962487e+04
1.161757090989289645e+04
1.135150900500655916e+04
1.148736563851832034e+04
1.156310749094805033e+04
1.182122442866063284e+04
1.174817223005090455e+04
1.158587984671980303e+04
1.119906365018998804e+04
1.085659302792697054e+04
1.124532057458212512e+04
