-3.986139609326852451e+02
1.705151605375761790e+02
1.307657740522764129e+02
2.200364404917531260e+02
1.097982258984778099e+02
4.099027444033962908e+00
1.213560976178017654e+02
1.584402822295674298e+02
6.627533883660431968e+01
8.548148632986024609e+01
-3.085769049208711756e+00
1.342038589990520450e+02
9.201832028150647602e+01
3.791605386136602363e+01
-2.150224620398186204e+01
-1.054179868031313845e+02
-1.587518667308792431e+02
-2.013652509102539341e+02
-2.789360870036201732e+02
-3.207179915357533559e+02
-3.494444533084158024e+02
-2.440073746705922133e+02
-2.454191591438662385e+02
-1.946103940008903805e+02
-2.145635732208352806e+02
-9.972113905466640915e+01
-5.903568470393330614e+01
9.934649109201305617e-01
-1.285130958001399470e+01
4.815193994706163494e+00
-3.417795044098544111e+01
1.874088076965448124e+01
5.641934952035141748e+01
4.511684791610259282e+01
9.345926691015844767e+01
1.152015158860840813e+02
1.705155021387687384e+02
1.669368327285703799e+02
9.426963382059422258e+01
9.343249671603655315e+01
1.626261509927177542e+02
1.984681601779528251e+02
1.403532345693150205e+02
1.049289096715858278e+02
2.027070048033967851e+02
2.887518700669048712e+02
1.881632791154192432e+02
1.776978647523096129e+02
3.456563006635033730e+02
3.006894557410990956e+02
3.730643526605027773e+02
3.473539152420001983e+02
4.300658132374172169e+02
3.604899604842603367e+02
3.438884798549690913e+02
2.941863176074529065e+02
4.372237742852204860e+02
4.706389666926963287e+02
4.414512224936165694e+02
5.098051493479188139e+02
4.580426170870452438e+02
4.356635513357636000e+02
5.336255050967570241e+02
5.119227959699086341e+02
5.614906340599028454e+02
5.073246571332074382e+02
5.923978869369923359e+02
5.053879274598323832e+02
5.699043584175059323e+02
5.485559952831090413e+02
5.003984404637059242e+02
7.369936018658218018e+02
6.839641283332050534e+02
7.310874862191100192e+02
8.325683591305408981e+02
7.239384075799337097e+02
7.675176770060013496e+02
8.198024494980008967e+02
9.121038177986780511e+02
1.036419737461431851e+03
1.003757686188356274e+03
9.348912288129149601e+02
9.556823518404792139e+02
9.737201528891970383e+02
9.299498601606840111e+02
1.040415181679426723e+03
8.532806634451695800e+02
1.120397164076474610e+03
1.119985290291426736e+03
1.044699703601524106e+03
1.043581112753378875e+03
9.853439782705478365e+02
9.277691323531551006e+02
1.120455714266138330e+03
1.442073802943254577e+03
1.380063284772168117e+03
1.176831445126638073e+03
1.141519365592571830e+03
1.116852644027971792e+03
1.079888286143668438e+03
1.135143676430025607e+03
1.277534185404929985e+03
1.162244498298783583e+03
1.244781765256524750e+03
1.159367572258938253e+03
1.189004066945576142e+03
1.300609612667276679e+03
1.313837566523681517e+03
1.352343369840840296e+03
1.462733561642538461e+03
1.313663419773425176e+03
1.588663609505937984e+03
1.229846541899033582e+03
1.316618029281245299e+03
1.481290256456131146e+03
1.434473847377676748e+03
1.488846347816822572e+03
1.315954110765602536e+03
1.322615745782255317e+03
1.321808926645165457e+03
1.502942247862951263e+03
1.466389455044382657e+03
1.562967619027988803e+03
1.556450507587297125e+03
1.472277699787622623e+03
1.461874392770496797e+03
1.442808338184108379e+03
1.591336588836438295e+03
1.378359705547183921e+03
1.554689375032407042e+03
1.649871068416529624e+03
1.564303832607075492e+03
1.538998921656370158e+03
1.573051639110746009e+03
1.485158435836072613e+03
1.802281666246521581e+03
1.632697065511294113e+03
1.663958683694814681e+03
1.750400642757018886e+03
1.689603133658298702e+03
1.587712990919391132e+03
1.852441680237257970e+03
1.520318970594820257e+03
1.744137539968212877e+03
1.690854839011138665e+03
1.730814539185378862e+03
1.822738038087249834e+03
1.681464222548770977e+03
1.830763832980142524e+03
1.753627009767771142e+03
1.642723617398577744e+03
1.774996311726067916e+03
1.701603258449411442e+03
1.803782039085707993e+03
1.762141215462444507e+03
1.760760158477857203e+03
2.057736360192940083e+03
1.777415818662459515e+03
1.847864114344086147e+03
1.861059259507407887e+03
1.757811824304002585e+03
1.818396857886365297e+03
1.527946444679736032e+03
2.072890386007505185e+03
1.881354791012159694e+03
1.895230238582232687e+03
1.780982676266102544e+03
1.783618615591554317e+03
1.923371651358152576e+03
2.221132874931231527e+03
1.907701105433536895e+03
1.845133523463452320e+03
2.082351604590533043e+03
1.881112373591283585e+03
2.357796681630990406e+03
1.862526065101042605e+03
1.888049289034376443e+03
1.967055687679574476e+03
2.241271457506118622e+03
2.150727139575767978e+03
2.014067665006159132e+03
1.832503408283363342e+03
2.111645979832498597e+03
1.858459644552230429e+03
2.255684793910945700e+03
1.944023574111690323e+03
2.070028790227034278e+03
2.192035555323335757e+03
2.021511783101929950e+03
1.853214468225534802e+03
2.375298159253464746e+03
2.171609612563569499e+03
1.969520322148480773e+03
1.928598970188214253e+03
2.048224611864742201e+03
1.952702137029287087e+03
2.015197943302580143e+03
2.142372314608773195e+03
2.227821542288432283e+03
2.204056641001616754e+03
1.940752768878539882e+03
