0.000000000000000000e+00
0.000000000000000000e+00
8.159970045089721680e-01
7.600219845771789551e-01
7.226707935333251953e-01
7.024967670440673828e-01
6.929157376289367676e-01
6.850993633270263672e-01
6.909084320068359375e-01
6.620568633079528809e-01
6.517656445503234863e-01
6.196210384368896484e-01
6.002795696258544922e-01
5.666188001632690430e-01
5.483772754669189453e-01
5.143543481826782227e-01
4.907308518886566162e-01
4.598234891891479492e-01
4.432817995548248291e-01
4.292544424533843994e-01
4.149945974349975586e-01
4.049470722675323486e-01
3.956035971641540527e-01
3.873489797115325928e-01
3.825093507766723633e-01
3.794842660427093506e-01
3.726123571395874023e-01
3.673045635223388672e-01
3.620843291282653809e-01
3.564423918724060059e-01
3.537724912166595459e-01
3.505977690219879150e-01
3.452976644039154053e-01
3.405235707759857178e-01
3.361971974372863770e-01
3.333565294742584229e-01
3.307672739028930664e-01
3.336255252361297607e-01
3.308593928813934326e-01
3.309378325939178467e-01
3.295788466930389404e-01
3.334204852581024170e-01
3.417294323444366455e-01
3.568188846111297607e-01
3.773199915885925293e-01
4.120025038719177246e-01
4.349579811096191406e-01
4.737905263900756836e-01
5.510892868041992188e-01
5.887655019760131836e-01
6.055220365524291992e-01
6.022287011146545410e-01
6.366925239562988281e-01
6.513267755508422852e-01
6.867142319679260254e-01
6.808397173881530762e-01
7.296490073204040527e-01
6.988761425018310547e-01
7.768431305885314941e-01
6.965941786766052246e-01
7.861783504486083984e-01
7.847338914871215820e-01
8.464580178260803223e-01
7.985923886299133301e-01
8.087066411972045898e-01
8.559892773628234863e-01
9.139019846916198730e-01
8.949729800224304199e-01
9.234743714332580566e-01
1.006236433982849121e+00
1.001009106636047363e+00
9.531800150871276855e-01
9.751545190811157227e-01
9.929997324943542480e-01
1.066537857055664062e+00
1.105701684951782227e+00
1.043114423751831055e+00
1.072690129280090332e+00
1.092070341110229492e+00
1.032435178756713867e+00
1.021874785423278809e+00
1.025027394294738770e+00
1.124580264091491699e+00
1.210478305816650391e+00
1.099533438682556152e+00
1.170987963676452637e+00
1.111450195312500000e+00
1.167268633842468262e+00
1.200858712196350098e+00
1.187432885169982910e+00
1.182650089263916016e+00
1.143288612365722656e+00
1.149517536163330078e+00
1.212305903434753418e+00
1.305854916572570801e+00
1.116757988929748535e+00
1.200695753097534180e+00
1.135696530342102051e+00
1.296469926834106445e+00
1.155220508575439453e+00
1.149650692939758301e+00
1.200368642807006836e+00
1.185570597648620605e+00
1.244862794876098633e+00
1.120565176010131836e+00
1.151513695716857910e+00
1.189036011695861816e+00
1.190444588661193848e+00
1.127790451049804688e+00
1.227703571319580078e+00
1.272037625312805176e+00
1.311111092567443848e+00
1.340013861656188965e+00
1.225035667419433594e+00
1.328622460365295410e+00
1.325924515724182129e+00
1.232084751129150391e+00
1.333352088928222656e+00
1.203883051872253418e+00
1.219338774681091309e+00
1.328692436218261719e+00
1.206282258033752441e+00
1.274137854576110840e+00
1.207342267036437988e+00
1.224009275436401367e+00
1.221966981887817383e+00
1.315991163253784180e+00
1.198693394660949707e+00
1.312611579895019531e+00
1.312535405158996582e+00
1.289093613624572754e+00
1.356027364730834961e+00
1.344151377677917480e+00
1.292224407196044922e+00
2.011006116867065430e+00
1.477435827255249023e+00
1.811449527740478516e+00
1.881704449653625488e+00
1.413708925247192383e+00
1.702477931976318359e+00
1.792828321456909180e+00
1.700176954269409180e+00
1.688377618789672852e+00
1.668963193893432617e+00
1.747214317321777344e+00
1.694502711296081543e+00
1.854795455932617188e+00
1.427439451217651367e+00
1.633657336235046387e+00
2.008587598800659180e+00
2.352555513381958008e+00
1.715559482574462891e+00
1.677623271942138672e+00
1.481496810913085938e+00
1.623777866363525391e+00
1.956745147705078125e+00
1.403509974479675293e+00
2.005126953125000000e+00
1.832825660705566406e+00
1.695090889930725098e+00
1.831157445907592773e+00
2.071577310562133789e+00
2.093540906906127930e+00
1.774848699569702148e+00
2.006268024444580078e+00
2.145101547241210938e+00
1.970330119132995605e+00
1.945511937141418457e+00
1.982411384582519531e+00
2.028818368911743164e+00
2.017971992492675781e+00
2.569587707519531250e+00
2.513095378875732422e+00
2.515673398971557617e+00
2.118278741836547852e+00
2.295203685760498047e+00
2.282722234725952148e+00
2.022206068038940430e+00
1.924317359924316406e+00
2.563614845275878906e+00
2.418969154357910156e+00
2.638832092285156250e+00
2.404316902160644531e+00
2.797566413879394531e+00
3.024316310882568359e+00
2.293342113494873047e+00
2.334877252578735352e+00
2.273614883422851562e+00
2.532322406768798828e+00
2.636019945144653320e+00
2.516830682754516602e+00
2.553736209869384766e+00
3.337122917175292969e+00
2.762801885604858398e+00
2.533174037933349609e+00
2.610042572021484375e+00
3.239967107772827148e+00
2.558379411697387695e+00
2.974330663681030273e+00
2.928144454956054688e+00
3.216345310211181641e+00
3.127252578735351562e+00
3.136672019958496094e+00
2.527627944946289062e+00
3.195290088653564453e+00
3.087328672409057617e+00
3.065928220748901367e+00
3.053973674774169922e+00
2.962317943572998047e+00
3.190649747848510742e+00
2.856376886367797852e+00
3.444375991821289062e+00
2.836369276046752930e+00
3.170200586318969727e+00
2.731010437011718750e+00
2.582836866378784180e+00
3.158988952636718750e+00
2.802709579467773438e+00
3.201670646667480469e+00
3.788894176483154297e+00
2.537695407867431641e+00
2.958584547042846680e+00
2.729815006256103516e+00
2.924143552780151367e+00
2.927817106246948242e+00
3.312486171722412109e+00
2.808703660964965820e+00
3.822719812393188477e+00
3.312937498092651367e+00
2.756616592407226562e+00
3.785845756530761719e+00
3.218927145004272461e+00
4.212440490722656250e+00
3.660251379013061523e+00
3.394147872924804688e+00
2.887025356292724609e+00
3.757297992706298828e+00
3.577243566513061523e+00
3.384923458099365234e+00
3.630683422088623047e+00
3.501911163330078125e+00
3.440503358840942383e+00
3.619430780410766602e+00
3.751204490661621094e+00
3.804511308670043945e+00
3.949105024337768555e+00
4.213539123535156250e+00
3.497982501983642578e+00
4.057353019714355469e+00
4.032068252563476562e+00
4.830379009246826172e+00
4.517581462860107422e+00
4.465081214904785156e+00
5.150846481323242188e+00
4.091946601867675781e+00
4.377617359161376953e+00
4.128252506256103516e+00
4.640660285949707031e+00
3.973498821258544922e+00
4.082054138183593750e+00
3.951013565063476562e+00
4.848919868469238281e+00
4.065061092376708984e+00
4.660449028015136719e+00
4.373325824737548828e+00
4.564847469329833984e+00
4.714570999145507812e+00
4.952908992767333984e+00
5.290984153747558594e+00
4.397699356079101562e+00
4.811672687530517578e+00
6.363947391510009766e+00
4.419563293457031250e+00
5.498733043670654297e+00
5.137519836425781250e+00
5.154340744018554688e+00
6.022573471069335938e+00
5.876787185668945312e+00
5.061501979827880859e+00
5.026717185974121094e+00
5.144552707672119141e+00
6.650127887725830078e+00
5.496667385101318359e+00
5.810958385467529297e+00
6.105179309844970703e+00
5.044577121734619141e+00
5.201073646545410156e+00
6.151647567749023438e+00
6.027793407440185547e+00
5.926284313201904297e+00
5.696611404418945312e+00
6.334575176239013672e+00
6.338892936706542969e+00
6.857765674591064453e+00
6.403326988220214844e+00
6.796226501464843750e+00
7.457402229309082031e+00
6.837567329406738281e+00
7.301357269287109375e+00
6.807881832122802734e+00
7.677226543426513672e+00
7.008454322814941406e+00
6.978941440582275391e+00
7.102334976196289062e+00
6.931951045989990234e+00
6.675348758697509766e+00
6.722735404968261719e+00
7.335833072662353516e+00
6.542788028717041016e+00
7.526816368103027344e+00
7.993314266204833984e+00
8.092627525329589844e+00
7.737189292907714844e+00
7.223885536193847656e+00
7.425742626190185547e+00
7.510076999664306641e+00
7.580283164978027344e+00
7.619498252868652344e+00
7.356918811798095703e+00
8.653007507324218750e+00
8.827097892761230469e+00
8.087481498718261719e+00
8.337253570556640625e+00
8.095585823059082031e+00
8.231560707092285156e+00
8.042007446289062500e+00
8.270129203796386719e+00
7.480916023254394531e+00
6.966619968414306641e+00
7.967773437500000000e+00
8.882902145385742188e+00
9.300651550292968750e+00
8.664539337158203125e+00
8.976702690124511719e+00
9.110459327697753906e+00
9.552258491516113281e+00
8.821126937866210938e+00
9.390336036682128906e+00
8.583822250366210938e+00
9.202418327331542969e+00
1.023178005218505859e+01
8.616384506225585938e+00
9.693802833557128906e+00
9.815032005310058594e+00
9.791468620300292969e+00
9.469917297363281250e+00
1.015189647674560547e+01
9.909134864807128906e+00
9.882439613342285156e+00
9.609904289245605469e+00
9.938662528991699219e+00
9.919512748718261719e+00
9.207310676574707031e+00
8.898607254028320312e+00
1.002598381042480469e+01
1.033823013305664062e+01
8.577654838562011719e+00
1.014768600463867188e+01
9.937712669372558594e+00
1.077776336669921875e+01
1.117033386230468750e+01
1.187297630310058594e+01
1.076314449310302734e+01
1.013444519042968750e+01
1.221430492401123047e+01
9.318568229675292969e+00
1.011818599700927734e+01
1.145890140533447266e+01
1.033383369445800781e+01
1.068931484222412109e+01
1.125631141662597656e+01
1.139386367797851562e+01
1.085603141784667969e+01
1.112301445007324219e+01
1.200757598876953125e+01
1.130863094329833984e+01
1.119391441345214844e+01
1.189837169647216797e+01
1.094597434997558594e+01
1.170425605773925781e+01
1.210042381286621094e+01
1.092263793945312500e+01
1.181106758117675781e+01
1.115851020812988281e+01
1.213398075103759766e+01
1.326506233215332031e+01
1.168948459625244141e+01
1.129118919372558594e+01
1.174219703674316406e+01
1.193911552429199219e+01
1.087656784057617188e+01
1.078344535827636719e+01
1.143043708801269531e+01
1.050075435638427734e+01
1.142806529998779297e+01
1.086037445068359375e+01
1.108523368835449219e+01
1.235895347595214844e+01
1.243990802764892578e+01
1.152605056762695312e+01
1.238517951965332031e+01
1.184693622589111328e+01
1.240762996673583984e+01
1.093390464782714844e+01
1.144380569458007812e+01
1.188301372528076172e+01
1.220174026489257812e+01
1.139387416839599609e+01
1.118905639648437500e+01
1.187577342987060547e+01
1.162807464599609375e+01
1.137866115570068359e+01
1.232712078094482422e+01
1.347787094116210938e+01
1.215742588043212891e+01
1.216157913208007812e+01
1.329410934448242188e+01
1.169163703918457031e+01
1.221644878387451172e+01
1.283065605163574219e+01
1.274097824096679688e+01
1.321881675720214844e+01
1.300147056579589844e+01
1.224123287200927734e+01
1.275620079040527344e+01
1.310094738006591797e+01
1.304128932952880859e+01
1.283768558502197266e+01
1.242715263366699219e+01
1.261577415466308594e+01
1.349793148040771484e+01
1.333881664276123047e+01
1.257133007049560547e+01
1.355962848663330078e+01
1.427992439270019531e+01
1.246364212036132812e+01
1.308601474761962891e+01
1.411792182922363281e+01
1.336367511749267578e+01
1.269575119018554688e+01
1.318688488006591797e+01
1.262481594085693359e+01
1.335166168212890625e+01
1.359700393676757812e+01
1.360294342041015625e+01
1.439453125000000000e+01
1.412277889251708984e+01
1.417909526824951172e+01
1.416866397857666016e+01
1.502534389495849609e+01
1.539883041381835938e+01
1.496939754486083984e+01
1.310405540466308594e+01
1.335936450958251953e+01
1.292721843719482422e+01
1.311435508728027344e+01
1.466104125976562500e+01
1.468242549896240234e+01
1.351656436920166016e+01
1.376934146881103516e+01
1.354916286468505859e+01
1.430421638488769531e+01
1.542806529998779297e+01
1.513891792297363281e+01
1.457842540740966797e+01
1.364846324920654297e+01
1.344423484802246094e+01
1.377425575256347656e+01
1.438019466400146484e+01
1.483634948730468750e+01
1.454473018646240234e+01
1.396944904327392578e+01
1.448004341125488281e+01
1.380426406860351562e+01
1.637566947937011719e+01
1.415879917144775391e+01
1.468876075744628906e+01
1.486022472381591797e+01
1.513517570495605469e+01
1.522549343109130859e+01
1.443097019195556641e+01
1.420166015625000000e+01
1.472153186798095703e+01
1.586651802062988281e+01
1.576420497894287109e+01
1.534037017822265625e+01
1.461530590057373047e+01
1.457044410705566406e+01
1.601860237121582031e+01
1.470325469970703125e+01
1.486382198333740234e+01
1.512113666534423828e+01
1.477970314025878906e+01
1.431433868408203125e+01
1.417596244812011719e+01
1.524578666687011719e+01
1.475401401519775391e+01
1.455067157745361328e+01
1.437051773071289062e+01
1.464941787719726562e+01
1.580438137054443359e+01
1.448907852172851562e+01
1.437920093536376953e+01
1.414794731140136719e+01
1.423371124267578125e+01
1.598109245300292969e+01
1.375232887268066406e+01
1.365866184234619141e+01
1.368640422821044922e+01
1.605849647521972656e+01
1.431465053558349609e+01
1.497958850860595703e+01
1.516157245635986328e+01
1.462745189666748047e+01
1.465031051635742188e+01
1.507605743408203125e+01
1.508084106445312500e+01
1.406222724914550781e+01
1.469139003753662109e+01
1.530047225952148438e+01
1.548100757598876953e+01
1.513195610046386719e+01
1.484819030761718750e+01
1.582653808593750000e+01
1.496697711944580078e+01
1.635300445556640625e+01
1.476330661773681641e+01
1.589439868927001953e+01
1.555669975280761719e+01
1.511158180236816406e+01
1.549310398101806641e+01
1.526299381256103516e+01
1.503979682922363281e+01
1.575589656829833984e+01
1.608449935913085938e+01
1.514185810089111328e+01
1.473371982574462891e+01
1.566781520843505859e+01
1.587298488616943359e+01
1.568393802642822266e+01
1.609760665893554688e+01
1.552591800689697266e+01
1.670801925659179688e+01
1.607277107238769531e+01
1.590153503417968750e+01
1.641291046142578125e+01
1.626338195800781250e+01
1.515864086151123047e+01
1.606534004211425781e+01
1.594530391693115234e+01
1.628013229370117188e+01
1.615598487854003906e+01
1.656397628784179688e+01
1.634613227844238281e+01
1.707561874389648438e+01
1.615190124511718750e+01
1.520487117767333984e+01
1.502181911468505859e+01
1.554754257202148438e+01
1.620771217346191406e+01
1.706149673461914062e+01
1.659942245483398438e+01
1.540791320800781250e+01
1.594932460784912109e+01
1.674374580383300781e+01
1.618038940429687500e+01
1.807682418823242188e+01
1.675270652770996094e+01
1.635331726074218750e+01
1.591726684570312500e+01
1.635005378723144531e+01
1.674765205383300781e+01
1.806723022460937500e+01
1.731314086914062500e+01
1.574409675598144531e+01
1.646699142456054688e+01
1.683441925048828125e+01
1.637628364562988281e+01
1.603884696960449219e+01
1.635258674621582031e+01
1.612101173400878906e+01
1.603813362121582031e+01
1.694370269775390625e+01
1.669819450378417969e+01
1.629306221008300781e+01
1.612326812744140625e+01
1.563698577880859375e+01
1.518106460571289062e+01
1.660305786132812500e+01
1.607625961303710938e+01
1.535438251495361328e+01
1.579991436004638672e+01
1.546238899230957031e+01
1.630643463134765625e+01
1.616329765319824219e+01
1.621972465515136719e+01
1.699580574035644531e+01
1.528220272064208984e+01
1.525561904907226562e+01
1.594915676116943359e+01
1.600315856933593750e+01
1.561960220336914062e+01
1.570389461517333984e+01
1.473087501525878906e+01
1.632363510131835938e+01
1.626490783691406250e+01
1.526898479461669922e+01
1.577153682708740234e+01
1.555018329620361328e+01
1.589979076385498047e+01
1.562266159057617188e+01
1.532217597961425781e+01
1.622468376159667969e+01
1.649257659912109375e+01
1.677480506896972656e+01
1.558735275268554688e+01
1.582772827148437500e+01
1.588118362426757812e+01
1.603785324096679688e+01
1.578974723815917969e+01
1.508942222595214844e+01
1.674731254577636719e+01
1.492441177368164062e+01
1.654723167419433594e+01
1.695853996276855469e+01
1.536853313446044922e+01
1.736755561828613281e+01
1.502373313903808594e+01
1.613637924194335938e+01
1.577199077606201172e+01
1.611428642272949219e+01
1.556223106384277344e+01
1.555776882171630859e+01
1.631668090820312500e+01
1.493867874145507812e+01
1.606282997131347656e+01
1.693321037292480469e+01
1.757185745239257812e+01
1.657332992553710938e+01
1.720001220703125000e+01
1.475812911987304688e+01
1.648544502258300781e+01
1.571037101745605469e+01
1.756839370727539062e+01
1.691058540344238281e+01
1.598503494262695312e+01
1.598626995086669922e+01
1.594564437866210938e+01
1.539417266845703125e+01
1.540528202056884766e+01
1.672789764404296875e+01
1.554163932800292969e+01
1.626461410522460938e+01
1.611834144592285156e+01
1.658715820312500000e+01
1.592698287963867188e+01
1.686885261535644531e+01
1.731626129150390625e+01
1.712658119201660156e+01
1.596806240081787109e+01
1.624682235717773438e+01
1.562812614440917969e+01
1.779798126220703125e+01
1.651420402526855469e+01
1.511372470855712891e+01
1.616258811950683594e+01
1.564964294433593750e+01
1.585145187377929688e+01
1.729873657226562500e+01
1.623197555541992188e+01
1.610006523132324219e+01
1.664003372192382812e+01
1.580496215820312500e+01
1.572059726715087891e+01
1.538134479522705078e+01
1.619392204284667969e+01
1.579478263854980469e+01
1.641034317016601562e+01
1.609267807006835938e+01
1.546185398101806641e+01
1.676512145996093750e+01
1.606149864196777344e+01
1.600749778747558594e+01
1.677163696289062500e+01
1.613584136962890625e+01
1.596133327484130859e+01
1.694967651367187500e+01
1.669881248474121094e+01
1.704872703552246094e+01
1.787832832336425781e+01
1.818819046020507812e+01
1.655429077148437500e+01
1.693712806701660156e+01
1.686475944519042969e+01
1.769045639038085938e+01
1.716983604431152344e+01
1.781023788452148438e+01
1.816801643371582031e+01
1.839175796508789062e+01
1.632711791992187500e+01
1.625114822387695312e+01
1.750908279418945312e+01
1.724055480957031250e+01
1.753037071228027344e+01
1.694833183288574219e+01
1.798928642272949219e+01
1.768937492370605469e+01
1.842683601379394531e+01
1.761249542236328125e+01
1.804861450195312500e+01
1.682760620117187500e+01
1.716381645202636719e+01
1.776881217956542969e+01
1.713806915283203125e+01
1.635854530334472656e+01
1.721930122375488281e+01
1.707371902465820312e+01
1.747011756896972656e+01
1.788330078125000000e+01
1.748005104064941406e+01
1.785567665100097656e+01
1.902388954162597656e+01
1.711794471740722656e+01
1.718915176391601562e+01
1.706198692321777344e+01
1.767531204223632812e+01
1.796248435974121094e+01
1.710976409912109375e+01
1.801044464111328125e+01
1.733612823486328125e+01
1.752609825134277344e+01
1.794262886047363281e+01
1.751895713806152344e+01
1.777305412292480469e+01
1.791900634765625000e+01
1.702050399780273438e+01
1.778078079223632812e+01
1.904590225219726562e+01
1.739589691162109375e+01
1.823646354675292969e+01
1.885205841064453125e+01
1.759546470642089844e+01
1.840500640869140625e+01
1.822842025756835938e+01
1.911252021789550781e+01
1.901841163635253906e+01
1.808457756042480469e+01
1.924827575683593750e+01
1.760391044616699219e+01
1.939115715026855469e+01
1.857760620117187500e+01
1.888886260986328125e+01
1.805908203125000000e+01
1.867715072631835938e+01
1.945408248901367188e+01
1.939396667480468750e+01
1.983245658874511719e+01
1.854920959472656250e+01
2.009411239624023438e+01
1.883451080322265625e+01
2.000379371643066406e+01
1.932773780822753906e+01
2.010613822937011719e+01
1.976337051391601562e+01
1.962177658081054688e+01
1.919386863708496094e+01
1.845270729064941406e+01
1.950617599487304688e+01
1.857077407836914062e+01
2.030810928344726562e+01
2.023437881469726562e+01
1.979894065856933594e+01
2.030528640747070312e+01
1.967026329040527344e+01
1.889422416687011719e+01
1.981848907470703125e+01
1.934793281555175781e+01
1.930814361572265625e+01
2.033903694152832031e+01
1.984745407104492188e+01
2.025744056701660156e+01
2.031420707702636719e+01
2.016238975524902344e+01
2.022570037841796875e+01
1.994329071044921875e+01
1.941647529602050781e+01
2.000800323486328125e+01
1.954244232177734375e+01
1.898391723632812500e+01
1.983324432373046875e+01
1.999395942687988281e+01
2.045839118957519531e+01
2.015927314758300781e+01
2.094411277770996094e+01
2.067018127441406250e+01
1.947870254516601562e+01
2.011030197143554688e+01
2.012290000915527344e+01
1.993673896789550781e+01
2.176359367370605469e+01
2.182290077209472656e+01
2.182841491699218750e+01
2.085059738159179688e+01
2.026682472229003906e+01
2.133037948608398438e+01
2.057858657836914062e+01
2.086937904357910156e+01
2.012465286254882812e+01
2.062021636962890625e+01
2.025731849670410156e+01
1.892141723632812500e+01
2.037104606628417969e+01
2.068934822082519531e+01
2.042553520202636719e+01
2.048340225219726562e+01
2.091839790344238281e+01
2.061630821228027344e+01
2.048440742492675781e+01
2.146617507934570312e+01
2.082755851745605469e+01
2.141944885253906250e+01
2.184046554565429688e+01
2.118265533447265625e+01
2.074400329589843750e+01
2.131057357788085938e+01
2.207998085021972656e+01
2.141512870788574219e+01
2.177132034301757812e+01
2.158969879150390625e+01
2.042885398864746094e+01
2.177683639526367188e+01
2.153464126586914062e+01
2.171950340270996094e+01
2.163214492797851562e+01
2.169803428649902344e+01
2.187637138366699219e+01
2.186419296264648438e+01
2.258539390563964844e+01
2.195777702331542969e+01
2.306314849853515625e+01
2.286083221435546875e+01
2.257337188720703125e+01
2.206280708312988281e+01
2.222060394287109375e+01
2.169153976440429688e+01
2.180389785766601562e+01
2.283552169799804688e+01
2.258063316345214844e+01
2.324682426452636719e+01
2.390526199340820312e+01
2.184598922729492188e+01
2.233225440979003906e+01
2.229062461853027344e+01
2.184215927124023438e+01
2.345889091491699219e+01
2.247284317016601562e+01
2.413306236267089844e+01
2.368445014953613281e+01
2.304063606262207031e+01
2.507392120361328125e+01
2.346082115173339844e+01
2.352500534057617188e+01
2.325188636779785156e+01
2.255144691467285156e+01
2.379640579223632812e+01
2.262515640258789062e+01
2.268637275695800781e+01
2.315835952758789062e+01
2.325897979736328125e+01
2.259329223632812500e+01
2.291635513305664062e+01
2.350611495971679688e+01
2.370534515380859375e+01
2.366430473327636719e+01
2.388535499572753906e+01
2.343821144104003906e+01
2.366403961181640625e+01
2.375462913513183594e+01
2.531052780151367188e+01
2.314653778076171875e+01
2.470054435729980469e+01
2.481290245056152344e+01
2.436794090270996094e+01
2.428347969055175781e+01
2.428276062011718750e+01
2.388677787780761719e+01
2.611752319335937500e+01
2.381287193298339844e+01
2.402559089660644531e+01
2.529992103576660156e+01
2.528602027893066406e+01
2.516695404052734375e+01
2.592164802551269531e+01
2.479995727539062500e+01
2.623787689208984375e+01
2.520095252990722656e+01
2.566612243652343750e+01
2.424260902404785156e+01
2.512262153625488281e+01
2.507366371154785156e+01
2.431969070434570312e+01
2.627319145202636719e+01
2.596209335327148438e+01
2.460194969177246094e+01
2.511851119995117188e+01
2.597593307495117188e+01
2.402724647521972656e+01
2.457230377197265625e+01
2.441206169128417969e+01
2.588933181762695312e+01
2.525091743469238281e+01
2.502219772338867188e+01
2.517926216125488281e+01
2.415662384033203125e+01
2.444697570800781250e+01
2.654085540771484375e+01
2.544918441772460938e+01
2.626783370971679688e+01
2.399201202392578125e+01
2.471656227111816406e+01
2.694108200073242188e+01
2.470846939086914062e+01
2.451791381835937500e+01
2.491044616699218750e+01
2.653205871582031250e+01
2.437915611267089844e+01
2.429324531555175781e+01
2.469808006286621094e+01
2.775100326538085938e+01
2.587229156494140625e+01
2.530644226074218750e+01
2.427837944030761719e+01
2.471439361572265625e+01
2.516770744323730469e+01
2.495140647888183594e+01
2.574028587341308594e+01
2.541860198974609375e+01
2.577369117736816406e+01
2.529512214660644531e+01
2.468239402770996094e+01
2.404094314575195312e+01
2.614281463623046875e+01
2.476861381530761719e+01
2.435757255554199219e+01
2.588886260986328125e+01
2.525942802429199219e+01
2.486522483825683594e+01
2.321597099304199219e+01
2.456838989257812500e+01
2.469751548767089844e+01
2.356439018249511719e+01
2.452616691589355469e+01
2.537166786193847656e+01
2.338826751708984375e+01
2.515044784545898438e+01
2.282626914978027344e+01
2.695062828063964844e+01
2.350361061096191406e+01
2.432852554321289062e+01
2.548834991455078125e+01
2.468054771423339844e+01
2.523756980895996094e+01
2.445378494262695312e+01
2.341950798034667969e+01
2.384798240661621094e+01
2.538445854187011719e+01
2.638969612121582031e+01
2.413585472106933594e+01
2.458639907836914062e+01
2.567253875732421875e+01
2.492684745788574219e+01
2.534462928771972656e+01
2.554485130310058594e+01
2.547355842590332031e+01
2.404457092285156250e+01
2.372816467285156250e+01
2.516321372985839844e+01
2.566522979736328125e+01
2.619424057006835938e+01
2.408551597595214844e+01
2.503295707702636719e+01
2.509065246582031250e+01
2.391685104370117188e+01
2.426619529724121094e+01
2.380819129943847656e+01
2.527680397033691406e+01
2.423326110839843750e+01
2.397774505615234375e+01
2.510690116882324219e+01
2.476149749755859375e+01
2.386880111694335938e+01
2.562996482849121094e+01
2.476840209960937500e+01
2.410816001892089844e+01
2.436857795715332031e+01
2.336827278137207031e+01
2.464020919799804688e+01
2.453458023071289062e+01
2.330133247375488281e+01
2.437918281555175781e+01
2.433069610595703125e+01
2.417154312133789062e+01
2.394207954406738281e+01
2.382607460021972656e+01
2.411469841003417969e+01
2.455736732482910156e+01
2.253204345703125000e+01
2.543889045715332031e+01
2.357828521728515625e+01
2.377489852905273438e+01
2.448960494995117188e+01
2.428404617309570312e+01
2.492467498779296875e+01
2.440255355834960938e+01
2.522875404357910156e+01
2.418910598754882812e+01
2.479301834106445312e+01
2.518072509765625000e+01
2.516368293762207031e+01
2.511193466186523438e+01
2.461891746520996094e+01
2.445226097106933594e+01
2.405703163146972656e+01
2.447209930419921875e+01
2.371006202697753906e+01
2.535428047180175781e+01
2.583399581909179688e+01
2.405315208435058594e+01
2.568671417236328125e+01
2.568842887878417969e+01
2.575973892211914062e+01
2.477913284301757812e+01
2.523842620849609375e+01
2.719783973693847656e+01
2.619586944580078125e+01
2.514863586425781250e+01
2.610721206665039062e+01
2.592586708068847656e+01
2.534739875793457031e+01
2.532864570617675781e+01
2.527469444274902344e+01
2.412368011474609375e+01
2.483764457702636719e+01
2.516976737976074219e+01
2.422383499145507812e+01
2.504209327697753906e+01
2.673595237731933594e+01
2.625007247924804688e+01
2.554999542236328125e+01
2.621843528747558594e+01
2.594744110107421875e+01
2.491211128234863281e+01
2.538916778564453125e+01
2.515944099426269531e+01
2.464110183715820312e+01
2.518222808837890625e+01
2.471589660644531250e+01
2.564656639099121094e+01
2.606295204162597656e+01
2.515271949768066406e+01
2.659936523437500000e+01
2.407938957214355469e+01
2.531191062927246094e+01
2.437513160705566406e+01
2.591223907470703125e+01
2.541923522949218750e+01
2.548440933227539062e+01
2.441519165039062500e+01
2.426074218750000000e+01
2.521115303039550781e+01
2.462954711914062500e+01
2.524980735778808594e+01
2.437900352478027344e+01
2.574519920349121094e+01
2.526828956604003906e+01
2.430159759521484375e+01
2.537587547302246094e+01
2.508846473693847656e+01
2.621877670288085938e+01
2.515057373046875000e+01
2.440698432922363281e+01
2.469137191772460938e+01
2.326055145263671875e+01
2.490490150451660156e+01
2.677013587951660156e+01
2.773407363891601562e+01
2.674398803710937500e+01
2.533012580871582031e+01
2.482112121582031250e+01
2.528207015991210938e+01
2.603962516784667969e+01
2.594734191894531250e+01
2.678852653503417969e+01
2.538377761840820312e+01
2.626321792602539062e+01
2.519524002075195312e+01
2.668106269836425781e+01
2.590784263610839844e+01
2.794604301452636719e+01
2.537190628051757812e+01
2.665234947204589844e+01
2.596640586853027344e+01
2.509883117675781250e+01
2.781692886352539062e+01
2.617507934570312500e+01
2.618378448486328125e+01
2.654029083251953125e+01
2.864272117614746094e+01
2.771324920654296875e+01
2.625189208984375000e+01
2.819471931457519531e+01
2.611104011535644531e+01
2.594857025146484375e+01
2.593960571289062500e+01
2.741893386840820312e+01
2.569971847534179688e+01
2.602120208740234375e+01
2.793185806274414062e+01
2.761946678161621094e+01
2.577519607543945312e+01
2.774324607849121094e+01
2.613233184814453125e+01
2.637387275695800781e+01
2.522727012634277344e+01
2.787842178344726562e+01
2.681794357299804688e+01
2.629842185974121094e+01
2.622183990478515625e+01
2.677359008789062500e+01
2.717562675476074219e+01
2.675440979003906250e+01
2.655950736999511719e+01
2.606840133666992188e+01
2.641195487976074219e+01
2.718220710754394531e+01
2.606584358215332031e+01
2.695209312438964844e+01
2.637316703796386719e+01
2.671882820129394531e+01
2.713634681701660156e+01
2.899583625793457031e+01
2.808514785766601562e+01
2.770457267761230469e+01
2.665863800048828125e+01
2.496160888671875000e+01
2.648046875000000000e+01
2.692302513122558594e+01
2.727293586730957031e+01
2.606976890563964844e+01
2.560402488708496094e+01
2.805279731750488281e+01
2.732420158386230469e+01
2.714341735839843750e+01
2.790079116821289062e+01
2.592854309082031250e+01
2.739914131164550781e+01
2.809826087951660156e+01
2.703209686279296875e+01
2.810758590698242188e+01
2.685315704345703125e+01
2.812324142456054688e+01
2.813640213012695312e+01
2.860914421081542969e+01
2.815909194946289062e+01
2.797505187988281250e+01
2.844643592834472656e+01
2.814798164367675781e+01
2.878418350219726562e+01
2.951586723327636719e+01
3.006306266784667969e+01
2.817378997802734375e+01
2.628920745849609375e+01
2.882585525512695312e+01
2.688537979125976562e+01
2.821427917480468750e+01
2.798057937622070312e+01
2.840346908569335938e+01
2.710798835754394531e+01
2.823341751098632812e+01
2.676476478576660156e+01
2.940589714050292969e+01
2.984153366088867188e+01
2.892712974548339844e+01
2.883759880065917969e+01
2.928084182739257812e+01
2.820573806762695312e+01
2.925898742675781250e+01
2.809502792358398438e+01
2.670121765136718750e+01
2.616438293457031250e+01
2.734396362304687500e+01
2.874115753173828125e+01
2.689730072021484375e+01
2.744566345214843750e+01
2.819020080566406250e+01
2.842594909667968750e+01
2.794326782226562500e+01
2.680279541015625000e+01
2.876636695861816406e+01
2.870640945434570312e+01
2.892536544799804688e+01
3.016179275512695312e+01
2.749147224426269531e+01
2.855866241455078125e+01
2.724617195129394531e+01
2.736481094360351562e+01
2.646066856384277344e+01
2.806784057617187500e+01
3.003016090393066406e+01
2.856524658203125000e+01
2.796412086486816406e+01
2.868096160888671875e+01
2.719587135314941406e+01
2.760423278808593750e+01
2.725188064575195312e+01
2.862352371215820312e+01
2.788549423217773438e+01
2.761166572570800781e+01
2.827843666076660156e+01
2.905985260009765625e+01
2.890587043762207031e+01
2.915686416625976562e+01
2.784480094909667969e+01
2.825031661987304688e+01
2.897128105163574219e+01
2.940891456604003906e+01
2.940228271484375000e+01
3.051261520385742188e+01
2.959613609313964844e+01
2.901968765258789062e+01
2.877945899963378906e+01
3.038652420043945312e+01
3.004308509826660156e+01
2.980753135681152344e+01
2.831753921508789062e+01
2.921591758728027344e+01
3.064855384826660156e+01
2.922347068786621094e+01
2.828962326049804688e+01
2.909796333312988281e+01
2.798633956909179688e+01
2.878921508789062500e+01
2.787500762939453125e+01
2.863823127746582031e+01
2.792966079711914062e+01
2.736306953430175781e+01
2.810736656188964844e+01
2.844929885864257812e+01
2.880485916137695312e+01
2.844629669189453125e+01
2.838289451599121094e+01
2.908157348632812500e+01
2.974606704711914062e+01
2.932896804809570312e+01
2.955009078979492188e+01
2.897908210754394531e+01
3.196223449707031250e+01
2.903371238708496094e+01
2.920870971679687500e+01
2.826133155822753906e+01
2.771595764160156250e+01
2.751922988891601562e+01
2.741729164123535156e+01
2.902442550659179688e+01
2.957662773132324219e+01
3.052720832824707031e+01
2.923177909851074219e+01
2.969901657104492188e+01
2.905753898620605469e+01
2.881083488464355469e+01
2.997661781311035156e+01
2.920680999755859375e+01
2.996747970581054688e+01
2.772609329223632812e+01
2.753331565856933594e+01
2.899824333190917969e+01
2.879934310913085938e+01
2.830250549316406250e+01
3.016528701782226562e+01
2.784668350219726562e+01
2.813556098937988281e+01
2.993350982666015625e+01
2.803200721740722656e+01
2.966895675659179688e+01
2.787060356140136719e+01
2.856985282897949219e+01
2.902815437316894531e+01
2.883528709411621094e+01
3.025995635986328125e+01
2.878506660461425781e+01
2.920915603637695312e+01
2.819671058654785156e+01
3.060007476806640625e+01
2.812487411499023438e+01
2.776559257507324219e+01
2.978245735168457031e+01
2.793887901306152344e+01
2.866776084899902344e+01
2.943096542358398438e+01
2.967236328125000000e+01
2.835694122314453125e+01
3.001420783996582031e+01
2.902533721923828125e+01
3.010810470581054688e+01
2.745023918151855469e+01
2.880924224853515625e+01
3.089745903015136719e+01
2.836468315124511719e+01
2.847324562072753906e+01
2.809918212890625000e+01
2.843103981018066406e+01
2.979059028625488281e+01
2.970749664306640625e+01
2.869466590881347656e+01
2.810331344604492188e+01
2.803444099426269531e+01
2.792506408691406250e+01
2.787097358703613281e+01
2.838253211975097656e+01
2.862630081176757812e+01
2.803442955017089844e+01
2.723494529724121094e+01
2.818425750732421875e+01
2.719987106323242188e+01
2.858971786499023438e+01
2.794875335693359375e+01
2.647258567810058594e+01
2.848287582397460938e+01
3.186294937133789062e+01
3.036001014709472656e+01
3.072550010681152344e+01
2.640954208374023438e+01
2.790712547302246094e+01
2.698642921447753906e+01
2.663129806518554688e+01
2.776671791076660156e+01
2.820547676086425781e+01
2.546816062927246094e+01
2.743641853332519531e+01
2.761127853393554688e+01
2.748570823669433594e+01
2.717383193969726562e+01
2.864529418945312500e+01
2.882276535034179688e+01
2.884516716003417969e+01
2.994587898254394531e+01
2.734608268737792969e+01
2.714019012451171875e+01
2.755386543273925781e+01
2.814976692199707031e+01
2.815285301208496094e+01
2.779987144470214844e+01
2.803553962707519531e+01
2.685409736633300781e+01
2.797433662414550781e+01
2.711414718627929688e+01
2.727165603637695312e+01
2.572545242309570312e+01
2.827163505554199219e+01
3.044288635253906250e+01
2.770784568786621094e+01
2.722207450866699219e+01
2.854204559326171875e+01
2.859945297241210938e+01
2.892960548400878906e+01
2.715306282043457031e+01
2.694053840637207031e+01
2.899377250671386719e+01
2.689681053161621094e+01
2.728913307189941406e+01
2.809060478210449219e+01
2.844142532348632812e+01
2.895094299316406250e+01
2.721069908142089844e+01
2.903396415710449219e+01
2.801707458496093750e+01
3.065158653259277344e+01
2.746271324157714844e+01
2.631715965270996094e+01
2.908788490295410156e+01
3.006664657592773438e+01
2.955764198303222656e+01
2.888596534729003906e+01
2.894441223144531250e+01
2.757079887390136719e+01
2.928312683105468750e+01
2.935569381713867188e+01
3.088013648986816406e+01
2.900851058959960938e+01
2.940104484558105469e+01
2.821982383728027344e+01
3.074245643615722656e+01
3.108904647827148438e+01
2.905925750732421875e+01
2.978897094726562500e+01
3.016049575805664062e+01
2.841580390930175781e+01
2.984521102905273438e+01
2.831377983093261719e+01
2.860375785827636719e+01
3.183159828186035156e+01
2.896159934997558594e+01
2.931558990478515625e+01
2.998381996154785156e+01
2.819935607910156250e+01
3.111437034606933594e+01
3.185502433776855469e+01
3.124306297302246094e+01
2.991701316833496094e+01
2.969611358642578125e+01
3.156676673889160156e+01
3.183465576171875000e+01
3.161229324340820312e+01
3.053573036193847656e+01
3.052304267883300781e+01
3.143008995056152344e+01
3.277750778198242188e+01
3.168081283569335938e+01
2.961225891113281250e+01
2.909638977050781250e+01
3.007904624938964844e+01
2.924627494812011719e+01
3.062233352661132812e+01
2.986263656616210938e+01
3.123289871215820312e+01
3.101852416992187500e+01
3.279707336425781250e+01
3.097812080383300781e+01
3.263683700561523438e+01
3.039852714538574219e+01
3.366488265991210938e+01
3.209822082519531250e+01
3.190887832641601562e+01
3.234743881225585938e+01
3.069715309143066406e+01
3.195238304138183594e+01
2.927587509155273438e+01
3.319600296020507812e+01
3.152298164367675781e+01
3.087999153137207031e+01
3.330205154418945312e+01
3.080069160461425781e+01
3.053540611267089844e+01
2.942641830444335938e+01
3.265845870971679688e+01
3.040044593811035156e+01
3.175141334533691406e+01
3.077651023864746094e+01
3.067638015747070312e+01
3.083989334106445312e+01
3.061140251159667969e+01
3.057312583923339844e+01
2.810119438171386719e+01
3.322900390625000000e+01
3.009323120117187500e+01
2.941217041015625000e+01
3.004285430908203125e+01
3.540605545043945312e+01
3.251509094238281250e+01
3.590233612060546875e+01
3.407612609863281250e+01
3.342051696777343750e+01
3.180382728576660156e+01
3.355181884765625000e+01
3.289209365844726562e+01
3.382175064086914062e+01
3.334751892089843750e+01
3.426118469238281250e+01
3.325067138671875000e+01
3.468947219848632812e+01
3.430482864379882812e+01
3.668659973144531250e+01
3.487408828735351562e+01
3.341056060791015625e+01
3.665295410156250000e+01
3.732125091552734375e+01
3.342638397216796875e+01
3.386082839965820312e+01
3.176687622070312500e+01
3.558361816406250000e+01
3.480414581298828125e+01
3.337469100952148438e+01
3.787388229370117188e+01
3.322734069824218750e+01
3.301420211791992188e+01
3.509302520751953125e+01
3.470338821411132812e+01
3.355661010742187500e+01
3.725478744506835938e+01
3.253900527954101562e+01
3.485358428955078125e+01
3.435108566284179688e+01
3.448692321777343750e+01
3.453683090209960938e+01
3.614283752441406250e+01
3.766026687622070312e+01
3.452864074707031250e+01
3.461923980712890625e+01
3.541501617431640625e+01
3.539152526855468750e+01
3.528636932373046875e+01
3.792525100708007812e+01
3.548061370849609375e+01
3.310404586791992188e+01
3.855632019042968750e+01
3.405110549926757812e+01
3.867690658569335938e+01
3.636993408203125000e+01
3.556415939331054688e+01
3.388187789916992188e+01
3.595465469360351562e+01
3.499953460693359375e+01
3.375840759277343750e+01
3.976522827148437500e+01
3.586108779907226562e+01
3.717016220092773438e+01
3.738590240478515625e+01
3.714032363891601562e+01
3.823292922973632812e+01
3.464960861206054688e+01
3.234765243530273438e+01
3.606946945190429688e+01
3.589147186279296875e+01
3.505606842041015625e+01
3.762467956542968750e+01
3.522882080078125000e+01
3.599647140502929688e+01
3.646479797363281250e+01
3.397436904907226562e+01
3.642252349853515625e+01
3.852230453491210938e+01
3.599375152587890625e+01
3.759056854248046875e+01
3.625222396850585938e+01
3.866714859008789062e+01
3.731000518798828125e+01
3.435371398925781250e+01
3.709526062011718750e+01
3.715933609008789062e+01
3.468373489379882812e+01
3.666093063354492188e+01
3.748392105102539062e+01
3.539075851440429688e+01
3.652664947509765625e+01
3.779653167724609375e+01
3.490125656127929688e+01
3.688176345825195312e+01
3.674445343017578125e+01
3.609914016723632812e+01
3.760511398315429688e+01
5.006460571289062500e+01
4.385974121093750000e+01
4.000910949707031250e+01
4.021203994750976562e+01
3.680778121948242188e+01
3.870594787597656250e+01
3.729577255249023438e+01
4.341957855224609375e+01
3.718938827514648438e+01
4.192377853393554688e+01
3.950814056396484375e+01
4.000063705444335938e+01
4.067528915405273438e+01
4.004918670654296875e+01
3.839554595947265625e+01
4.154565811157226562e+01
3.851335906982421875e+01
4.190016555786132812e+01
4.104561996459960938e+01
3.986816406250000000e+01
3.887270355224609375e+01
3.852202224731445312e+01
4.044210052490234375e+01
3.940484237670898438e+01
3.981961059570312500e+01
3.558118057250976562e+01
3.952648162841796875e+01
3.781315612792968750e+01
3.994535064697265625e+01
3.919528198242187500e+01
4.062245178222656250e+01
4.221876907348632812e+01
4.089435195922851562e+01
4.167576599121093750e+01
4.092996597290039062e+01
3.932499313354492188e+01
4.060888671875000000e+01
3.903075790405273438e+01
3.993380355834960938e+01
3.797076797485351562e+01
3.980456161499023438e+01
3.948209381103515625e+01
3.910253524780273438e+01
3.887659835815429688e+01
3.935364151000976562e+01
4.070938873291015625e+01
3.919646072387695312e+01
3.994266128540039062e+01
4.094347000122070312e+01
3.641867065429687500e+01
3.830540466308593750e+01
4.032544708251953125e+01
4.052034378051757812e+01
4.264403915405273438e+01
4.300624847412109375e+01
3.963901138305664062e+01
3.930136871337890625e+01
4.265325927734375000e+01
4.190457153320312500e+01
4.232768249511718750e+01
4.178967285156250000e+01
3.838003921508789062e+01
4.063734436035156250e+01
3.928734970092773438e+01
4.221578598022460938e+01
4.296139907836914062e+01
4.351776885986328125e+01
3.859520339965820312e+01
4.352570343017578125e+01
4.627797317504882812e+01
4.267207717895507812e+01
4.456797409057617188e+01
4.536837387084960938e+01
4.021352386474609375e+01
3.827830886840820312e+01
4.166382217407226562e+01
4.393908691406250000e+01
4.220425415039062500e+01
4.508839035034179688e+01
4.331639099121093750e+01
4.013960266113281250e+01
4.308724212646484375e+01
3.980062103271484375e+01
3.979071807861328125e+01
4.054742050170898438e+01
4.115416336059570312e+01
4.227379608154296875e+01
3.990567779541015625e+01
4.109839248657226562e+01
4.320653915405273438e+01
4.505720138549804688e+01
4.205459213256835938e+01
4.234984970092773438e+01
4.185467910766601562e+01
3.994677352905273438e+01
4.183837890625000000e+01
4.306782531738281250e+01
4.155113220214843750e+01
4.052273559570312500e+01
4.066030502319335938e+01
4.204037094116210938e+01
4.227020645141601562e+01
4.556456375122070312e+01
4.203987503051757812e+01
4.197158432006835938e+01
4.295133209228515625e+01
4.027071762084960938e+01
4.165027236938476562e+01
4.453586578369140625e+01
4.312102127075195312e+01
4.537356185913085938e+01
4.439748382568359375e+01
4.065267181396484375e+01
4.295682907104492188e+01
4.333538818359375000e+01
4.120552444458007812e+01
4.557261657714843750e+01
4.571965789794921875e+01
4.054412460327148438e+01
4.033039093017578125e+01
4.376167297363281250e+01
4.417238998413085938e+01
4.153494644165039062e+01
4.245790863037109375e+01
4.004404830932617188e+01
4.281932067871093750e+01
4.362758255004882812e+01
4.295275878906250000e+01
4.254238128662109375e+01
4.101613235473632812e+01
4.263462829589843750e+01
4.289428329467773438e+01
4.058646011352539062e+01
4.086699295043945312e+01
4.178506469726562500e+01
4.186461639404296875e+01
4.335823822021484375e+01
4.499746704101562500e+01
4.328936004638671875e+01
4.286716461181640625e+01
4.376201629638671875e+01
4.297948837280273438e+01
4.437795257568359375e+01
4.260720825195312500e+01
3.992726898193359375e+01
4.199001693725585938e+01
4.272523880004882812e+01
4.187214660644531250e+01
4.321402359008789062e+01
4.274525070190429688e+01
4.321390533447265625e+01
4.344256973266601562e+01
4.439356231689453125e+01
4.050833129882812500e+01
4.343849182128906250e+01
4.399695205688476562e+01
4.420667266845703125e+01
4.295244598388671875e+01
4.411614990234375000e+01
4.198882675170898438e+01
4.336962509155273438e+01
4.453474044799804688e+01
4.277575302124023438e+01
4.885525894165039062e+01
4.644254684448242188e+01
4.542842483520507812e+01
4.563757324218750000e+01
4.485581207275390625e+01
4.285552978515625000e+01
4.315256881713867188e+01
3.892718505859375000e+01
4.106797409057617188e+01
4.031122589111328125e+01
4.200302505493164062e+01
3.945289611816406250e+01
4.103303527832031250e+01
4.040536880493164062e+01
3.949118041992187500e+01
4.136717987060546875e+01
4.094849014282226562e+01
4.295333480834960938e+01
4.136481094360351562e+01
4.177927398681640625e+01
4.418649291992187500e+01
3.976660919189453125e+01
4.109433364868164062e+01
4.109593963623046875e+01
4.082103729248046875e+01
4.315999603271484375e+01
4.326482009887695312e+01
4.177119064331054688e+01
4.117559432983398438e+01
3.819272994995117188e+01
4.214825057983398438e+01
3.795746231079101562e+01
3.961481094360351562e+01
4.225052261352539062e+01
3.933727264404296875e+01
4.415631103515625000e+01
4.195506286621093750e+01
4.257814788818359375e+01
4.273178100585937500e+01
4.342988967895507812e+01
4.122941589355468750e+01
4.131547164916992188e+01
4.101503753662109375e+01
4.122617721557617188e+01
4.196470260620117188e+01
4.474324035644531250e+01
4.140184402465820312e+01
3.840599060058593750e+01
3.815922546386718750e+01
3.913557815551757812e+01
4.160697174072265625e+01
4.171344375610351562e+01
4.048097229003906250e+01
4.000778961181640625e+01
4.151171875000000000e+01
3.814651870727539062e+01
3.984271240234375000e+01
4.003549957275390625e+01
3.955079650878906250e+01
4.035615158081054688e+01
4.055871200561523438e+01
3.685849380493164062e+01
4.016535949707031250e+01
3.919540023803710938e+01
4.088507080078125000e+01
4.087526321411132812e+01
3.924188232421875000e+01
4.046929168701171875e+01
4.134712219238281250e+01
4.028300857543945312e+01
3.630247879028320312e+01
4.108613967895507812e+01
3.920888137817382812e+01
3.767552947998046875e+01
4.130904769897460938e+01
4.061050796508789062e+01
4.230005264282226562e+01
3.832194519042968750e+01
3.881764984130859375e+01
3.720087432861328125e+01
4.281754302978515625e+01
4.017096710205078125e+01
4.002684783935546875e+01
3.859032821655273438e+01
3.860379028320312500e+01
3.793293762207031250e+01
4.037942123413085938e+01
3.543149948120117188e+01
3.775419616699218750e+01
3.968675994873046875e+01
3.788557434082031250e+01
4.135099029541015625e+01
4.025283432006835938e+01
4.125881195068359375e+01
3.876535797119140625e+01
3.923699188232421875e+01
3.759767150878906250e+01
3.852019500732421875e+01
3.865427398681640625e+01
4.065839385986328125e+01
4.113408660888671875e+01
3.840033340454101562e+01
3.809705352783203125e+01
3.940956497192382812e+01
3.681155776977539062e+01
3.666998291015625000e+01
3.619292831420898438e+01
3.541598892211914062e+01
3.545093917846679688e+01
3.724696731567382812e+01
3.752891540527343750e+01
3.817233657836914062e+01
3.604324340820312500e+01
3.775702285766601562e+01
3.705375671386718750e+01
3.612898254394531250e+01
3.953150177001953125e+01
3.654688262939453125e+01
3.513912963867187500e+01
3.746131134033203125e+01
3.674736785888671875e+01
3.693574523925781250e+01
3.684534835815429688e+01
4.091139984130859375e+01
3.740804672241210938e+01
3.857401657104492188e+01
4.094916534423828125e+01
3.919128036499023438e+01
3.808632659912109375e+01
4.048267364501953125e+01
3.945206069946289062e+01
3.954281997680664062e+01
3.491114807128906250e+01
3.818001556396484375e+01
3.657400894165039062e+01
3.838245773315429688e+01
3.874257659912109375e+01
3.694578933715820312e+01
3.627717208862304688e+01
3.973664474487304688e+01
3.771102523803710938e+01
3.330766677856445312e+01
3.791397094726562500e+01
3.682532119750976562e+01
3.711654663085937500e+01
3.634652328491210938e+01
3.675905990600585938e+01
3.403981399536132812e+01
3.810864639282226562e+01
3.493151473999023438e+01
3.667728042602539062e+01
3.604324722290039062e+01
3.775042724609375000e+01
3.621123504638671875e+01
3.707807922363281250e+01
3.804075622558593750e+01
3.914775848388671875e+01
3.833962631225585938e+01
3.983560943603515625e+01
3.762201690673828125e+01
3.793426895141601562e+01
3.958093643188476562e+01
3.623093032836914062e+01
3.710117340087890625e+01
3.857407379150390625e+01
3.861231994628906250e+01
3.633403396606445312e+01
3.668193054199218750e+01
3.648013305664062500e+01
4.234030532836914062e+01
3.867061614990234375e+01
3.918875885009765625e+01
3.872745132446289062e+01
3.763235855102539062e+01
3.918917083740234375e+01
3.630636215209960938e+01
3.708336639404296875e+01
3.590335464477539062e+01
3.608885955810546875e+01
3.786951446533203125e+01
3.654652404785156250e+01
3.826048278808593750e+01
4.124531555175781250e+01
3.968898391723632812e+01
4.004661560058593750e+01
3.716763305664062500e+01
3.799893951416015625e+01
3.459713745117187500e+01
3.971913909912109375e+01
3.796015548706054688e+01
4.121238327026367188e+01
4.119444656372070312e+01
4.016281127929687500e+01
3.632199859619140625e+01
3.925943756103515625e+01
3.550809860229492188e+01
3.474391174316406250e+01
3.744826889038085938e+01
3.581948089599609375e+01
3.861812591552734375e+01
3.859715652465820312e+01
3.853436660766601562e+01
3.786669540405273438e+01
3.713077163696289062e+01
3.940900039672851562e+01
3.801910781860351562e+01
3.631404113769531250e+01
3.584406280517578125e+01
3.723116302490234375e+01
3.906801223754882812e+01
3.635914230346679688e+01
3.669410324096679688e+01
3.931920242309570312e+01
3.616919708251953125e+01
3.753359985351562500e+01
3.956798171997070312e+01
4.067773437500000000e+01
3.972844314575195312e+01
3.958885955810546875e+01
3.976676177978515625e+01
3.848601150512695312e+01
3.776623916625976562e+01
3.889616775512695312e+01
3.850618743896484375e+01
4.002436828613281250e+01
3.916529083251953125e+01
4.335463333129882812e+01
4.199942779541015625e+01
3.920417022705078125e+01
4.094831848144531250e+01
3.944541549682617188e+01
4.089216232299804688e+01
3.968047332763671875e+01
3.613615417480468750e+01
4.282730484008789062e+01
3.920328903198242188e+01
4.219951629638671875e+01
4.009215927124023438e+01
4.023353958129882812e+01
3.999604797363281250e+01
4.384870910644531250e+01
4.348581314086914062e+01
4.107600021362304688e+01
3.968233489990234375e+01
3.891714859008789062e+01
4.402066802978515625e+01
4.544582748413085938e+01
4.339978790283203125e+01
4.329885482788085938e+01
4.295619201660156250e+01
4.223948669433593750e+01
4.368835067749023438e+01
4.218378829956054688e+01
4.112876129150390625e+01
4.204838180541992188e+01
4.301720809936523438e+01
4.467998504638671875e+01
4.000133514404296875e+01
4.337995147705078125e+01
4.352331161499023438e+01
4.454042053222656250e+01
4.420990753173828125e+01
4.095622634887695312e+01
4.371805572509765625e+01
4.696805953979492188e+01
4.544348526000976562e+01
4.245170974731445312e+01
4.403699493408203125e+01
4.296035003662109375e+01
4.317646026611328125e+01
4.781263351440429688e+01
4.528349304199218750e+01
4.295428848266601562e+01
4.239308166503906250e+01
4.214217376708984375e+01
4.316548919677734375e+01
4.142795944213867188e+01
4.742199707031250000e+01
4.307746124267578125e+01
4.268941497802734375e+01
4.428391265869140625e+01
4.666771316528320312e+01
4.473804092407226562e+01
4.902056884765625000e+01
4.314527511596679688e+01
4.484492874145507812e+01
4.563700866699218750e+01
