1.085304498672485352e+00
1.154033422470092773e+00
1.523480176925659180e+00
2.013640880584716797e+00
2.184237718582153320e+00
2.240766525268554688e+00
2.017733097076416016e+00
1.785030484199523926e+00
1.552660703659057617e+00
1.385030746459960938e+00
1.234794378280639648e+00
1.106563091278076172e+00
1.000699520111083984e+00
9.074391126632690430e-01
8.472710251808166504e-01
8.023121953010559082e-01
7.496311068534851074e-01
7.085326910018920898e-01
6.787886023521423340e-01
6.597961783409118652e-01
6.370973587036132812e-01
6.216658949851989746e-01
6.058186292648315430e-01
6.116321086883544922e-01
6.073014140129089355e-01
5.999931693077087402e-01
5.948051810264587402e-01
5.822550058364868164e-01
5.799943208694458008e-01
5.766974091529846191e-01
5.683403611183166504e-01
5.556360483169555664e-01
5.519917011260986328e-01
5.632034540176391602e-01
5.603793859481811523e-01
5.770200490951538086e-01
5.785433053970336914e-01
5.782411694526672363e-01
5.855014920234680176e-01
5.944373607635498047e-01
6.019226312637329102e-01
6.045074462890625000e-01
6.053772568702697754e-01
6.190187931060791016e-01
6.238906383514404297e-01
6.300639510154724121e-01
6.295254230499267578e-01
6.430698633193969727e-01
6.366802453994750977e-01
6.354542374610900879e-01
6.384254693984985352e-01
6.460817456245422363e-01
6.533694863319396973e-01
6.652203202247619629e-01
6.590701341629028320e-01
6.640824079513549805e-01
6.774683594703674316e-01
6.836938261985778809e-01
6.956021785736083984e-01
7.030411362648010254e-01
6.991741061210632324e-01
7.252876162528991699e-01
7.274698615074157715e-01
7.416952848434448242e-01
7.742404937744140625e-01
7.679470181465148926e-01
8.482593297958374023e-01
8.500611782073974609e-01
8.524109721183776855e-01
8.641372919082641602e-01
8.824006319046020508e-01
8.999484777450561523e-01
9.018731713294982910e-01
9.064899682998657227e-01
9.104292392730712891e-01
9.455227851867675781e-01
9.435458183288574219e-01
9.718422889709472656e-01
1.022636294364929199e+00
1.010223865509033203e+00
1.011410236358642578e+00
1.037613868713378906e+00
1.006477713584899902e+00
1.045221686363220215e+00
1.047838091850280762e+00
1.056825399398803711e+00
1.099245548248291016e+00
1.272555708885192871e+00
1.273760199546813965e+00
1.158725142478942871e+00
1.206705093383789062e+00
1.211545944213867188e+00
1.279658913612365723e+00
1.556973576545715332e+00
1.416773915290832520e+00
1.538562417030334473e+00
1.344591975212097168e+00
1.383641242980957031e+00
1.451667666435241699e+00
1.550049424171447754e+00
1.431043982505798340e+00
1.604021549224853516e+00
1.594443559646606445e+00
1.577997088432312012e+00
1.633151650428771973e+00
1.574227929115295410e+00
1.788598179817199707e+00
1.627948522567749023e+00
1.674521088600158691e+00
1.575840353965759277e+00
1.553966641426086426e+00
1.886739492416381836e+00
1.612977266311645508e+00
1.483597159385681152e+00
1.648429989814758301e+00
1.633301615715026855e+00
1.629634261131286621e+00
1.556307196617126465e+00
1.756515622138977051e+00
1.858510971069335938e+00
1.694214701652526855e+00
1.769716501235961914e+00
1.652479529380798340e+00
1.627787232398986816e+00
1.795585513114929199e+00
1.628279328346252441e+00
1.787597417831420898e+00
1.955544948577880859e+00
1.796108961105346680e+00
1.821923971176147461e+00
1.719302773475646973e+00
1.694007992744445801e+00
1.937576889991760254e+00
1.860004544258117676e+00
1.872969985008239746e+00
1.863885521888732910e+00
1.565145492553710938e+00
1.820992708206176758e+00
1.692455768585205078e+00
1.648669004440307617e+00
1.677625179290771484e+00
1.589550137519836426e+00
1.890059471130371094e+00
1.760705471038818359e+00
1.699582815170288086e+00
1.605367302894592285e+00
1.816636919975280762e+00
1.530349731445312500e+00
1.672724127769470215e+00
1.664811372756958008e+00
1.709760308265686035e+00
1.689669847488403320e+00
1.700633406639099121e+00
1.498633146286010742e+00
1.607257723808288574e+00
1.703917741775512695e+00
1.667178273200988770e+00
1.548990011215209961e+00
1.532584309577941895e+00
1.417481780052185059e+00
1.698950409889221191e+00
1.540579319000244141e+00
1.770102262496948242e+00
1.535107612609863281e+00
1.469308137893676758e+00
1.659282445907592773e+00
1.850857615470886230e+00
1.935979366302490234e+00
1.857850790023803711e+00
1.836942195892333984e+00
1.760950088500976562e+00
1.465332508087158203e+00
1.599357724189758301e+00
1.788341760635375977e+00
1.774809837341308594e+00
1.981253623962402344e+00
2.085620880126953125e+00
1.865324258804321289e+00
1.901260137557983398e+00
1.822127699851989746e+00
1.934544682502746582e+00
1.766334772109985352e+00
1.975660085678100586e+00
1.680493593215942383e+00
1.823799610137939453e+00
1.798710703849792480e+00
2.069881916046142578e+00
1.708050012588500977e+00
1.715059757232666016e+00
1.974810838699340820e+00
1.982174038887023926e+00
2.342542409896850586e+00
2.148668766021728516e+00
1.743554711341857910e+00
1.956990480422973633e+00
1.985316872596740723e+00
1.959459185600280762e+00
1.724989056587219238e+00
1.720196723937988281e+00
1.872397899627685547e+00
1.629719853401184082e+00
1.656928181648254395e+00
1.729548454284667969e+00
1.723231911659240723e+00
2.081192970275878906e+00
1.753008604049682617e+00
1.720688700675964355e+00
1.850289463996887207e+00
2.064479827880859375e+00
2.006196737289428711e+00
1.992222785949707031e+00
2.005022287368774414e+00
1.896280407905578613e+00
1.788038372993469238e+00
1.930184602737426758e+00
1.966007232666015625e+00
1.927541613578796387e+00
1.981675505638122559e+00
2.293408632278442383e+00
2.949548244476318359e+00
2.360068798065185547e+00
2.461844682693481445e+00
2.784107923507690430e+00
2.210297107696533203e+00
2.224050760269165039e+00
3.163742542266845703e+00
2.633617639541625977e+00
2.224762678146362305e+00
2.551517009735107422e+00
2.697863578796386719e+00
2.945030212402343750e+00
2.657906770706176758e+00
2.932358980178833008e+00
2.746551513671875000e+00
2.942204236984252930e+00
2.843988656997680664e+00
3.460197687149047852e+00
3.501612663269042969e+00
3.225520133972167969e+00
3.745150089263916016e+00
3.585077762603759766e+00
3.061537742614746094e+00
3.686258316040039062e+00
3.529626369476318359e+00
3.485741138458251953e+00
4.040277957916259766e+00
3.381206512451171875e+00
3.478507280349731445e+00
3.763273477554321289e+00
3.706890106201171875e+00
3.994258403778076172e+00
3.065040588378906250e+00
4.373096942901611328e+00
2.895788908004760742e+00
3.878933191299438477e+00
3.172849893569946289e+00
3.989874362945556641e+00
4.618893146514892578e+00
3.943180561065673828e+00
3.921945095062255859e+00
3.900081872940063477e+00
3.129259347915649414e+00
4.116564273834228516e+00
5.000423908233642578e+00
4.388970851898193359e+00
3.963077068328857422e+00
4.695969104766845703e+00
4.196503162384033203e+00
3.989148378372192383e+00
4.193370342254638672e+00
5.045054912567138672e+00
4.491613388061523438e+00
4.421004772186279297e+00
4.649270057678222656e+00
4.695381641387939453e+00
4.850246906280517578e+00
4.697932720184326172e+00
4.622869968414306641e+00
4.904396057128906250e+00
4.328900337219238281e+00
4.784030437469482422e+00
4.970459461212158203e+00
5.765130996704101562e+00
4.580592632293701172e+00
4.580720901489257812e+00
4.842815876007080078e+00
5.339896678924560547e+00
4.797878742218017578e+00
5.277741432189941406e+00
4.659086704254150391e+00
5.753249168395996094e+00
5.473733425140380859e+00
5.653792858123779297e+00
5.107116222381591797e+00
5.026231765747070312e+00
5.078671932220458984e+00
5.669971466064453125e+00
6.914997577667236328e+00
6.027031421661376953e+00
5.793037891387939453e+00
6.086776256561279297e+00
5.962621212005615234e+00
5.876652717590332031e+00
5.775039196014404297e+00
6.381923675537109375e+00
6.185428619384765625e+00
6.136813640594482422e+00
6.468524456024169922e+00
6.690840721130371094e+00
6.443379878997802734e+00
6.802374839782714844e+00
6.410801887512207031e+00
5.857925891876220703e+00
6.938941478729248047e+00
6.219664096832275391e+00
6.529509067535400391e+00
6.208036899566650391e+00
6.618640422821044922e+00
6.326573371887207031e+00
6.994806289672851562e+00
7.060372829437255859e+00
7.271954059600830078e+00
6.243693351745605469e+00
7.279404163360595703e+00
7.289275169372558594e+00
8.216915130615234375e+00
7.149963855743408203e+00
6.795698642730712891e+00
7.255854606628417969e+00
8.251031875610351562e+00
7.074164867401123047e+00
7.511942386627197266e+00
8.164119720458984375e+00
7.250891685485839844e+00
8.392266273498535156e+00
7.700036048889160156e+00
7.814704895019531250e+00
7.911448955535888672e+00
7.482458591461181641e+00
7.941576004028320312e+00
7.835245132446289062e+00
8.664248466491699219e+00
8.323170661926269531e+00
8.855429649353027344e+00
8.207231521606445312e+00
8.356346130371093750e+00
7.796239376068115234e+00
8.974114418029785156e+00
8.563703536987304688e+00
8.868078231811523438e+00
8.451435089111328125e+00
8.959605216979980469e+00
8.448778152465820312e+00
9.253400802612304688e+00
9.149294853210449219e+00
8.802252769470214844e+00
8.659976959228515625e+00
8.876321792602539062e+00
1.016666316986083984e+01
9.487103462219238281e+00
9.457948684692382812e+00
9.176504135131835938e+00
9.280047416687011719e+00
9.117634773254394531e+00
9.882916450500488281e+00
9.279804229736328125e+00
9.843984603881835938e+00
9.434064865112304688e+00
9.397587776184082031e+00
8.507280349731445312e+00
9.355278968811035156e+00
9.462461471557617188e+00
1.008453750610351562e+01
9.284087181091308594e+00
9.611790657043457031e+00
1.037446403503417969e+01
1.062163543701171875e+01
9.560125350952148438e+00
1.007683086395263672e+01
1.029001426696777344e+01
9.810170173645019531e+00
1.008412456512451172e+01
9.650960922241210938e+00
1.040462493896484375e+01
1.031140804290771484e+01
9.172207832336425781e+00
9.772189140319824219e+00
1.058191967010498047e+01
1.030485725402832031e+01
9.938643455505371094e+00
1.019492912292480469e+01
1.024086189270019531e+01
9.716047286987304688e+00
9.645408630371093750e+00
1.131214046478271484e+01
1.073777770996093750e+01
1.130134105682373047e+01
9.839894294738769531e+00
1.090641307830810547e+01
1.170935535430908203e+01
1.063175868988037109e+01
1.160898780822753906e+01
1.023985195159912109e+01
1.070315456390380859e+01
1.111505508422851562e+01
1.106015682220458984e+01
1.157422256469726562e+01
1.091527080535888672e+01
1.150652122497558594e+01
1.120631694793701172e+01
1.173856925964355469e+01
1.093014240264892578e+01
1.117368316650390625e+01
1.182622432708740234e+01
1.004345798492431641e+01
1.219525432586669922e+01
1.163768100738525391e+01
1.257909202575683594e+01
1.151970005035400391e+01
1.080437183380126953e+01
1.194280719757080078e+01
1.171182441711425781e+01
1.081461429595947266e+01
1.135481643676757812e+01
1.189863300323486328e+01
1.203699398040771484e+01
1.159627914428710938e+01
1.098355484008789062e+01
1.195013809204101562e+01
1.221405887603759766e+01
1.204597282409667969e+01
1.155927562713623047e+01
1.173736381530761719e+01
1.179522800445556641e+01
1.181839466094970703e+01
1.230947113037109375e+01
1.202604484558105469e+01
1.237194538116455078e+01
1.154005050659179688e+01
1.197391986846923828e+01
1.238041400909423828e+01
1.297566795349121094e+01
1.191422080993652344e+01
1.226264572143554688e+01
1.368918323516845703e+01
1.236737728118896484e+01
1.156523990631103516e+01
1.280630874633789062e+01
1.257514858245849609e+01
1.267446899414062500e+01
1.362687873840332031e+01
1.327673530578613281e+01
1.330941486358642578e+01
1.277122974395751953e+01
1.344464874267578125e+01
1.307673263549804688e+01
1.293265247344970703e+01
1.291116333007812500e+01
1.273782062530517578e+01
1.386195659637451172e+01
1.349288177490234375e+01
1.253933238983154297e+01
1.352263450622558594e+01
1.325920677185058594e+01
1.264658546447753906e+01
1.283030796051025391e+01
1.184820270538330078e+01
1.274042892456054688e+01
1.313565731048583984e+01
1.314066791534423828e+01
1.321386814117431641e+01
1.285131549835205078e+01
1.290356063842773438e+01
1.303063488006591797e+01
1.306687259674072266e+01
1.262223148345947266e+01
1.351780414581298828e+01
1.309845542907714844e+01
1.329935169219970703e+01
1.310116386413574219e+01
1.309118843078613281e+01
1.370046138763427734e+01
1.374900627136230469e+01
1.322850227355957031e+01
1.395542335510253906e+01
1.386143589019775391e+01
1.378032970428466797e+01
1.323477935791015625e+01
1.368903923034667969e+01
1.360659980773925781e+01
1.413589668273925781e+01
1.316513824462890625e+01
1.412277889251708984e+01
1.465237998962402344e+01
1.341567993164062500e+01
1.389900398254394531e+01
1.342361927032470703e+01
1.313073444366455078e+01
1.367459869384765625e+01
1.394466972351074219e+01
1.393566226959228516e+01
1.444624042510986328e+01
1.437838935852050781e+01
1.561206626892089844e+01
1.388911151885986328e+01
1.376050186157226562e+01
1.394647789001464844e+01
1.419083881378173828e+01
1.453607845306396484e+01
1.517009544372558594e+01
1.424036884307861328e+01
1.503258419036865234e+01
1.463756847381591797e+01
1.490895080566406250e+01
1.485797882080078125e+01
1.454888057708740234e+01
1.467202854156494141e+01
1.577313899993896484e+01
1.540598964691162109e+01
1.549343681335449219e+01
1.525918674468994141e+01
1.651702690124511719e+01
1.578054904937744141e+01
1.466209793090820312e+01
1.524737167358398438e+01
1.564279270172119141e+01
1.517842960357666016e+01
1.545928668975830078e+01
1.522286701202392578e+01
1.586881065368652344e+01
1.595024681091308594e+01
1.502360630035400391e+01
1.582936382293701172e+01
1.679674148559570312e+01
1.584659194946289062e+01
1.600311088562011719e+01
1.660771179199218750e+01
1.550650978088378906e+01
1.587956523895263672e+01
1.593233585357666016e+01
1.568499565124511719e+01
1.566134262084960938e+01
1.544588375091552734e+01
1.619791412353515625e+01
1.578714466094970703e+01
1.591012954711914062e+01
1.468337917327880859e+01
1.513283157348632812e+01
1.625366783142089844e+01
1.593102741241455078e+01
1.524701976776123047e+01
1.482786178588867188e+01
1.519611167907714844e+01
1.595522403717041016e+01
1.557871627807617188e+01
1.474358558654785156e+01
1.566631317138671875e+01
1.558584213256835938e+01
1.582044982910156250e+01
1.576584625244140625e+01
1.571833992004394531e+01
1.497812843322753906e+01
1.587856578826904297e+01
1.513982200622558594e+01
1.569631290435791016e+01
1.516368007659912109e+01
1.501443576812744141e+01
1.521895408630371094e+01
1.599509620666503906e+01
1.550319004058837891e+01
1.538725948333740234e+01
1.576672935485839844e+01
1.545032310485839844e+01
1.508270740509033203e+01
1.572378730773925781e+01
1.516756629943847656e+01
1.574877738952636719e+01
1.537082386016845703e+01
1.461477756500244141e+01
1.512045669555664062e+01
1.559049034118652344e+01
1.620497703552246094e+01
1.501009273529052734e+01
1.612382507324218750e+01
1.583240985870361328e+01
1.493774604797363281e+01
1.487304496765136719e+01
1.463593959808349609e+01
1.457502174377441406e+01
1.529910469055175781e+01
1.496364688873291016e+01
1.452145004272460938e+01
1.471949768066406250e+01
1.582870864868164062e+01
1.530706405639648438e+01
1.561814212799072266e+01
1.530168819427490234e+01
1.437944889068603516e+01
1.439020538330078125e+01
1.456855678558349609e+01
1.480627155303955078e+01
1.460003185272216797e+01
1.531550502777099609e+01
1.514497470855712891e+01
1.562711524963378906e+01
1.491319942474365234e+01
1.494381427764892578e+01
1.533566474914550781e+01
1.519265460968017578e+01
1.440870571136474609e+01
1.573937606811523438e+01
1.492629528045654297e+01
1.532178497314453125e+01
1.545248794555664062e+01
1.472989845275878906e+01
1.579539299011230469e+01
1.502834224700927734e+01
1.511550235748291016e+01
1.522395133972167969e+01
1.458992671966552734e+01
1.526147270202636719e+01
1.537329673767089844e+01
1.541502571105957031e+01
1.577617263793945312e+01
1.556460857391357422e+01
1.521102237701416016e+01
1.484369850158691406e+01
1.634500694274902344e+01
1.522120666503906250e+01
1.504639339447021484e+01
1.515069389343261719e+01
1.617107391357421875e+01
1.516723632812500000e+01
1.709622573852539062e+01
1.630021667480468750e+01
1.494888305664062500e+01
1.569705963134765625e+01
1.566650676727294922e+01
1.513997459411621094e+01
1.579893970489501953e+01
1.535714244842529297e+01
1.566018199920654297e+01
1.573647117614746094e+01
1.566079521179199219e+01
1.542246341705322266e+01
1.649255180358886719e+01
1.591599655151367188e+01
1.621163368225097656e+01
1.543834018707275391e+01
1.666900444030761719e+01
1.637425613403320312e+01
1.642126083374023438e+01
1.610442924499511719e+01
1.639254760742187500e+01
1.748073768615722656e+01
1.743851470947265625e+01
1.609695243835449219e+01
1.674113845825195312e+01
1.554918956756591797e+01
1.759868812561035156e+01
1.647436904907226562e+01
1.679827117919921875e+01
1.584226608276367188e+01
1.707582283020019531e+01
1.523509502410888672e+01
1.645083618164062500e+01
1.709546852111816406e+01
1.757590484619140625e+01
1.601603889465332031e+01
1.660630798339843750e+01
1.703419113159179688e+01
1.676211738586425781e+01
1.795760917663574219e+01
1.722968864440917969e+01
1.711254501342773438e+01
1.726125717163085938e+01
1.725013732910156250e+01
1.752315711975097656e+01
1.658131599426269531e+01
1.812217903137207031e+01
1.769836235046386719e+01
1.774503135681152344e+01
1.817218399047851562e+01
1.844273757934570312e+01
1.987056159973144531e+01
1.664195060729980469e+01
1.768609809875488281e+01
1.880637550354003906e+01
1.779421043395996094e+01
1.807978439331054688e+01
1.804344367980957031e+01
1.946133804321289062e+01
1.890262985229492188e+01
1.889833831787109375e+01
1.775709342956542969e+01
1.800257682800292969e+01
1.821812438964843750e+01
1.839980888366699219e+01
1.900148391723632812e+01
1.764726829528808594e+01
1.872913742065429688e+01
2.042229843139648438e+01
2.059437561035156250e+01
1.913031959533691406e+01
2.004534530639648438e+01
1.867544937133789062e+01
2.059345245361328125e+01
2.077393341064453125e+01
1.996970176696777344e+01
2.072019767761230469e+01
2.052956581115722656e+01
2.135383605957031250e+01
2.108250427246093750e+01
1.991838645935058594e+01
1.956107330322265625e+01
2.132310104370117188e+01
1.995763206481933594e+01
2.056914138793945312e+01
1.945585250854492188e+01
2.097708511352539062e+01
2.087192916870117188e+01
2.113852500915527344e+01
2.001258468627929688e+01
2.192542457580566406e+01
2.106022453308105469e+01
2.196606254577636719e+01
1.952811813354492188e+01
2.066683578491210938e+01
2.083124351501464844e+01
2.149508666992187500e+01
2.234883308410644531e+01
2.147326087951660156e+01
2.181202697753906250e+01
1.988997650146484375e+01
2.069398307800292969e+01
2.032314491271972656e+01
2.145332336425781250e+01
2.117905807495117188e+01
2.191521072387695312e+01
2.148267555236816406e+01
2.112083053588867188e+01
2.087869071960449219e+01
2.153489112854003906e+01
2.059008216857910156e+01
2.091697692871093750e+01
2.123723793029785156e+01
2.208852958679199219e+01
2.299172210693359375e+01
2.263880157470703125e+01
2.309462356567382812e+01
2.198115158081054688e+01
2.146444511413574219e+01
2.240797042846679688e+01
2.215573501586914062e+01
2.028144836425781250e+01
2.334675216674804688e+01
2.283355140686035156e+01
2.329940986633300781e+01
2.265907478332519531e+01
2.199921035766601562e+01
2.433509063720703125e+01
2.351956748962402344e+01
2.412505531311035156e+01
2.349701499938964844e+01
2.286534500122070312e+01
2.358245658874511719e+01
2.337258529663085938e+01
2.339747238159179688e+01
2.282129669189453125e+01
2.417634391784667969e+01
2.245015716552734375e+01
2.342195129394531250e+01
2.353744888305664062e+01
2.306494903564453125e+01
2.440439033508300781e+01
2.477660560607910156e+01
2.537937927246093750e+01
2.387824630737304688e+01
2.434760475158691406e+01
2.333001708984375000e+01
2.316824150085449219e+01
2.436963272094726562e+01
2.431731414794921875e+01
2.383542823791503906e+01
2.347087478637695312e+01
2.437275314331054688e+01
2.502797698974609375e+01
2.488952827453613281e+01
2.549138259887695312e+01
2.707018470764160156e+01
2.481006240844726562e+01
2.617222023010253906e+01
2.390673446655273438e+01
2.520923614501953125e+01
2.495739936828613281e+01
2.442915153503417969e+01
2.491954040527343750e+01
2.499517059326171875e+01
2.450477409362792969e+01
2.537870788574218750e+01
2.451787757873535156e+01
2.364069938659667969e+01
2.572586631774902344e+01
2.658772468566894531e+01
2.512593269348144531e+01
2.625782775878906250e+01
2.655072402954101562e+01
2.514989662170410156e+01
2.405036926269531250e+01
2.499077987670898438e+01
2.682107734680175781e+01
2.665842819213867188e+01
2.757380104064941406e+01
2.765275382995605469e+01
2.725033378601074219e+01
2.680782318115234375e+01
2.554462432861328125e+01
2.607747840881347656e+01
2.481930351257324219e+01
2.623474311828613281e+01
2.628731727600097656e+01
2.551619148254394531e+01
2.545941734313964844e+01
2.465400123596191406e+01
2.426344680786132812e+01
2.440716552734375000e+01
2.435371208190917969e+01
2.558762359619140625e+01
2.424192047119140625e+01
2.599787521362304688e+01
2.636558914184570312e+01
2.637600517272949219e+01
2.668355941772460938e+01
2.687109756469726562e+01
2.433810043334960938e+01
2.615552139282226562e+01
2.455478858947753906e+01
2.671629524230957031e+01
2.474608993530273438e+01
2.442590141296386719e+01
2.691334915161132812e+01
2.519337272644042969e+01
2.561502456665039062e+01
2.641565704345703125e+01
2.655796051025390625e+01
2.805034446716308594e+01
2.543608474731445312e+01
2.541352844238281250e+01
2.582464027404785156e+01
2.662741851806640625e+01
2.468799018859863281e+01
2.589632415771484375e+01
2.552573013305664062e+01
2.662189674377441406e+01
2.656608772277832031e+01
2.686607742309570312e+01
2.610277748107910156e+01
2.477834320068359375e+01
2.849032020568847656e+01
2.758357048034667969e+01
2.621038627624511719e+01
2.804666328430175781e+01
2.545154762268066406e+01
2.694801902770996094e+01
2.603468513488769531e+01
2.499953460693359375e+01
2.604394531250000000e+01
2.627114868164062500e+01
2.550527763366699219e+01
2.666333580017089844e+01
2.649192428588867188e+01
2.721016120910644531e+01
2.586148452758789062e+01
2.754562377929687500e+01
2.914897346496582031e+01
2.590181159973144531e+01
2.664647293090820312e+01
2.588718414306640625e+01
2.642510223388671875e+01
2.582339477539062500e+01
2.703768348693847656e+01
2.835961341857910156e+01
2.697225761413574219e+01
2.768379211425781250e+01
3.009591865539550781e+01
2.715575408935546875e+01
2.774131965637207031e+01
2.731029891967773438e+01
2.733683204650878906e+01
2.797531890869140625e+01
2.653328132629394531e+01
2.734711647033691406e+01
2.798084831237792969e+01
2.798675346374511719e+01
2.628402519226074219e+01
2.577126884460449219e+01
2.587667465209960938e+01
2.714381027221679688e+01
2.689359855651855469e+01
2.905160331726074219e+01
2.827612686157226562e+01
2.667510795593261719e+01
2.919711875915527344e+01
2.713480758666992188e+01
2.631823539733886719e+01
2.638583564758300781e+01
2.608795738220214844e+01
2.555886459350585938e+01
2.882909774780273438e+01
2.780015945434570312e+01
2.890749549865722656e+01
3.063992309570312500e+01
2.825845336914062500e+01
2.755069923400878906e+01
2.661801528930664062e+01
2.659114074707031250e+01
2.660817146301269531e+01
2.958672714233398438e+01
2.803659248352050781e+01
2.965499687194824219e+01
2.726714515686035156e+01
2.887044143676757812e+01
2.873695755004882812e+01
2.855288696289062500e+01
2.718194007873535156e+01
2.535158157348632812e+01
2.786363601684570312e+01
2.714319229125976562e+01
2.796296310424804688e+01
2.649596786499023438e+01
2.670974540710449219e+01
2.672252464294433594e+01
2.740590286254882812e+01
2.723229217529296875e+01
2.787886428833007812e+01
2.768725776672363281e+01
2.592593383789062500e+01
2.664494132995605469e+01
2.689785575866699219e+01
2.776649284362792969e+01
2.715260505676269531e+01
2.542794990539550781e+01
2.793334007263183594e+01
2.703950309753417969e+01
2.681853866577148438e+01
2.723001098632812500e+01
2.732741928100585938e+01
2.663484382629394531e+01
2.794520568847656250e+01
2.621127700805664062e+01
2.581211662292480469e+01
2.387709426879882812e+01
2.420341491699218750e+01
2.649937820434570312e+01
2.624008178710937500e+01
2.450339508056640625e+01
2.568787574768066406e+01
2.550528144836425781e+01
2.494074249267578125e+01
2.444103240966796875e+01
2.490209770202636719e+01
2.506319999694824219e+01
2.394845771789550781e+01
2.425808525085449219e+01
2.507680892944335938e+01
2.580727767944335938e+01
2.604298591613769531e+01
2.534466361999511719e+01
2.435032844543457031e+01
2.480469894409179688e+01
2.496055984497070312e+01
2.488896751403808594e+01
2.531301116943359375e+01
2.574281692504882812e+01
2.425211334228515625e+01
2.568978500366210938e+01
2.570360755920410156e+01
2.562077331542968750e+01
2.586725807189941406e+01
2.410250854492187500e+01
2.451945304870605469e+01
2.395236587524414062e+01
2.531611824035644531e+01
2.442300605773925781e+01
2.471479225158691406e+01
2.462109184265136719e+01
2.483917236328125000e+01
2.437608528137207031e+01
2.678992462158203125e+01
2.443291664123535156e+01
2.536168670654296875e+01
2.447255134582519531e+01
2.310442161560058594e+01
2.507101631164550781e+01
2.466057205200195312e+01
2.291783714294433594e+01
2.587247467041015625e+01
2.399998283386230469e+01
2.396709060668945312e+01
2.443414688110351562e+01
2.471336364746093750e+01
2.376355552673339844e+01
2.568282890319824219e+01
2.278089904785156250e+01
2.413306617736816406e+01
2.472260475158691406e+01
2.311872100830078125e+01
2.502341079711914062e+01
2.383141326904296875e+01
2.303901481628417969e+01
2.459076118469238281e+01
2.344899940490722656e+01
2.295109748840332031e+01
2.244576263427734375e+01
2.340601921081542969e+01
2.371945953369140625e+01
2.349035263061523438e+01
2.433743095397949219e+01
2.266062545776367188e+01
2.341630172729492188e+01
2.313738250732421875e+01
2.320273017883300781e+01
2.176814842224121094e+01
2.249067497253417969e+01
2.292175483703613281e+01
2.276694869995117188e+01
2.369945144653320312e+01
2.254013824462890625e+01
2.521562194824218750e+01
2.747900009155273438e+01
2.229038047790527344e+01
2.257668304443359375e+01
2.489548683166503906e+01
2.240774536132812500e+01
2.451271629333496094e+01
2.431645774841308594e+01
2.278114891052246094e+01
2.269614410400390625e+01
2.193987655639648438e+01
2.364924240112304688e+01
2.401725769042968750e+01
2.432915878295898438e+01
2.280950164794921875e+01
2.452593421936035156e+01
2.271137046813964844e+01
2.376720809936523438e+01
2.323676872253417969e+01
2.220293617248535156e+01
2.516697502136230469e+01
2.327467536926269531e+01
2.326605033874511719e+01
2.345825767517089844e+01
2.216763687133789062e+01
2.160301589965820312e+01
2.202743721008300781e+01
2.300839996337890625e+01
2.105694580078125000e+01
2.201218795776367188e+01
2.101885032653808594e+01
2.392984771728515625e+01
2.247795677185058594e+01
2.169512557983398438e+01
2.133588981628417969e+01
2.252088737487792969e+01
2.181677818298339844e+01
2.345546150207519531e+01
2.167466163635253906e+01
2.336709976196289062e+01
2.223853683471679688e+01
2.191406059265136719e+01
2.360481262207031250e+01
2.430353164672851562e+01
2.258081245422363281e+01
2.266630363464355469e+01
2.260476112365722656e+01
2.152028465270996094e+01
2.521523094177246094e+01
2.542838668823242188e+01
2.329570388793945312e+01
2.266057014465332031e+01
2.265220451354980469e+01
2.201227760314941406e+01
2.226579666137695312e+01
2.408960914611816406e+01
2.326770782470703125e+01
2.279792976379394531e+01
2.211459922790527344e+01
2.176233291625976562e+01
2.404356956481933594e+01
2.266096878051757812e+01
2.307451248168945312e+01
2.150795364379882812e+01
2.113628005981445312e+01
2.643371391296386719e+01
2.264260101318359375e+01
2.360073280334472656e+01
2.187724876403808594e+01
2.199942779541015625e+01
2.219496536254882812e+01
2.287867164611816406e+01
2.210166358947753906e+01
2.293619918823242188e+01
2.073581886291503906e+01
2.251396751403808594e+01
2.272889137268066406e+01
2.224241447448730469e+01
2.220584869384765625e+01
2.171586799621582031e+01
2.237209701538085938e+01
2.270208358764648438e+01
2.299875640869140625e+01
2.375976943969726562e+01
2.255299568176269531e+01
2.100829887390136719e+01
2.282824516296386719e+01
2.287351989746093750e+01
2.207992172241210938e+01
2.095398330688476562e+01
2.159290695190429688e+01
2.324548530578613281e+01
1.928824234008789062e+01
2.155306053161621094e+01
2.096163368225097656e+01
2.253546905517578125e+01
2.188197135925292969e+01
2.155876159667968750e+01
2.343517684936523438e+01
2.375941658020019531e+01
2.050737953186035156e+01
2.166770362854003906e+01
2.007444763183593750e+01
2.113636398315429688e+01
2.156616592407226562e+01
2.121817398071289062e+01
2.150631904602050781e+01
2.314437866210937500e+01
2.117210769653320312e+01
2.200240898132324219e+01
2.199228286743164062e+01
2.025703239440917969e+01
1.982218742370605469e+01
2.076209068298339844e+01
2.071323204040527344e+01
1.987319564819335938e+01
1.926458168029785156e+01
2.159904098510742188e+01
2.038114929199218750e+01
2.048419570922851562e+01
2.016820716857910156e+01
2.122857475280761719e+01
2.120799446105957031e+01
2.141885948181152344e+01
2.023045349121093750e+01
2.246993637084960938e+01
2.066616821289062500e+01
2.058297920227050781e+01
1.968108558654785156e+01
2.112243843078613281e+01
2.060883522033691406e+01
2.084263992309570312e+01
2.035829734802246094e+01
1.951858520507812500e+01
1.772268295288085938e+01
1.871578979492187500e+01
1.905705070495605469e+01
1.790277671813964844e+01
2.131207084655761719e+01
2.175965309143066406e+01
1.944072723388671875e+01
2.016512107849121094e+01
2.175430488586425781e+01
2.012941932678222656e+01
2.210320281982421875e+01
2.117000961303710938e+01
1.897805023193359375e+01
2.100104522705078125e+01
2.087255668640136719e+01
2.139248085021972656e+01
2.050836372375488281e+01
1.976486778259277344e+01
1.995055007934570312e+01
1.822225952148437500e+01
1.985574150085449219e+01
1.995871353149414062e+01
1.831924629211425781e+01
2.025528526306152344e+01
1.877833557128906250e+01
1.878301429748535156e+01
1.830887222290039062e+01
1.739892578125000000e+01
1.903298759460449219e+01
1.949809074401855469e+01
1.858343696594238281e+01
1.806529235839843750e+01
2.002199935913085938e+01
1.970903587341308594e+01
1.968521118164062500e+01
1.879265975952148438e+01
2.176334762573242188e+01
2.003888893127441406e+01
1.987598419189453125e+01
2.069840621948242188e+01
1.961043357849121094e+01
1.995425605773925781e+01
2.035417747497558594e+01
2.136985588073730469e+01
1.988099861145019531e+01
1.894313430786132812e+01
2.208387947082519531e+01
2.063690757751464844e+01
1.930928993225097656e+01
2.033148384094238281e+01
1.985783576965332031e+01
2.103537750244140625e+01
1.944879722595214844e+01
1.878221702575683594e+01
2.094014358520507812e+01
1.950989913940429688e+01
2.192249679565429688e+01
2.023327255249023438e+01
2.132661056518554688e+01
2.044075584411621094e+01
2.047120094299316406e+01
2.068342590332031250e+01
1.941690635681152344e+01
1.933534049987792969e+01
2.074199867248535156e+01
2.184601974487304688e+01
2.104334068298339844e+01
1.901020240783691406e+01
1.917527198791503906e+01
2.131010627746582031e+01
2.040497589111328125e+01
2.187352943420410156e+01
2.181349182128906250e+01
2.197826957702636719e+01
1.921185111999511719e+01
1.994410133361816406e+01
2.022624015808105469e+01
2.145608139038085938e+01
2.000207710266113281e+01
2.079349517822265625e+01
2.044419479370117188e+01
1.923848342895507812e+01
1.831272315979003906e+01
2.272349548339843750e+01
2.107134437561035156e+01
2.038496017456054688e+01
2.020390319824218750e+01
2.058045196533203125e+01
2.020099449157714844e+01
2.007083892822265625e+01
1.974662590026855469e+01
1.803623771667480469e+01
2.081673049926757812e+01
2.127553939819335938e+01
2.196728515625000000e+01
1.989419746398925781e+01
2.025564384460449219e+01
1.930142784118652344e+01
2.135763549804687500e+01
1.975715637207031250e+01
2.036607933044433594e+01
2.130396461486816406e+01
2.164306831359863281e+01
2.101365661621093750e+01
2.245137405395507812e+01
1.978840446472167969e+01
2.157959747314453125e+01
2.158335113525390625e+01
2.183172035217285156e+01
2.109966659545898438e+01
2.150937271118164062e+01
1.993385505676269531e+01
2.240217590332031250e+01
2.065680503845214844e+01
2.042680358886718750e+01
2.027063751220703125e+01
2.139760208129882812e+01
2.144807815551757812e+01
2.271161270141601562e+01
1.987827682495117188e+01
1.999966049194335938e+01
2.258676719665527344e+01
2.096151161193847656e+01
2.105850410461425781e+01
2.230593681335449219e+01
2.248019981384277344e+01
2.210157012939453125e+01
2.124254608154296875e+01
2.308290863037109375e+01
2.196606254577636719e+01
2.209883117675781250e+01
2.073546409606933594e+01
2.002940177917480469e+01
2.107724189758300781e+01
2.023730087280273438e+01
1.948697090148925781e+01
1.902067565917968750e+01
2.091254234313964844e+01
2.113097763061523438e+01
2.247752761840820312e+01
2.270922088623046875e+01
2.201657104492187500e+01
2.189947128295898438e+01
2.179193496704101562e+01
2.229170608520507812e+01
2.099112892150878906e+01
2.130860519409179688e+01
2.105466842651367188e+01
2.312056732177734375e+01
2.314363098144531250e+01
2.235874176025390625e+01
2.193280792236328125e+01
2.171322822570800781e+01
2.089305496215820312e+01
2.220222663879394531e+01
2.289377403259277344e+01
2.416828155517578125e+01
2.145058822631835938e+01
2.364226150512695312e+01
2.158217811584472656e+01
2.145709800720214844e+01
2.198330688476562500e+01
2.179706954956054688e+01
2.071779251098632812e+01
2.164327239990234375e+01
1.953254318237304688e+01
2.083900833129882812e+01
2.090143775939941406e+01
2.118746185302734375e+01
2.331164932250976562e+01
2.351414108276367188e+01
2.039307975769042969e+01
2.382333564758300781e+01
1.908860969543457031e+01
2.189517211914062500e+01
2.123220825195312500e+01
2.056493759155273438e+01
2.167999649047851562e+01
2.018178558349609375e+01
1.994469833374023438e+01
1.960757446289062500e+01
2.059830474853515625e+01
1.977571487426757812e+01
2.247699928283691406e+01
2.061360931396484375e+01
2.217946243286132812e+01
2.351407814025878906e+01
1.889568328857421875e+01
1.917720222473144531e+01
2.563180732727050781e+01
2.140774154663085938e+01
2.123018264770507812e+01
2.204651832580566406e+01
2.250739479064941406e+01
1.999607467651367188e+01
2.143553161621093750e+01
2.185863876342773438e+01
2.065518951416015625e+01
2.203471565246582031e+01
2.263444900512695312e+01
2.230574035644531250e+01
2.225937080383300781e+01
2.325561523437500000e+01
2.198216247558593750e+01
2.162124252319335938e+01
2.318180465698242188e+01
2.164640426635742188e+01
2.227557945251464844e+01
2.208123779296875000e+01
2.429893302917480469e+01
2.169776153564453125e+01
2.034996032714843750e+01
2.075551986694335938e+01
2.295475959777832031e+01
2.222124290466308594e+01
2.155174636840820312e+01
2.505378532409667969e+01
2.267706108093261719e+01
2.204294395446777344e+01
2.154014015197753906e+01
2.333656692504882812e+01
2.116671752929687500e+01
2.290614509582519531e+01
2.055225753784179688e+01
2.391542053222656250e+01
2.489555168151855469e+01
2.397824668884277344e+01
2.304078674316406250e+01
2.426198768615722656e+01
2.173911476135253906e+01
2.358279609680175781e+01
2.637734031677246094e+01
2.470048522949218750e+01
2.667429161071777344e+01
2.295311164855957031e+01
2.226135635375976562e+01
2.186027145385742188e+01
2.098634529113769531e+01
2.235217094421386719e+01
2.249607086181640625e+01
2.165509414672851562e+01
2.474888610839843750e+01
2.427427291870117188e+01
2.463554191589355469e+01
2.350469970703125000e+01
2.432522964477539062e+01
2.226227378845214844e+01
2.410114479064941406e+01
2.467509460449218750e+01
2.338643836975097656e+01
2.468661499023437500e+01
2.340002250671386719e+01
2.207747268676757812e+01
2.486821174621582031e+01
2.423375701904296875e+01
2.336539840698242188e+01
2.593659782409667969e+01
2.277512168884277344e+01
2.468776130676269531e+01
2.697263908386230469e+01
2.392240905761718750e+01
2.681832504272460938e+01
2.323849296569824219e+01
2.518288612365722656e+01
2.610617637634277344e+01
2.447323989868164062e+01
2.434696960449218750e+01
2.875455665588378906e+01
2.477295684814453125e+01
2.413880348205566406e+01
2.606315803527832031e+01
2.709451103210449219e+01
2.459015846252441406e+01
2.297787857055664062e+01
2.464508628845214844e+01
2.427027320861816406e+01
2.651682090759277344e+01
2.596866607666015625e+01
2.638924980163574219e+01
2.700208282470703125e+01
2.660779762268066406e+01
2.811384773254394531e+01
2.675807571411132812e+01
2.707681846618652344e+01
2.755064392089843750e+01
2.702688980102539062e+01
2.609862518310546875e+01
2.616701126098632812e+01
2.453249168395996094e+01
2.772159004211425781e+01
2.701824760437011719e+01
2.807847213745117188e+01
2.366665649414062500e+01
2.706930923461914062e+01
2.425228118896484375e+01
2.847375869750976562e+01
2.431149673461914062e+01
2.481247138977050781e+01
2.482778930664062500e+01
2.450202751159667969e+01
2.547051620483398438e+01
2.523740196228027344e+01
2.641151618957519531e+01
2.410252571105957031e+01
2.406430053710937500e+01
2.381344223022460938e+01
2.299189376831054688e+01
2.619600296020507812e+01
2.350310516357421875e+01
2.324101829528808594e+01
2.392864990234375000e+01
2.402132225036621094e+01
2.393296813964843750e+01
2.510146522521972656e+01
2.408084869384765625e+01
2.510980606079101562e+01
2.495485496520996094e+01
2.622764396667480469e+01
2.395333862304687500e+01
2.310029792785644531e+01
2.428510284423828125e+01
2.264439582824707031e+01
2.624357032775878906e+01
2.536618423461914062e+01
2.374672889709472656e+01
2.536974906921386719e+01
2.594296073913574219e+01
2.489087104797363281e+01
2.149553108215332031e+01
2.339153671264648438e+01
2.476668739318847656e+01
2.410715675354003906e+01
2.338512611389160156e+01
2.154362678527832031e+01
2.363782882690429688e+01
2.400353813171386719e+01
2.489459800720214844e+01
2.392773056030273438e+01
2.420306015014648438e+01
2.235722541809082031e+01
2.674201202392578125e+01
2.279476547241210938e+01
2.261807060241699219e+01
2.220394134521484375e+01
2.545265197753906250e+01
2.280962562561035156e+01
2.305842971801757812e+01
2.118334960937500000e+01
2.229273033142089844e+01
2.348895454406738281e+01
2.543150329589843750e+01
2.233919906616210938e+01
2.125423049926757812e+01
2.267547225952148438e+01
2.125481414794921875e+01
2.291541862487792969e+01
2.375155448913574219e+01
2.162805557250976562e+01
2.094514846801757812e+01
2.432414627075195312e+01
2.238212966918945312e+01
2.320948410034179688e+01
2.316592216491699219e+01
2.224380302429199219e+01
2.096774482727050781e+01
2.146841430664062500e+01
2.234774017333984375e+01
2.151521873474121094e+01
1.982855796813964844e+01
2.132873916625976562e+01
2.489065361022949219e+01
2.359532356262207031e+01
2.342757797241210938e+01
2.336890411376953125e+01
2.484068298339843750e+01
2.163381195068359375e+01
2.145572662353515625e+01
2.299867439270019531e+01
2.396319389343261719e+01
2.667627525329589844e+01
2.478055953979492188e+01
2.223259353637695312e+01
2.428891754150390625e+01
2.490386009216308594e+01
2.478097343444824219e+01
2.235378265380859375e+01
2.614727783203125000e+01
2.264706611633300781e+01
2.157339859008789062e+01
2.361102867126464844e+01
2.714232254028320312e+01
2.244351959228515625e+01
2.200231170654296875e+01
2.347689628601074219e+01
2.147295951843261719e+01
2.412434387207031250e+01
2.367721748352050781e+01
2.629651451110839844e+01
2.484955787658691406e+01
2.102245521545410156e+01
2.156464004516601562e+01
2.387749481201171875e+01
2.479143333435058594e+01
2.486448860168457031e+01
2.187194252014160156e+01
2.135403823852539062e+01
2.250641822814941406e+01
2.329973793029785156e+01
2.205114364624023438e+01
2.289235877990722656e+01
2.194560813903808594e+01
2.389356994628906250e+01
2.171482276916503906e+01
2.301556205749511719e+01
2.368695259094238281e+01
2.241088294982910156e+01
2.167452430725097656e+01
2.227813911437988281e+01
2.350019454956054688e+01
2.173369598388671875e+01
2.350964546203613281e+01
2.191669082641601562e+01
2.192728996276855469e+01
2.226242637634277344e+01
2.274802398681640625e+01
2.479654121398925781e+01
2.571708297729492188e+01
2.168754577636718750e+01
2.503147697448730469e+01
2.177339935302734375e+01
2.350433921813964844e+01
2.459518051147460938e+01
2.230313301086425781e+01
2.261110877990722656e+01
2.204219436645507812e+01
2.320307159423828125e+01
2.320946884155273438e+01
2.492432975769042969e+01
2.413445472717285156e+01
2.548696517944335938e+01
2.458245658874511719e+01
2.410671234130859375e+01
2.271476936340332031e+01
2.587961196899414062e+01
2.586989593505859375e+01
2.491042709350585938e+01
2.429299545288085938e+01
2.712693786621093750e+01
2.598735237121582031e+01
2.471192932128906250e+01
2.547240638732910156e+01
2.566522216796875000e+01
2.587146186828613281e+01
2.454989433288574219e+01
2.824871635437011719e+01
2.556008911132812500e+01
2.439061164855957031e+01
2.671606636047363281e+01
2.500944709777832031e+01
2.380445289611816406e+01
2.430682563781738281e+01
2.475487518310546875e+01
2.677654266357421875e+01
2.571469497680664062e+01
2.420515251159667969e+01
2.630185317993164062e+01
2.290956878662109375e+01
2.426279449462890625e+01
2.481512832641601562e+01
2.410850524902343750e+01
2.638998794555664062e+01
2.451578521728515625e+01
2.505358123779296875e+01
2.376189994812011719e+01
2.501403236389160156e+01
2.357352447509765625e+01
2.324685478210449219e+01
2.551719093322753906e+01
2.515488624572753906e+01
2.298515701293945312e+01
2.320619201660156250e+01
2.215245628356933594e+01
2.370337104797363281e+01
2.247497367858886719e+01
2.585163497924804688e+01
2.362410545349121094e+01
2.587075233459472656e+01
2.388076591491699219e+01
2.594426918029785156e+01
2.625965118408203125e+01
2.302587699890136719e+01
2.548849296569824219e+01
2.355253219604492188e+01
2.851188850402832031e+01
2.478639030456542969e+01
2.304436683654785156e+01
2.576405906677246094e+01
2.373130798339843750e+01
2.265971183776855469e+01
2.507466316223144531e+01
2.556046676635742188e+01
2.689029693603515625e+01
2.550703430175781250e+01
2.472240829467773438e+01
2.461737442016601562e+01
2.641310882568359375e+01
2.403811645507812500e+01
2.677664756774902344e+01
2.417663192749023438e+01
2.410354232788085938e+01
2.563338279724121094e+01
2.349253845214843750e+01
2.260442543029785156e+01
2.905158996582031250e+01
2.564888954162597656e+01
2.652128219604492188e+01
2.834071159362792969e+01
2.698057365417480469e+01
2.732045173645019531e+01
2.573710632324218750e+01
2.694174194335937500e+01
2.604047203063964844e+01
2.873327445983886719e+01
2.373517227172851562e+01
2.736575698852539062e+01
2.678062057495117188e+01
2.647141838073730469e+01
2.206948280334472656e+01
2.481388473510742188e+01
2.387895965576171875e+01
2.955745315551757812e+01
2.485663223266601562e+01
2.676162147521972656e+01
2.634384346008300781e+01
2.823103904724121094e+01
2.619889831542968750e+01
2.989749526977539062e+01
2.571171569824218750e+01
2.674816322326660156e+01
2.714885139465332031e+01
2.639396095275878906e+01
2.710603713989257812e+01
2.648407745361328125e+01
2.600166702270507812e+01
2.609993171691894531e+01
2.754931831359863281e+01
2.619775962829589844e+01
2.882707405090332031e+01
2.530014038085937500e+01
2.432187461853027344e+01
2.573095130920410156e+01
2.612224388122558594e+01
2.510220718383789062e+01
2.711390495300292969e+01
2.597377395629882812e+01
2.290490150451660156e+01
2.626274681091308594e+01
2.627073860168457031e+01
2.396813774108886719e+01
2.674942207336425781e+01
2.386804580688476562e+01
2.629908561706542969e+01
2.567242240905761719e+01
2.365276527404785156e+01
2.572638702392578125e+01
2.536868667602539062e+01
2.308095741271972656e+01
2.556224632263183594e+01
2.406620979309082031e+01
2.313342666625976562e+01
2.478505325317382812e+01
2.494201087951660156e+01
2.597528076171875000e+01
2.418967056274414062e+01
2.339008903503417969e+01
2.456557846069335938e+01
2.637306213378906250e+01
2.563567161560058594e+01
2.682433891296386719e+01
2.649917030334472656e+01
2.735626983642578125e+01
2.974319076538085938e+01
2.847062492370605469e+01
2.585958671569824219e+01
2.536607360839843750e+01
2.717935752868652344e+01
2.610807228088378906e+01
2.956881141662597656e+01
2.608834838867187500e+01
2.609347343444824219e+01
2.733894920349121094e+01
2.674573135375976562e+01
2.668142890930175781e+01
2.622437095642089844e+01
2.579003143310546875e+01
2.756875038146972656e+01
3.128878974914550781e+01
3.051953697204589844e+01
2.881146049499511719e+01
2.741891098022460938e+01
2.519395065307617188e+01
2.495409393310546875e+01
2.648178672790527344e+01
2.833568000793457031e+01
2.940015220642089844e+01
2.693947792053222656e+01
2.738024520874023438e+01
2.831797599792480469e+01
3.127752494812011719e+01
2.901747322082519531e+01
2.917692184448242188e+01
2.780049133300781250e+01
3.070016098022460938e+01
2.987558937072753906e+01
3.244974136352539062e+01
2.735670280456542969e+01
2.862181472778320312e+01
2.965066337585449219e+01
2.777589607238769531e+01
2.729934310913085938e+01
2.888613891601562500e+01
2.669782447814941406e+01
2.846026611328125000e+01
3.134681701660156250e+01
2.841627120971679688e+01
3.002907752990722656e+01
3.128321838378906250e+01
2.910994529724121094e+01
2.869844436645507812e+01
2.891596794128417969e+01
2.991573905944824219e+01
2.599278450012207031e+01
3.071931838989257812e+01
2.949191474914550781e+01
2.834087371826171875e+01
2.676746559143066406e+01
2.718259048461914062e+01
2.692695999145507812e+01
3.014447593688964844e+01
2.860324287414550781e+01
2.823181724548339844e+01
2.830247688293457031e+01
3.136506271362304688e+01
2.733851623535156250e+01
3.225523376464843750e+01
2.774939537048339844e+01
2.895318794250488281e+01
2.853103065490722656e+01
2.689523887634277344e+01
2.631937408447265625e+01
2.902783584594726562e+01
2.669571876525878906e+01
2.648832511901855469e+01
2.975779724121093750e+01
2.905038833618164062e+01
2.933912849426269531e+01
2.940260696411132812e+01
2.919171524047851562e+01
2.621888351440429688e+01
2.855606651306152344e+01
2.726084709167480469e+01
2.755690574645996094e+01
2.923802757263183594e+01
2.801760292053222656e+01
3.015155410766601562e+01
3.050602149963378906e+01
3.278756332397460938e+01
3.368154525756835938e+01
2.959306907653808594e+01
2.896435165405273438e+01
2.705199813842773438e+01
3.270813751220703125e+01
3.648151397705078125e+01
3.306610870361328125e+01
3.221292495727539062e+01
3.368299102783203125e+01
3.482152175903320312e+01
2.709634971618652344e+01
2.597402000427246094e+01
3.261051940917968750e+01
3.348993682861328125e+01
3.222366333007812500e+01
3.144844055175781250e+01
3.093285179138183594e+01
2.821348571777343750e+01
3.295755386352539062e+01
2.893968391418457031e+01
3.152165985107421875e+01
3.099160957336425781e+01
3.062434768676757812e+01
3.060014152526855469e+01
3.235691452026367188e+01
3.243679428100585938e+01
3.254477310180664062e+01
3.001374626159667969e+01
2.866473770141601562e+01
3.044964981079101562e+01
2.824575424194335938e+01
3.100230026245117188e+01
2.845444869995117188e+01
3.001100730895996094e+01
3.266033935546875000e+01
2.812166023254394531e+01
3.099729156494140625e+01
2.644747734069824219e+01
2.866317367553710938e+01
2.842837524414062500e+01
2.977065086364746094e+01
3.063160324096679688e+01
3.227070236206054688e+01
3.392842483520507812e+01
3.015502357482910156e+01
3.182988357543945312e+01
2.813035011291503906e+01
2.759753990173339844e+01
2.957312583923339844e+01
3.201334381103515625e+01
2.776815986633300781e+01
3.064091873168945312e+01
3.216498947143554688e+01
2.849569320678710938e+01
2.766096496582031250e+01
2.824857711791992188e+01
2.865744590759277344e+01
2.986516761779785156e+01
3.234021377563476562e+01
3.249938583374023438e+01
3.046869087219238281e+01
2.976173019409179688e+01
2.955553627014160156e+01
3.095448112487792969e+01
2.555144500732421875e+01
3.185461235046386719e+01
2.721733856201171875e+01
3.067307472229003906e+01
2.882632827758789062e+01
2.891220664978027344e+01
2.808155250549316406e+01
3.284592056274414062e+01
3.109195709228515625e+01
3.087476539611816406e+01
2.935473442077636719e+01
3.456024169921875000e+01
3.268583297729492188e+01
3.113887977600097656e+01
3.254698181152343750e+01
3.051001167297363281e+01
3.113208580017089844e+01
2.816315078735351562e+01
3.052258491516113281e+01
3.225611114501953125e+01
3.168068695068359375e+01
3.078216361999511719e+01
3.514525985717773438e+01
3.032999992370605469e+01
2.946935844421386719e+01
3.097032356262207031e+01
2.866493034362792969e+01
3.037133789062500000e+01
3.171906280517578125e+01
2.632551383972167969e+01
2.982684326171875000e+01
2.987305831909179688e+01
3.080611038208007812e+01
3.135771751403808594e+01
2.858905029296875000e+01
3.423504257202148438e+01
3.056493759155273438e+01
2.986631584167480469e+01
3.158144187927246094e+01
3.124072265625000000e+01
3.325857162475585938e+01
3.161547660827636719e+01
3.126002502441406250e+01
3.030249214172363281e+01
2.766521072387695312e+01
3.082447433471679688e+01
2.831172561645507812e+01
2.712502670288085938e+01
2.628623008728027344e+01
2.810335350036621094e+01
3.170911788940429688e+01
2.824448585510253906e+01
2.721868705749511719e+01
2.926124954223632812e+01
3.027793312072753906e+01
2.528836059570312500e+01
2.823186492919921875e+01
2.857366561889648438e+01
2.668129158020019531e+01
2.663982009887695312e+01
2.967958450317382812e+01
2.893351554870605469e+01
2.943877220153808594e+01
2.942492485046386719e+01
2.699021911621093750e+01
2.579980278015136719e+01
2.627796745300292969e+01
2.858457756042480469e+01
2.997252082824707031e+01
2.585228538513183594e+01
2.941160583496093750e+01
2.794458580017089844e+01
2.699447631835937500e+01
2.714647674560546875e+01
2.800938415527343750e+01
2.881247711181640625e+01
2.877147674560546875e+01
2.893386268615722656e+01
3.082896041870117188e+01
2.734133720397949219e+01
2.812857437133789062e+01
3.051218414306640625e+01
2.930042648315429688e+01
2.795099067687988281e+01
3.069996452331542969e+01
3.071075248718261719e+01
2.928156280517578125e+01
3.462895965576171875e+01
2.558136177062988281e+01
2.916781616210937500e+01
2.789873313903808594e+01
2.906031227111816406e+01
2.838722419738769531e+01
2.968931961059570312e+01
2.872684288024902344e+01
2.672185134887695312e+01
2.831895637512207031e+01
3.081279945373535156e+01
2.732315254211425781e+01
2.801671791076660156e+01
2.905784416198730469e+01
2.753622055053710938e+01
2.851105690002441406e+01
2.881454849243164062e+01
2.884625434875488281e+01
2.825131607055664062e+01
3.035780906677246094e+01
