0.000000000000000000e+00
0.000000000000000000e+00
0.000000000000000000e+00
0.000000000000000000e+00
1.192125082015991211e+00
1.071063637733459473e+00
1.168112277984619141e+00
1.325267672538757324e+00
1.461786150932312012e+00
1.509389877319335938e+00
1.529555678367614746e+00
1.408244490623474121e+00
1.314119338989257812e+00
1.248234868049621582e+00
1.214685082435607910e+00
1.181806683540344238e+00
1.129608631134033203e+00
1.102689027786254883e+00
1.080585122108459473e+00
1.071672201156616211e+00
1.101246953010559082e+00
1.192728638648986816e+00
1.196001291275024414e+00
1.149733901023864746e+00
1.117004752159118652e+00
1.070936679840087891e+00
1.015785574913024902e+00
9.594359397888183594e-01
9.007108211517333984e-01
8.460713028907775879e-01
7.965499162673950195e-01
7.785333991050720215e-01
7.515888810157775879e-01
7.279878854751586914e-01
7.034525275230407715e-01
6.937764883041381836e-01
6.790179610252380371e-01
6.595223546028137207e-01
6.510014533996582031e-01
6.388142108917236328e-01
6.326594352722167969e-01
6.254894733428955078e-01
6.120560765266418457e-01
5.991050004959106445e-01
5.909645557403564453e-01
5.786243677139282227e-01
5.621349215507507324e-01
5.616344809532165527e-01
5.518591403961181641e-01
5.384674668312072754e-01
5.330542922019958496e-01
5.323998928070068359e-01
5.226140022277832031e-01
5.172424316406250000e-01
5.134401917457580566e-01
5.129206180572509766e-01
5.184412002563476562e-01
5.193787813186645508e-01
5.200312733650207520e-01
5.337409377098083496e-01
5.359066724777221680e-01
5.416782498359680176e-01
5.444880723953247070e-01
5.374170541763305664e-01
5.512673258781433105e-01
5.515256524085998535e-01
5.526410341262817383e-01
5.662881135940551758e-01
5.700656771659851074e-01
5.687239766120910645e-01
5.891080498695373535e-01
6.081215739250183105e-01
6.113998889923095703e-01
6.147000193595886230e-01
6.462348699569702148e-01
6.700971126556396484e-01
6.882541775703430176e-01
7.247849106788635254e-01
7.546938657760620117e-01
7.513670921325683594e-01
7.852409482002258301e-01
7.990512847900390625e-01
8.120343089103698730e-01
8.196641802787780762e-01
8.698278665542602539e-01
8.819438219070434570e-01
9.115744829177856445e-01
9.018864631652832031e-01
9.113365411758422852e-01
9.392123222351074219e-01
9.797878861427307129e-01
1.010880351066589355e+00
1.109101057052612305e+00
1.105823040008544922e+00
1.122624278068542480e+00
1.128906965255737305e+00
1.108203172683715820e+00
1.105561256408691406e+00
1.282123804092407227e+00
1.168237686157226562e+00
1.209359169006347656e+00
1.320585370063781738e+00
1.356709241867065430e+00
1.364300966262817383e+00
1.358870506286621094e+00
1.359700083732604980e+00
1.361469388008117676e+00
1.323254108428955078e+00
1.485368371009826660e+00
1.336118221282958984e+00
1.413017749786376953e+00
1.293116688728332520e+00
1.434077620506286621e+00
1.449950814247131348e+00
1.407209873199462891e+00
1.441501021385192871e+00
1.508703827857971191e+00
1.373548030853271484e+00
1.470558881759643555e+00
1.587641358375549316e+00
1.421697497367858887e+00
1.559428572654724121e+00
1.538096547126770020e+00
1.583256483078002930e+00
1.608761906623840332e+00
1.685369372367858887e+00
1.765055179595947266e+00
1.652148127555847168e+00
1.516897439956665039e+00
1.490373015403747559e+00
1.704416632652282715e+00
1.441246986389160156e+00
1.660407900810241699e+00
1.529478549957275391e+00
1.587208509445190430e+00
1.549417257308959961e+00
1.554312467575073242e+00
1.594048380851745605e+00
1.463334679603576660e+00
1.483180642127990723e+00
1.565253615379333496e+00
1.543081402778625488e+00
1.598308086395263672e+00
1.562467694282531738e+00
1.642459511756896973e+00
1.386550664901733398e+00
1.488581538200378418e+00
1.783135294914245605e+00
1.558019876480102539e+00
1.489672422409057617e+00
1.551360130310058594e+00
1.564350962638854980e+00
1.482894062995910645e+00
1.426893353462219238e+00
1.520247697830200195e+00
1.585885524749755859e+00
1.651852011680603027e+00
1.540309667587280273e+00
1.402191519737243652e+00
1.521385788917541504e+00
1.572047829627990723e+00
1.454217791557312012e+00
1.446124792098999023e+00
1.531198024749755859e+00
1.513665318489074707e+00
1.537158489227294922e+00
1.520576000213623047e+00
1.577801346778869629e+00
1.450001239776611328e+00
1.374079704284667969e+00
1.369917750358581543e+00
1.385792970657348633e+00
1.632148623466491699e+00
1.416758775711059570e+00
1.593710303306579590e+00
1.801025032997131348e+00
1.616601824760437012e+00
1.437519788742065430e+00
1.785960912704467773e+00
1.536122918128967285e+00
1.629475474357604980e+00
1.928538560867309570e+00
1.655207753181457520e+00
1.574707865715026855e+00
1.520555615425109863e+00
1.512191295623779297e+00
1.833587646484375000e+00
1.734027981758117676e+00
2.068163394927978516e+00
2.012152433395385742e+00
1.619393587112426758e+00
1.576562523841857910e+00
1.991042852401733398e+00
1.481219410896301270e+00
1.740863680839538574e+00
1.976238489151000977e+00
2.057389736175537109e+00
2.187605381011962891e+00
1.945092558860778809e+00
2.041186571121215820e+00
2.071784734725952148e+00
2.395160913467407227e+00
2.213488578796386719e+00
1.741605401039123535e+00
2.084226608276367188e+00
2.792463064193725586e+00
2.098860740661621094e+00
2.010683536529541016e+00
2.743690967559814453e+00
1.839041948318481445e+00
2.518266201019287109e+00
2.621183872222900391e+00
2.399177789688110352e+00
3.051482915878295898e+00
2.327824354171752930e+00
2.841311931610107422e+00
1.991486430168151855e+00
2.128036975860595703e+00
2.633952140808105469e+00
3.433467626571655273e+00
2.905573844909667969e+00
2.947544574737548828e+00
2.411698818206787109e+00
2.223146438598632812e+00
2.712684631347656250e+00
2.702467441558837891e+00
2.839710235595703125e+00
2.538689613342285156e+00
2.295433521270751953e+00
2.538421869277954102e+00
2.644891023635864258e+00
2.445816516876220703e+00
2.654480218887329102e+00
2.827032089233398438e+00
2.706280469894409180e+00
2.477053880691528320e+00
2.555346727371215820e+00
3.016747713088989258e+00
2.848444223403930664e+00
2.329690933227539062e+00
2.515609264373779297e+00
3.182579517364501953e+00
2.779422044754028320e+00
2.627068758010864258e+00
2.271753311157226562e+00
2.862447023391723633e+00
2.642295837402343750e+00
2.463402986526489258e+00
3.138655424118041992e+00
2.356638431549072266e+00
3.298825740814208984e+00
3.590240478515625000e+00
2.845221042633056641e+00
2.297345876693725586e+00
3.447722196578979492e+00
3.073903799057006836e+00
2.817872524261474609e+00
2.809777736663818359e+00
3.010354518890380859e+00
2.078227996826171875e+00
2.577737808227539062e+00
3.092751502990722656e+00
2.834853410720825195e+00
2.639119625091552734e+00
3.000947952270507812e+00
3.229462623596191406e+00
2.278446197509765625e+00
2.774583816528320312e+00
2.633364677429199219e+00
2.727468490600585938e+00
3.056653738021850586e+00
2.716476678848266602e+00
3.148216962814331055e+00
2.856470346450805664e+00
2.488154888153076172e+00
2.378734111785888672e+00
2.879046440124511719e+00
2.568558931350708008e+00
2.864046573638916016e+00
3.174768686294555664e+00
3.241694927215576172e+00
3.189735889434814453e+00
2.531118154525756836e+00
2.283171176910400391e+00
2.859712839126586914e+00
2.367992639541625977e+00
3.506229877471923828e+00
2.906549930572509766e+00
3.306917428970336914e+00
2.871600866317749023e+00
3.048579692840576172e+00
3.122644901275634766e+00
2.640917539596557617e+00
2.745187520980834961e+00
3.045006752014160156e+00
2.969377040863037109e+00
3.072453498840332031e+00
3.173725605010986328e+00
3.382589340209960938e+00
2.628307104110717773e+00
2.974403858184814453e+00
2.792245864868164062e+00
3.031296014785766602e+00
3.092838525772094727e+00
3.584293127059936523e+00
3.186543226242065430e+00
3.551839828491210938e+00
2.768783807754516602e+00
3.038932323455810547e+00
3.108584642410278320e+00
2.914043903350830078e+00
3.392574548721313477e+00
2.813731670379638672e+00
3.218243837356567383e+00
3.248162508010864258e+00
3.174301624298095703e+00
3.340720653533935547e+00
3.765093564987182617e+00
3.630888223648071289e+00
3.753074884414672852e+00
2.915801048278808594e+00
3.970054388046264648e+00
3.585163593292236328e+00
3.714767694473266602e+00
3.173049688339233398e+00
4.251790046691894531e+00
4.101041793823242188e+00
3.596579313278198242e+00
4.221162319183349609e+00
3.867433547973632812e+00
3.938642978668212891e+00
4.089043617248535156e+00
3.858565092086791992e+00
3.979451179504394531e+00
3.757470607757568359e+00
3.658938407897949219e+00
4.103853702545166016e+00
4.394598007202148438e+00
4.045410633087158203e+00
3.971637725830078125e+00
3.871161699295043945e+00
4.025040626525878906e+00
4.859347820281982422e+00
4.197671890258789062e+00
4.562529563903808594e+00
4.590359687805175781e+00
4.706722736358642578e+00
4.499866962432861328e+00
4.396403789520263672e+00
4.264743328094482422e+00
5.010437965393066406e+00
4.222397804260253906e+00
4.360760688781738281e+00
4.598030090332031250e+00
5.033691406250000000e+00
4.165784835815429688e+00
4.751548290252685547e+00
4.961752891540527344e+00
4.451857566833496094e+00
4.514952182769775391e+00
4.654667854309082031e+00
4.922997951507568359e+00
4.372861385345458984e+00
4.930008888244628906e+00
5.280185699462890625e+00
4.973833084106445312e+00
4.765795230865478516e+00
5.173320293426513672e+00
5.332979679107666016e+00
4.939124107360839844e+00
4.845853328704833984e+00
4.744351387023925781e+00
5.414294719696044922e+00
4.225869178771972656e+00
5.730988025665283203e+00
5.079040527343750000e+00
5.214435577392578125e+00
5.131989955902099609e+00
5.220630645751953125e+00
6.106115818023681641e+00
5.082715988159179688e+00
4.876978874206542969e+00
5.195704936981201172e+00
5.021696090698242188e+00
5.208875656127929688e+00
5.377862453460693359e+00
4.905615806579589844e+00
5.866503715515136719e+00
5.405088901519775391e+00
5.394347667694091797e+00
5.546401977539062500e+00
5.864266872406005859e+00
5.266765594482421875e+00
5.669194698333740234e+00
6.019432544708251953e+00
5.636297702789306641e+00
5.796583175659179688e+00
6.049034595489501953e+00
5.849938392639160156e+00
5.930990219116210938e+00
6.055538177490234375e+00
6.119981288909912109e+00
5.913917064666748047e+00
6.001809120178222656e+00
6.448663234710693359e+00
6.645568847656250000e+00
6.687330245971679688e+00
6.430236339569091797e+00
6.626087665557861328e+00
6.797252655029296875e+00
7.300634384155273438e+00
6.173622131347656250e+00
6.613128185272216797e+00
6.001756668090820312e+00
6.506782054901123047e+00
6.418648719787597656e+00
7.213794708251953125e+00
7.161207199096679688e+00
7.196281909942626953e+00
7.171909809112548828e+00
6.842566490173339844e+00
6.703493118286132812e+00
6.932230472564697266e+00
6.712633609771728516e+00
7.642920017242431641e+00
7.173459053039550781e+00
7.553725719451904297e+00
7.041140079498291016e+00
6.878942012786865234e+00
6.921678543090820312e+00
7.375347614288330078e+00
7.357970237731933594e+00
7.142208099365234375e+00
7.109471797943115234e+00
8.109990119934082031e+00
6.979262828826904297e+00
7.666028499603271484e+00
7.479599952697753906e+00
8.319684028625488281e+00
7.559871673583984375e+00
8.209868431091308594e+00
8.263515472412109375e+00
7.667716026306152344e+00
8.992771148681640625e+00
8.985212326049804688e+00
8.712968826293945312e+00
8.071537017822265625e+00
7.884512901306152344e+00
7.320982933044433594e+00
8.433312416076660156e+00
9.085730552673339844e+00
9.231163978576660156e+00
7.928963184356689453e+00
9.424566268920898438e+00
8.726998329162597656e+00
9.357265472412109375e+00
9.229857444763183594e+00
9.444459915161132812e+00
9.544919967651367188e+00
9.093639373779296875e+00
9.726959228515625000e+00
9.808875083923339844e+00
9.944095611572265625e+00
9.854860305786132812e+00
9.286918640136718750e+00
1.007813262939453125e+01
8.570840835571289062e+00
1.038835430145263672e+01
1.133998394012451172e+01
1.027495479583740234e+01
1.047155284881591797e+01
1.127168750762939453e+01
1.058766460418701172e+01
9.539488792419433594e+00
1.026783180236816406e+01
1.089686012268066406e+01
1.029348468780517578e+01
1.038374996185302734e+01
1.055240535736083984e+01
1.061971378326416016e+01
1.129178810119628906e+01
1.044730663299560547e+01
1.114145278930664062e+01
1.128700160980224609e+01
1.199494361877441406e+01
1.045534801483154297e+01
1.041103363037109375e+01
1.064212322235107422e+01
1.126067543029785156e+01
1.024603080749511719e+01
1.051632595062255859e+01
1.108537292480468750e+01
1.225130462646484375e+01
1.120068740844726562e+01
1.262214088439941406e+01
1.228606605529785156e+01
1.155681419372558594e+01
1.184255123138427734e+01
1.160196018218994141e+01
1.217984962463378906e+01
1.124945354461669922e+01
1.170513534545898438e+01
1.213380050659179688e+01
1.235820293426513672e+01
1.273579788208007812e+01
1.185649490356445312e+01
1.329776000976562500e+01
1.294248390197753906e+01
1.185418224334716797e+01
1.318449401855468750e+01
1.205239772796630859e+01
1.225368118286132812e+01
1.238925266265869141e+01
1.367731285095214844e+01
1.309914684295654297e+01
1.346084213256835938e+01
1.245356273651123047e+01
1.300506877899169922e+01
1.223081398010253906e+01
1.201044940948486328e+01
1.324546241760253906e+01
1.222427749633789062e+01
1.281166458129882812e+01
1.314369201660156250e+01
1.292953681945800781e+01
1.284151458740234375e+01
1.263979721069335938e+01
1.352780628204345703e+01
1.322857189178466797e+01
1.493584537506103516e+01
1.427523040771484375e+01
1.432369136810302734e+01
1.401075935363769531e+01
1.365491771697998047e+01
1.403239822387695312e+01
1.424810504913330078e+01
1.383715248107910156e+01
1.491134357452392578e+01
1.373603153228759766e+01
1.429719734191894531e+01
1.412236118316650391e+01
1.447041130065917969e+01
1.479056835174560547e+01
1.347381019592285156e+01
1.431873607635498047e+01
1.529860973358154297e+01
1.413798236846923828e+01
1.628325653076171875e+01
1.557092761993408203e+01
1.510400199890136719e+01
1.501980495452880859e+01
1.622281074523925781e+01
1.531024932861328125e+01
1.562410545349121094e+01
1.592758846282958984e+01
1.585857772827148438e+01
1.579448032379150391e+01
1.516454792022705078e+01
1.590707969665527344e+01
1.559390830993652344e+01
1.682547569274902344e+01
1.641110992431640625e+01
1.661220359802246094e+01
1.690713691711425781e+01
1.551777553558349609e+01
1.694699287414550781e+01
1.641386032104492188e+01
1.770462799072265625e+01
1.673648452758789062e+01
1.876626205444335938e+01
1.742063903808593750e+01
1.656308937072753906e+01
1.684973907470703125e+01
1.675347709655761719e+01
1.745417976379394531e+01
1.841832351684570312e+01
1.756609344482421875e+01
1.848806571960449219e+01
1.863547706604003906e+01
1.612853240966796875e+01
1.750321006774902344e+01
1.856106758117675781e+01
1.836584663391113281e+01
1.829849243164062500e+01
1.747418403625488281e+01
1.817412376403808594e+01
1.818962287902832031e+01
1.792447280883789062e+01
1.692181205749511719e+01
1.781161308288574219e+01
1.958172988891601562e+01
1.829550933837890625e+01
1.740695381164550781e+01
1.768061637878417969e+01
1.833114051818847656e+01
1.859721183776855469e+01
1.962971115112304688e+01
1.849316406250000000e+01
1.802173423767089844e+01
1.860044860839843750e+01
1.930424499511718750e+01
1.916111373901367188e+01
1.912463569641113281e+01
1.790114021301269531e+01
1.888633537292480469e+01
1.873312187194824219e+01
1.867302131652832031e+01
2.060442733764648438e+01
1.856853103637695312e+01
1.857348823547363281e+01
1.900076293945312500e+01
1.918708229064941406e+01
2.092707061767578125e+01
1.994186019897460938e+01
1.867282485961914062e+01
1.874789619445800781e+01
2.062030410766601562e+01
1.982833671569824219e+01
1.903679847717285156e+01
1.877816200256347656e+01
1.914634132385253906e+01
1.988330650329589844e+01
2.027269554138183594e+01
2.022407150268554688e+01
2.080450820922851562e+01
1.949962806701660156e+01
2.020535087585449219e+01
1.930691719055175781e+01
1.944985771179199219e+01
1.985329246520996094e+01
1.994407844543457031e+01
2.036118125915527344e+01
1.845726585388183594e+01
2.038000869750976562e+01
1.912298774719238281e+01
2.009879684448242188e+01
1.889235305786132812e+01
1.949572181701660156e+01
2.013776588439941406e+01
2.011461639404296875e+01
1.896019935607910156e+01
2.112598037719726562e+01
2.012426185607910156e+01
1.941637802124023438e+01
2.079376220703125000e+01
1.928910446166992188e+01
2.087416648864746094e+01
2.115349388122558594e+01
1.952206611633300781e+01
2.128752326965332031e+01
2.035098838806152344e+01
1.956690597534179688e+01
1.916735458374023438e+01
2.053698348999023438e+01
1.973741531372070312e+01
1.946582412719726562e+01
1.868018722534179688e+01
2.057730102539062500e+01
2.075461196899414062e+01
1.897062301635742188e+01
2.204487419128417969e+01
2.012285232543945312e+01
2.023880004882812500e+01
1.964473342895507812e+01
2.093563842773437500e+01
2.055834579467773438e+01
2.122378921508789062e+01
2.015573501586914062e+01
1.996208000183105469e+01
1.881402206420898438e+01
2.029280090332031250e+01
2.202231979370117188e+01
2.067668724060058594e+01
2.009894561767578125e+01
2.059965705871582031e+01
1.992715644836425781e+01
2.078286361694335938e+01
2.124678421020507812e+01
2.115346527099609375e+01
2.160766792297363281e+01
2.016365623474121094e+01
2.013237953186035156e+01
2.133888626098632812e+01
2.166917610168457031e+01
2.119808197021484375e+01
2.170470809936523438e+01
2.143908119201660156e+01
2.007976150512695312e+01
2.135621452331542969e+01
2.018978118896484375e+01
2.144396400451660156e+01
2.147624969482421875e+01
2.166705513000488281e+01
2.122294998168945312e+01
2.016752624511718750e+01
2.104889869689941406e+01
2.199796676635742188e+01
1.958030891418457031e+01
2.258847618103027344e+01
2.196772193908691406e+01
2.208533668518066406e+01
2.130755043029785156e+01
2.250232315063476562e+01
2.016104888916015625e+01
2.110318374633789062e+01
2.155716133117675781e+01
2.175645256042480469e+01
2.144616317749023438e+01
2.257140922546386719e+01
2.237538719177246094e+01
2.138498115539550781e+01
2.095529747009277344e+01
2.171787834167480469e+01
2.151083564758300781e+01
2.120681381225585938e+01
2.135071182250976562e+01
2.114804267883300781e+01
1.994641494750976562e+01
2.078453254699707031e+01
2.156751632690429688e+01
2.257937431335449219e+01
2.316308593750000000e+01
2.199881172180175781e+01
2.070632934570312500e+01
2.141492843627929688e+01
2.337210464477539062e+01
2.346934890747070312e+01
2.428597640991210938e+01
2.352476692199707031e+01
2.273992729187011719e+01
2.283119010925292969e+01
2.326317024230957031e+01
2.414046096801757812e+01
2.239598083496093750e+01
2.285564041137695312e+01
2.273986244201660156e+01
2.281268310546875000e+01
2.171708679199218750e+01
2.263601875305175781e+01
2.322009468078613281e+01
2.158867835998535156e+01
2.113192367553710938e+01
2.155205154418945312e+01
2.180425071716308594e+01
2.196226501464843750e+01
2.240739822387695312e+01
2.186992454528808594e+01
2.197926139831542969e+01
2.279871368408203125e+01
2.248176956176757812e+01
2.080980873107910156e+01
2.051747322082519531e+01
2.134888076782226562e+01
2.019534683227539062e+01
2.233075714111328125e+01
2.007493209838867188e+01
2.282536506652832031e+01
2.085720062255859375e+01
2.128332328796386719e+01
2.007784843444824219e+01
1.974208068847656250e+01
2.033288764953613281e+01
2.101508522033691406e+01
2.025307083129882812e+01
2.047448348999023438e+01
2.075433540344238281e+01
2.060760688781738281e+01
2.037894058227539062e+01
2.113062667846679688e+01
2.051025199890136719e+01
2.107660675048828125e+01
2.117275810241699219e+01
1.954837226867675781e+01
2.116823577880859375e+01
1.997752761840820312e+01
1.977560806274414062e+01
2.075434303283691406e+01
2.039776229858398438e+01
2.072992515563964844e+01
2.064471435546875000e+01
1.890476608276367188e+01
2.077008247375488281e+01
2.013139915466308594e+01
1.923127365112304688e+01
2.049373817443847656e+01
2.002784538269042969e+01
1.984000587463378906e+01
2.029214096069335938e+01
1.939741897583007812e+01
2.006101417541503906e+01
2.143707847595214844e+01
2.090585899353027344e+01
1.841108131408691406e+01
2.123590469360351562e+01
2.048982048034667969e+01
2.082132148742675781e+01
2.083232307434082031e+01
1.952707862854003906e+01
2.109040260314941406e+01
2.218282318115234375e+01
1.943428993225097656e+01
1.976095008850097656e+01
2.008175849914550781e+01
1.994516372680664062e+01
2.022492599487304688e+01
2.000745773315429688e+01
2.004936408996582031e+01
1.968228149414062500e+01
2.050731277465820312e+01
2.045629310607910156e+01
1.938479232788085938e+01
2.047708129882812500e+01
2.023826980590820312e+01
1.930005836486816406e+01
1.914940643310546875e+01
1.955608940124511719e+01
1.981461715698242188e+01
1.948045158386230469e+01
2.013252639770507812e+01
2.062718772888183594e+01
1.999958801269531250e+01
1.976892662048339844e+01
2.049379539489746094e+01
2.001008796691894531e+01
1.982279014587402344e+01
1.959705924987792969e+01
2.098562049865722656e+01
1.936874580383300781e+01
1.988067626953125000e+01
2.026860237121582031e+01
1.957587432861328125e+01
2.060556983947753906e+01
1.836957168579101562e+01
1.927616882324218750e+01
1.912129592895507812e+01
1.988548278808593750e+01
2.016833686828613281e+01
2.043623352050781250e+01
1.842042350769042969e+01
1.981052207946777344e+01
2.068513298034667969e+01
1.974058723449707031e+01
1.937405776977539062e+01
2.072449684143066406e+01
2.146697235107421875e+01
2.065726470947265625e+01
2.128345680236816406e+01
2.179940986633300781e+01
2.054845237731933594e+01
2.049818801879882812e+01
1.994603538513183594e+01
2.164311981201171875e+01
2.061253166198730469e+01
2.006240653991699219e+01
2.216034889221191406e+01
2.177375030517578125e+01
2.029251861572265625e+01
2.132960700988769531e+01
2.076108360290527344e+01
2.046478080749511719e+01
1.950458145141601562e+01
2.098686599731445312e+01
2.066712951660156250e+01
2.105518341064453125e+01
1.996113204956054688e+01
2.093510055541992188e+01
2.126267242431640625e+01
1.939283561706542969e+01
2.105675315856933594e+01
1.996972656250000000e+01
2.133629798889160156e+01
2.094567489624023438e+01
2.081868934631347656e+01
1.932683372497558594e+01
2.148191642761230469e+01
2.149009704589843750e+01
2.023328208923339844e+01
1.959651374816894531e+01
2.201716804504394531e+01
2.022356605529785156e+01
2.042719078063964844e+01
2.154496002197265625e+01
2.162113952636718750e+01
2.127775001525878906e+01
2.024967956542968750e+01
2.141806602478027344e+01
2.050164222717285156e+01
2.069956779479980469e+01
2.089724159240722656e+01
2.042494964599609375e+01
2.097280883789062500e+01
2.146866989135742188e+01
2.000841331481933594e+01
2.122801780700683594e+01
2.001524543762207031e+01
2.224513626098632812e+01
2.003005981445312500e+01
1.925385093688964844e+01
2.000672340393066406e+01
1.969523811340332031e+01
2.098648071289062500e+01
1.941660690307617188e+01
1.958739852905273438e+01
2.075488281250000000e+01
2.012874031066894531e+01
2.044218063354492188e+01
1.954404258728027344e+01
1.991263198852539062e+01
2.012720108032226562e+01
1.998843765258789062e+01
1.897697257995605469e+01
2.050501823425292969e+01
1.996690177917480469e+01
2.084572601318359375e+01
2.066106796264648438e+01
1.952482414245605469e+01
2.034783935546875000e+01
2.135526084899902344e+01
1.993029212951660156e+01
1.975321006774902344e+01
2.056559562683105469e+01
1.991638755798339844e+01
2.054003143310546875e+01
1.922273445129394531e+01
2.061649894714355469e+01
2.141427612304687500e+01
1.980958938598632812e+01
2.138793373107910156e+01
2.011217117309570312e+01
2.068966293334960938e+01
1.994284057617187500e+01
2.085356712341308594e+01
2.030104637145996094e+01
2.057949447631835938e+01
1.997976303100585938e+01
2.000075340270996094e+01
2.096818733215332031e+01
2.182889366149902344e+01
2.124323081970214844e+01
2.163387870788574219e+01
2.051043891906738281e+01
2.027655220031738281e+01
2.074183845520019531e+01
2.260680961608886719e+01
2.171935844421386719e+01
2.153970909118652344e+01
2.067015266418457031e+01
2.140336418151855469e+01
2.113819694519042969e+01
2.148595809936523438e+01
2.140782546997070312e+01
2.198585510253906250e+01
2.149531936645507812e+01
2.239736747741699219e+01
2.230728530883789062e+01
2.163080024719238281e+01
2.248482513427734375e+01
2.074624061584472656e+01
2.125007057189941406e+01
2.167640686035156250e+01
2.012233734130859375e+01
2.047010040283203125e+01
2.136822700500488281e+01
2.021766281127929688e+01
1.992072486877441406e+01
2.211605072021484375e+01
2.075555419921875000e+01
2.081355476379394531e+01
2.171108245849609375e+01
2.217726707458496094e+01
2.094279479980468750e+01
2.161323738098144531e+01
1.976178741455078125e+01
2.132249641418457031e+01
2.074535560607910156e+01
2.130235481262207031e+01
2.169512557983398438e+01
2.075904273986816406e+01
2.132156372070312500e+01
2.134580802917480469e+01
2.088367652893066406e+01
2.201587295532226562e+01
2.184823799133300781e+01
2.195751953125000000e+01
1.949348640441894531e+01
2.130712699890136719e+01
2.147872734069824219e+01
2.300824737548828125e+01
2.078549575805664062e+01
1.971293640136718750e+01
2.048981666564941406e+01
1.986187934875488281e+01
2.044649124145507812e+01
2.066773605346679688e+01
1.982041168212890625e+01
2.037103843688964844e+01
2.006943321228027344e+01
2.077640151977539062e+01
2.133634757995605469e+01
2.209016799926757812e+01
2.059801864624023438e+01
2.220452308654785156e+01
2.204679298400878906e+01
2.151710319519042969e+01
2.182797622680664062e+01
2.112324714660644531e+01
2.135348701477050781e+01
2.116566085815429688e+01
2.127047348022460938e+01
2.177023887634277344e+01
2.168711090087890625e+01
2.229274177551269531e+01
2.190047264099121094e+01
2.282453155517578125e+01
1.988257217407226562e+01
2.144802093505859375e+01
2.152101516723632812e+01
2.169185256958007812e+01
2.175755500793457031e+01
2.244557380676269531e+01
2.160777664184570312e+01
2.145647239685058594e+01
2.150320053100585938e+01
2.243289375305175781e+01
2.049873733520507812e+01
2.157405853271484375e+01
2.066688156127929688e+01
2.090079307556152344e+01
2.077382469177246094e+01
2.071406936645507812e+01
2.094568824768066406e+01
2.104796791076660156e+01
2.040011596679687500e+01
2.107223701477050781e+01
1.997810173034667969e+01
2.091677665710449219e+01
2.101677703857421875e+01
2.175998878479003906e+01
2.204441833496093750e+01
2.141102027893066406e+01
2.046374702453613281e+01
2.126068878173828125e+01
2.262574005126953125e+01
2.016854667663574219e+01
2.078969383239746094e+01
2.070067214965820312e+01
2.055291557312011719e+01
2.098288345336914062e+01
2.141371917724609375e+01
2.188884735107421875e+01
2.081720352172851562e+01
2.013404464721679688e+01
2.083111190795898438e+01
2.042630577087402344e+01
2.057955932617187500e+01
2.184497451782226562e+01
2.244366836547851562e+01
2.154375267028808594e+01
2.202881622314453125e+01
2.371684074401855469e+01
2.175067138671875000e+01
2.041099357604980469e+01
2.164596557617187500e+01
2.215507888793945312e+01
2.127513694763183594e+01
1.978080940246582031e+01
2.160063743591308594e+01
2.156084060668945312e+01
2.231567573547363281e+01
2.149495697021484375e+01
2.161799049377441406e+01
2.207143974304199219e+01
2.050312805175781250e+01
2.086134147644042969e+01
2.161111640930175781e+01
2.096951866149902344e+01
2.132915306091308594e+01
2.114106369018554688e+01
2.102752876281738281e+01
2.338239288330078125e+01
2.117810249328613281e+01
2.004741477966308594e+01
2.078037834167480469e+01
2.269363975524902344e+01
2.066153526306152344e+01
2.020780754089355469e+01
2.137510681152343750e+01
2.093260192871093750e+01
2.212194061279296875e+01
2.125606155395507812e+01
2.023878669738769531e+01
2.066770362854003906e+01
2.090524864196777344e+01
2.074274253845214844e+01
1.989184379577636719e+01
2.102873420715332031e+01
2.129820251464843750e+01
2.250918960571289062e+01
2.082274627685546875e+01
2.238172340393066406e+01
2.080914497375488281e+01
2.117359733581542969e+01
2.175667953491210938e+01
2.199301719665527344e+01
2.133994483947753906e+01
2.021032333374023438e+01
2.091091918945312500e+01
2.213028717041015625e+01
1.999288177490234375e+01
2.039607429504394531e+01
2.023373413085937500e+01
2.057543754577636719e+01
2.138532257080078125e+01
2.083801078796386719e+01
2.125499534606933594e+01
2.055597114562988281e+01
2.215721511840820312e+01
2.045324134826660156e+01
2.183376884460449219e+01
2.132663154602050781e+01
2.089409446716308594e+01
2.029269218444824219e+01
2.034120368957519531e+01
2.241956329345703125e+01
2.118143463134765625e+01
2.022669982910156250e+01
2.081320190429687500e+01
2.108579635620117188e+01
2.255852699279785156e+01
2.195225715637207031e+01
2.376545715332031250e+01
2.317075347900390625e+01
2.310796546936035156e+01
2.359209823608398438e+01
2.221810150146484375e+01
2.130875015258789062e+01
2.046823883056640625e+01
2.272358703613281250e+01
2.108063697814941406e+01
2.173627662658691406e+01
2.030717468261718750e+01
2.135003471374511719e+01
2.067053985595703125e+01
2.330956840515136719e+01
2.095855903625488281e+01
2.298348045349121094e+01
2.067324638366699219e+01
2.311426925659179688e+01
2.240784072875976562e+01
2.208591079711914062e+01
2.190222358703613281e+01
2.042468833923339844e+01
2.222769355773925781e+01
2.148171997070312500e+01
2.015303230285644531e+01
2.098583602905273438e+01
2.218898010253906250e+01
2.193994140625000000e+01
2.075729751586914062e+01
2.169212150573730469e+01
2.125068664550781250e+01
1.968799209594726562e+01
2.012203979492187500e+01
2.176252746582031250e+01
2.175737380981445312e+01
2.208968734741210938e+01
2.027421569824218750e+01
2.063516426086425781e+01
1.902037429809570312e+01
2.038893127441406250e+01
2.090886688232421875e+01
2.137001609802246094e+01
2.226136398315429688e+01
2.248257827758789062e+01
2.052903938293457031e+01
2.123936271667480469e+01
2.175597572326660156e+01
2.254622077941894531e+01
2.033579254150390625e+01
2.202814483642578125e+01
2.235288429260253906e+01
2.119623374938964844e+01
2.182741355895996094e+01
2.137293434143066406e+01
2.273859786987304688e+01
2.188372611999511719e+01
1.979724311828613281e+01
2.170435142517089844e+01
2.212432861328125000e+01
2.159879684448242188e+01
2.107171249389648438e+01
2.165973091125488281e+01
2.181755828857421875e+01
2.146876907348632812e+01
1.936734962463378906e+01
2.042830848693847656e+01
2.151583480834960938e+01
2.064813041687011719e+01
2.054418945312500000e+01
2.033605575561523438e+01
1.983571243286132812e+01
2.074633407592773438e+01
2.021351242065429688e+01
2.055399703979492188e+01
1.990547943115234375e+01
2.077866172790527344e+01
2.063764762878417969e+01
2.062500572204589844e+01
2.079351234436035156e+01
2.029885292053222656e+01
1.991308593750000000e+01
2.061585617065429688e+01
1.963113784790039062e+01
1.991082000732421875e+01
2.085721969604492188e+01
2.024574089050292969e+01
1.870508193969726562e+01
2.203155326843261719e+01
1.887880706787109375e+01
2.113628005981445312e+01
2.139384269714355469e+01
2.069749450683593750e+01
2.059981155395507812e+01
1.957354545593261719e+01
1.902394866943359375e+01
1.852307891845703125e+01
1.956739044189453125e+01
1.974310493469238281e+01
2.003232955932617188e+01
1.897477722167968750e+01
1.982405853271484375e+01
1.996040153503417969e+01
1.782674980163574219e+01
1.867759323120117188e+01
1.939250373840332031e+01
2.037428855895996094e+01
2.018721961975097656e+01
2.082002067565917969e+01
2.035032653808593750e+01
1.974362182617187500e+01
1.917570304870605469e+01
1.916310119628906250e+01
2.019179725646972656e+01
2.118728828430175781e+01
1.884063529968261719e+01
1.863969421386718750e+01
1.971640205383300781e+01
2.191017532348632812e+01
1.941718673706054688e+01
2.037927055358886719e+01
1.997692489624023438e+01
1.846048355102539062e+01
2.108492279052734375e+01
1.952539634704589844e+01
2.028253555297851562e+01
2.062033081054687500e+01
2.036771392822265625e+01
1.916752433776855469e+01
2.123849296569824219e+01
2.014795684814453125e+01
1.914739799499511719e+01
2.022097015380859375e+01
1.903219223022460938e+01
1.918167686462402344e+01
1.849017715454101562e+01
2.042494010925292969e+01
2.025404739379882812e+01
1.959199142456054688e+01
1.978181648254394531e+01
2.049288177490234375e+01
2.145384025573730469e+01
2.046291160583496094e+01
1.932083320617675781e+01
1.986419677734375000e+01
2.267593383789062500e+01
2.194752502441406250e+01
2.073525810241699219e+01
2.012228584289550781e+01
1.993086433410644531e+01
1.931529808044433594e+01
2.101359558105468750e+01
2.140797424316406250e+01
1.995102119445800781e+01
1.905476379394531250e+01
1.956946182250976562e+01
1.917940711975097656e+01
1.952759552001953125e+01
1.936025428771972656e+01
1.949573516845703125e+01
1.968886375427246094e+01
1.793676185607910156e+01
1.994621086120605469e+01
1.878711318969726562e+01
1.925543022155761719e+01
1.931982803344726562e+01
2.265137863159179688e+01
1.951290321350097656e+01
1.831205558776855469e+01
1.946605110168457031e+01
1.776995658874511719e+01
1.957066345214843750e+01
1.936902809143066406e+01
2.093500328063964844e+01
2.213324356079101562e+01
2.060502815246582031e+01
1.907139396667480469e+01
1.856060981750488281e+01
1.917282867431640625e+01
1.946147727966308594e+01
1.880249595642089844e+01
2.033398246765136719e+01
1.937367248535156250e+01
1.951890373229980469e+01
1.890964126586914062e+01
1.927737045288085938e+01
2.125911140441894531e+01
1.996376991271972656e+01
1.800531387329101562e+01
1.854198837280273438e+01
1.854835319519042969e+01
1.840569114685058594e+01
1.950702476501464844e+01
2.127524185180664062e+01
2.054472541809082031e+01
2.227746963500976562e+01
1.982002639770507812e+01
1.816503143310546875e+01
1.922246551513671875e+01
1.888886642456054688e+01
1.849395751953125000e+01
2.045133972167968750e+01
1.989090538024902344e+01
1.951407432556152344e+01
2.034476089477539062e+01
2.053031158447265625e+01
1.929026985168457031e+01
2.079319190979003906e+01
2.085787773132324219e+01
1.949143791198730469e+01
1.937615585327148438e+01
2.060628890991210938e+01
2.069381713867187500e+01
2.089988517761230469e+01
2.120150756835937500e+01
2.016347694396972656e+01
2.220962905883789062e+01
1.980702400207519531e+01
2.245898246765136719e+01
2.039336013793945312e+01
1.921950912475585938e+01
2.068413162231445312e+01
1.806754112243652344e+01
2.038505172729492188e+01
2.176595115661621094e+01
2.036968040466308594e+01
2.095291519165039062e+01
2.011718368530273438e+01
2.120888710021972656e+01
2.160277748107910156e+01
2.178193664550781250e+01
1.995303153991699219e+01
1.991407775878906250e+01
2.089470291137695312e+01
2.167285156250000000e+01
1.895856285095214844e+01
2.147927665710449219e+01
2.162999725341796875e+01
2.116267967224121094e+01
1.901851081848144531e+01
2.105023002624511719e+01
2.190705871582031250e+01
2.163944625854492188e+01
2.150197601318359375e+01
2.066818618774414062e+01
2.183457374572753906e+01
2.187302780151367188e+01
2.081534767150878906e+01
2.126432800292968750e+01
2.056867218017578125e+01
2.002380561828613281e+01
2.023448944091796875e+01
2.202131080627441406e+01
2.006368637084960938e+01
2.159058570861816406e+01
2.101294326782226562e+01
2.012409973144531250e+01
2.138713073730468750e+01
1.964825057983398438e+01
2.088427543640136719e+01
2.122508239746093750e+01
2.095671463012695312e+01
2.017260551452636719e+01
2.047903823852539062e+01
1.943275451660156250e+01
1.957383155822753906e+01
2.098591423034667969e+01
2.042832756042480469e+01
1.903449630737304688e+01
2.032117271423339844e+01
2.163299560546875000e+01
2.014712524414062500e+01
2.006023788452148438e+01
2.075498962402343750e+01
2.032189369201660156e+01
1.977944564819335938e+01
1.846996879577636719e+01
2.100927352905273438e+01
2.092587471008300781e+01
1.883588981628417969e+01
1.943255424499511719e+01
2.034616470336914062e+01
1.850285148620605469e+01
2.045150184631347656e+01
2.062838745117187500e+01
2.199618339538574219e+01
1.881285476684570312e+01
1.858563423156738281e+01
2.044623947143554688e+01
1.989124870300292969e+01
2.093269538879394531e+01
2.178662109375000000e+01
1.997327804565429688e+01
2.036784744262695312e+01
2.184336090087890625e+01
2.004873466491699219e+01
1.942603302001953125e+01
1.899682807922363281e+01
2.012031173706054688e+01
2.011571311950683594e+01
2.009745597839355469e+01
2.092348670959472656e+01
2.114325904846191406e+01
2.246219062805175781e+01
2.201725387573242188e+01
2.053771018981933594e+01
2.205169486999511719e+01
2.171473121643066406e+01
1.968885231018066406e+01
2.025870704650878906e+01
1.956843376159667969e+01
1.950957107543945312e+01
1.934767532348632812e+01
1.966058158874511719e+01
2.083190345764160156e+01
2.073329162597656250e+01
2.195868110656738281e+01
2.097065925598144531e+01
1.914900398254394531e+01
2.142868804931640625e+01
1.931144142150878906e+01
1.921141052246093750e+01
1.999256515502929688e+01
2.206014442443847656e+01
1.934850502014160156e+01
1.882112312316894531e+01
1.983991432189941406e+01
1.983752250671386719e+01
2.163986396789550781e+01
2.057457351684570312e+01
2.026738166809082031e+01
2.148982810974121094e+01
2.046259880065917969e+01
2.097405433654785156e+01
2.122403526306152344e+01
2.092654609680175781e+01
2.049604415893554688e+01
2.016730308532714844e+01
1.982111358642578125e+01
2.277017974853515625e+01
2.124817657470703125e+01
2.113036727905273438e+01
2.050712585449218750e+01
2.125658226013183594e+01
2.236677360534667969e+01
2.245238304138183594e+01
2.217373085021972656e+01
2.165003395080566406e+01
2.251394271850585938e+01
2.055142402648925781e+01
2.111904716491699219e+01
2.153426361083984375e+01
2.192586326599121094e+01
2.106354141235351562e+01
2.240122032165527344e+01
2.195493888854980469e+01
2.194173431396484375e+01
2.074759674072265625e+01
2.157892227172851562e+01
2.411884307861328125e+01
2.210421752929687500e+01
2.233930015563964844e+01
2.298267173767089844e+01
2.142101097106933594e+01
2.456331634521484375e+01
2.421778488159179688e+01
2.113082695007324219e+01
2.281673049926757812e+01
2.113945960998535156e+01
2.192939376831054688e+01
2.263288879394531250e+01
2.121800804138183594e+01
2.123538398742675781e+01
2.333986473083496094e+01
2.169307708740234375e+01
2.375710105895996094e+01
2.151294517517089844e+01
2.018535232543945312e+01
2.337246894836425781e+01
2.155545616149902344e+01
2.188519859313964844e+01
2.150440216064453125e+01
2.031235885620117188e+01
2.028417778015136719e+01
2.125319671630859375e+01
2.101206588745117188e+01
2.269239997863769531e+01
2.119705390930175781e+01
2.280013275146484375e+01
2.145951843261718750e+01
2.099227523803710938e+01
2.038069534301757812e+01
2.077805137634277344e+01
2.090053558349609375e+01
2.177110862731933594e+01
1.934139823913574219e+01
2.101717185974121094e+01
2.134956169128417969e+01
2.038649559020996094e+01
2.042042922973632812e+01
2.024839210510253906e+01
2.055582046508789062e+01
2.075220489501953125e+01
1.986660957336425781e+01
2.097757530212402344e+01
1.987628555297851562e+01
2.273372077941894531e+01
1.987431335449218750e+01
2.003318405151367188e+01
1.863500976562500000e+01
2.033227920532226562e+01
2.014919662475585938e+01
1.975925445556640625e+01
2.114042282104492188e+01
1.984244728088378906e+01
1.780076599121093750e+01
1.789850425720214844e+01
2.034383773803710938e+01
2.180029106140136719e+01
2.117970848083496094e+01
1.967148017883300781e+01
2.172633361816406250e+01
1.990853691101074219e+01
2.063217163085937500e+01
2.060026550292968750e+01
1.887797164916992188e+01
2.181068038940429688e+01
2.072108840942382812e+01
2.294532394409179688e+01
2.448398780822753906e+01
2.059242057800292969e+01
2.342437362670898438e+01
2.206054496765136719e+01
2.234781265258789062e+01
2.050408554077148438e+01
1.993457603454589844e+01
2.087524604797363281e+01
2.197175788879394531e+01
2.412719154357910156e+01
2.163973045349121094e+01
2.293984794616699219e+01
2.240193367004394531e+01
2.286945724487304688e+01
2.229882049560546875e+01
2.308245658874511719e+01
2.318791961669921875e+01
2.345991706848144531e+01
2.173884201049804688e+01
2.159884262084960938e+01
2.119005584716796875e+01
2.239123916625976562e+01
2.236054420471191406e+01
2.240951538085937500e+01
2.392158889770507812e+01
2.215365219116210938e+01
2.305038642883300781e+01
2.087212181091308594e+01
2.307864570617675781e+01
2.302875709533691406e+01
2.353931808471679688e+01
2.248824310302734375e+01
2.229595756530761719e+01
2.409048843383789062e+01
2.209223747253417969e+01
2.192249107360839844e+01
2.136689567565917969e+01
2.121927642822265625e+01
2.003074264526367188e+01
2.299653244018554688e+01
2.178448486328125000e+01
2.135160636901855469e+01
2.112531852722167969e+01
2.188554382324218750e+01
2.304715156555175781e+01
2.317545127868652344e+01
2.568967247009277344e+01
2.268104934692382812e+01
2.265737915039062500e+01
2.862359046936035156e+01
2.166835594177246094e+01
2.277599143981933594e+01
2.134531211853027344e+01
2.361270141601562500e+01
2.244513320922851562e+01
2.233265304565429688e+01
2.031452560424804688e+01
2.246886253356933594e+01
2.218599700927734375e+01
2.294146537780761719e+01
2.240607452392578125e+01
2.296589469909667969e+01
2.416643714904785156e+01
2.128051185607910156e+01
2.218033409118652344e+01
2.141927719116210938e+01
2.256629753112792969e+01
2.167812347412109375e+01
2.225679206848144531e+01
2.362701797485351562e+01
2.212669181823730469e+01
2.373938369750976562e+01
2.180114364624023438e+01
2.245226669311523438e+01
2.451371765136718750e+01
2.295979118347167969e+01
2.135159111022949219e+01
2.241936683654785156e+01
2.124741935729980469e+01
2.275854301452636719e+01
2.303392219543457031e+01
2.215246963500976562e+01
2.227789497375488281e+01
2.341127014160156250e+01
2.156391906738281250e+01
1.943191719055175781e+01
2.241951560974121094e+01
2.215647125244140625e+01
2.164868354797363281e+01
2.114799308776855469e+01
2.193507957458496094e+01
2.261611747741699219e+01
2.174266242980957031e+01
2.253297233581542969e+01
2.341681289672851562e+01
2.353776550292968750e+01
2.259584617614746094e+01
2.227705383300781250e+01
2.228605461120605469e+01
2.117287445068359375e+01
2.321669387817382812e+01
2.067364501953125000e+01
2.062928581237792969e+01
2.353329467773437500e+01
2.184370803833007812e+01
2.345455932617187500e+01
2.201853561401367188e+01
2.474507904052734375e+01
2.328054237365722656e+01
2.290245056152343750e+01
1.983927345275878906e+01
2.355652427673339844e+01
2.390055465698242188e+01
2.201726913452148438e+01
2.203474998474121094e+01
2.246626091003417969e+01
2.443644142150878906e+01
2.521066856384277344e+01
2.359085083007812500e+01
2.607518005371093750e+01
2.458617591857910156e+01
2.324642562866210938e+01
2.271906280517578125e+01
2.258554267883300781e+01
2.354509353637695312e+01
2.294795608520507812e+01
2.478226470947265625e+01
2.276390647888183594e+01
2.206675720214843750e+01
2.438035202026367188e+01
2.474412918090820312e+01
2.356339836120605469e+01
2.311360549926757812e+01
2.315213584899902344e+01
2.531849670410156250e+01
2.309818840026855469e+01
2.222633171081542969e+01
2.397648048400878906e+01
2.330477333068847656e+01
2.243965530395507812e+01
2.197968673706054688e+01
2.106260871887207031e+01
2.584288978576660156e+01
2.526510620117187500e+01
2.534299468994140625e+01
2.422276115417480469e+01
2.366740036010742188e+01
2.169248771667480469e+01
2.384630012512207031e+01
2.164912033081054688e+01
2.239755630493164062e+01
2.656228828430175781e+01
2.523738288879394531e+01
2.518782615661621094e+01
2.426225471496582031e+01
2.645232391357421875e+01
2.388389015197753906e+01
2.530190086364746094e+01
2.108514595031738281e+01
2.526382064819335938e+01
2.471414184570312500e+01
2.333689308166503906e+01
2.531745338439941406e+01
2.683152389526367188e+01
2.225112915039062500e+01
2.422921752929687500e+01
2.456880569458007812e+01
2.328721046447753906e+01
2.289415550231933594e+01
2.397839546203613281e+01
2.269017219543457031e+01
2.165616416931152344e+01
2.340062522888183594e+01
2.644417190551757812e+01
2.578000259399414062e+01
2.469762420654296875e+01
2.467165184020996094e+01
2.530857086181640625e+01
2.270894050598144531e+01
2.397449302673339844e+01
2.416896438598632812e+01
2.395806694030761719e+01
2.622141265869140625e+01
2.346119117736816406e+01
2.398902511596679688e+01
2.501543807983398438e+01
2.584869956970214844e+01
2.441024017333984375e+01
2.746322250366210938e+01
2.550666046142578125e+01
2.641060066223144531e+01
2.420226287841796875e+01
2.257986450195312500e+01
2.516077804565429688e+01
2.293589019775390625e+01
2.417993354797363281e+01
2.338302230834960938e+01
2.152429389953613281e+01
2.428160095214843750e+01
2.494953918457031250e+01
2.271423530578613281e+01
2.608980751037597656e+01
2.356828117370605469e+01
2.412009811401367188e+01
2.289983558654785156e+01
2.329733657836914062e+01
2.112042236328125000e+01
2.476652336120605469e+01
2.275933456420898438e+01
2.177553176879882812e+01
2.194914054870605469e+01
2.447670936584472656e+01
2.165298652648925781e+01
2.276984024047851562e+01
2.448947715759277344e+01
2.452922248840332031e+01
2.314583778381347656e+01
2.513750457763671875e+01
2.382327651977539062e+01
2.542957305908203125e+01
2.613030624389648438e+01
2.326311111450195312e+01
2.482099151611328125e+01
2.436963462829589844e+01
2.286220741271972656e+01
2.213657569885253906e+01
2.518943786621093750e+01
2.160744285583496094e+01
2.225175857543945312e+01
2.331662940979003906e+01
2.490325927734375000e+01
2.301211357116699219e+01
2.200702476501464844e+01
2.375040245056152344e+01
2.351881599426269531e+01
2.475970077514648438e+01
2.531713294982910156e+01
2.446013641357421875e+01
2.350473403930664062e+01
2.536732292175292969e+01
2.388927268981933594e+01
2.276796913146972656e+01
2.367530822753906250e+01
2.520763778686523438e+01
2.588109207153320312e+01
2.611408233642578125e+01
2.218391990661621094e+01
2.240089416503906250e+01
2.562536239624023438e+01
2.573753166198730469e+01
2.427111625671386719e+01
2.133890151977539062e+01
2.432717514038085938e+01
2.711028861999511719e+01
2.780680656433105469e+01
2.575465202331542969e+01
2.508863639831542969e+01
2.762812805175781250e+01
2.684299659729003906e+01
2.207825088500976562e+01
2.380773353576660156e+01
2.418824005126953125e+01
2.636856460571289062e+01
2.535001564025878906e+01
2.568552398681640625e+01
2.701240539550781250e+01
2.564448356628417969e+01
2.535756111145019531e+01
2.583875656127929688e+01
2.591894912719726562e+01
2.427989387512207031e+01
2.578929710388183594e+01
2.536668395996093750e+01
2.593465232849121094e+01
2.354621315002441406e+01
2.599444580078125000e+01
2.608250045776367188e+01
2.741643142700195312e+01
2.542350769042968750e+01
2.629232406616210938e+01
2.348443031311035156e+01
2.575277137756347656e+01
2.559835433959960938e+01
2.353030395507812500e+01
2.498612022399902344e+01
2.785474777221679688e+01
2.473796844482421875e+01
2.541988372802734375e+01
2.561954307556152344e+01
2.612350463867187500e+01
2.730369567871093750e+01
2.753094863891601562e+01
2.543799018859863281e+01
2.530940628051757812e+01
2.443205261230468750e+01
2.406849670410156250e+01
2.691662025451660156e+01
2.426064109802246094e+01
2.734564399719238281e+01
2.369890594482421875e+01
2.426793479919433594e+01
2.567282867431640625e+01
2.541693305969238281e+01
2.495775604248046875e+01
2.556027793884277344e+01
2.615756988525390625e+01
2.522326278686523438e+01
2.600140380859375000e+01
2.472835540771484375e+01
2.410641479492187500e+01
2.598897743225097656e+01
2.671539878845214844e+01
2.728830146789550781e+01
2.521582221984863281e+01
2.502698516845703125e+01
2.314838981628417969e+01
2.590539360046386719e+01
2.567690086364746094e+01
2.644008064270019531e+01
2.446664237976074219e+01
2.717201995849609375e+01
2.502706336975097656e+01
2.715423774719238281e+01
2.975903129577636719e+01
2.580822944641113281e+01
3.017995071411132812e+01
2.530092620849609375e+01
2.603504753112792969e+01
2.538639259338378906e+01
2.555636596679687500e+01
2.500966262817382812e+01
2.647868728637695312e+01
2.639254379272460938e+01
2.743278503417968750e+01
2.554250335693359375e+01
2.631907463073730469e+01
2.550219917297363281e+01
2.591293144226074219e+01
2.455789184570312500e+01
2.750679779052734375e+01
2.857732772827148438e+01
2.624194717407226562e+01
2.786391830444335938e+01
2.632276535034179688e+01
2.571696472167968750e+01
2.525386238098144531e+01
2.733908462524414062e+01
2.853615570068359375e+01
2.529819679260253906e+01
2.691522979736328125e+01
2.584222984313964844e+01
2.725849151611328125e+01
2.498913764953613281e+01
2.714722251892089844e+01
2.566024017333984375e+01
2.639857482910156250e+01
2.641329193115234375e+01
2.545789146423339844e+01
2.482415199279785156e+01
2.518996238708496094e+01
2.522116470336914062e+01
2.499335098266601562e+01
2.622789001464843750e+01
2.487029647827148438e+01
2.388559341430664062e+01
2.324004936218261719e+01
2.646780395507812500e+01
2.630140495300292969e+01
2.615349578857421875e+01
2.508864021301269531e+01
2.489852714538574219e+01
2.630991363525390625e+01
2.474474906921386719e+01
2.448034286499023438e+01
2.693339157104492188e+01
2.668532752990722656e+01
2.638501167297363281e+01
2.599120903015136719e+01
2.545937919616699219e+01
2.620061492919921875e+01
2.813740158081054688e+01
2.728429985046386719e+01
2.601110458374023438e+01
2.821875953674316406e+01
2.584546089172363281e+01
2.847794342041015625e+01
2.543403434753417969e+01
2.611690902709960938e+01
2.537434196472167969e+01
2.778904151916503906e+01
2.920951080322265625e+01
2.810781669616699219e+01
2.769038581848144531e+01
2.820302391052246094e+01
2.772941780090332031e+01
2.785724449157714844e+01
2.769401741027832031e+01
2.750874519348144531e+01
2.605609512329101562e+01
2.838078498840332031e+01
2.706568336486816406e+01
2.929208183288574219e+01
2.699302291870117188e+01
2.720076942443847656e+01
2.719809722900390625e+01
2.868972587585449219e+01
2.432616424560546875e+01
2.825407028198242188e+01
2.716843605041503906e+01
2.650896072387695312e+01
2.585764884948730469e+01
2.638629722595214844e+01
2.905028533935546875e+01
2.920971298217773438e+01
2.754151344299316406e+01
2.815708923339843750e+01
2.924933624267578125e+01
2.864503288269042969e+01
2.907314109802246094e+01
2.612659835815429688e+01
2.637391471862792969e+01
2.671821403503417969e+01
3.082374954223632812e+01
2.921729850769042969e+01
2.904821205139160156e+01
2.960292434692382812e+01
2.790449333190917969e+01
2.968129539489746094e+01
2.783158493041992188e+01
2.796409606933593750e+01
2.563909721374511719e+01
2.561267852783203125e+01
2.707678413391113281e+01
2.754305458068847656e+01
2.911960220336914062e+01
2.887250709533691406e+01
2.803791618347167969e+01
2.864052772521972656e+01
2.760331344604492188e+01
3.038034820556640625e+01
2.943746757507324219e+01
2.710583686828613281e+01
