4.588240385055541992e-01
3.194869756698608398e-01
4.821339845657348633e-01
5.808560848236083984e-01
6.975169777870178223e-01
9.168653488159179688e-01
1.031038045883178711e+00
1.053005456924438477e+00
1.039386034011840820e+00
1.009093165397644043e+00
9.486184120178222656e-01
8.888191580772399902e-01
8.193060159683227539e-01
7.622878551483154297e-01
7.282579541206359863e-01
6.975475549697875977e-01
6.777192354202270508e-01
6.553469896316528320e-01
6.246048808097839355e-01
5.989920496940612793e-01
5.623534917831420898e-01
5.365272760391235352e-01
5.151290297508239746e-01
4.934194386005401611e-01
4.786376357078552246e-01
4.641163051128387451e-01
4.468042552471160889e-01
4.419296383857727051e-01
4.352358877658843994e-01
4.552020132541656494e-01
4.817389547824859619e-01
4.844605922698974609e-01
4.848682880401611328e-01
4.918309152126312256e-01
4.978555738925933838e-01
4.980955719947814941e-01
5.042791366577148438e-01
5.094878673553466797e-01
5.039574503898620605e-01
5.035510659217834473e-01
5.087059140205383301e-01
5.082570910453796387e-01
5.146934390068054199e-01
5.233039259910583496e-01
5.254223346710205078e-01
5.337839722633361816e-01
5.453516840934753418e-01
5.601338148117065430e-01
5.667306184768676758e-01
5.927932262420654297e-01
6.051486730575561523e-01
6.068237423896789551e-01
6.151281595230102539e-01
6.312527060508728027e-01
6.469914317131042480e-01
6.528802514076232910e-01
6.706080436706542969e-01
6.906504631042480469e-01
7.161239981651306152e-01
7.384845614433288574e-01
7.571328282356262207e-01
7.794454097747802734e-01
8.141827583312988281e-01
8.319790363311767578e-01
8.755199909210205078e-01
9.054617881774902344e-01
9.219872951507568359e-01
9.512441754341125488e-01
9.668396115303039551e-01
9.970364570617675781e-01
1.021888971328735352e+00
1.043623805046081543e+00
1.068982958793640137e+00
1.060743451118469238e+00
1.103543758392333984e+00
1.114453077316284180e+00
1.133561611175537109e+00
1.145972251892089844e+00
1.164050817489624023e+00
1.181426405906677246e+00
1.182983517646789551e+00
1.209716081619262695e+00
1.239185333251953125e+00
1.274023532867431641e+00
1.280585885047912598e+00
1.291451215744018555e+00
1.308167457580566406e+00
1.305230140686035156e+00
1.320997118949890137e+00
1.322665333747863770e+00
1.331599831581115723e+00
1.350405097007751465e+00
1.493361830711364746e+00
1.450812935829162598e+00
1.527688264846801758e+00
2.013792276382446289e+00
2.153707981109619141e+00
1.742074012756347656e+00
1.763278365135192871e+00
1.745638966560363770e+00
1.691879630088806152e+00
1.570590615272521973e+00
1.796614408493041992e+00
1.733336210250854492e+00
1.972388386726379395e+00
1.996150851249694824e+00
1.899225831031799316e+00
2.137311458587646484e+00
2.211867094039916992e+00
2.426028013229370117e+00
2.357866287231445312e+00
2.108830451965332031e+00
2.540190935134887695e+00
2.407570362091064453e+00
2.288627386093139648e+00
2.558695554733276367e+00
2.577151298522949219e+00
2.538642168045043945e+00
3.296465396881103516e+00
2.639996290206909180e+00
2.788242578506469727e+00
2.548402309417724609e+00
2.653670310974121094e+00
2.366978168487548828e+00
3.388807296752929688e+00
2.548706769943237305e+00
3.358503341674804688e+00
3.010521173477172852e+00
3.005426883697509766e+00
3.260906696319580078e+00
2.576944112777709961e+00
2.771822690963745117e+00
2.908338308334350586e+00
2.662474155426025391e+00
2.746337652206420898e+00
3.623697996139526367e+00
2.890094280242919922e+00
3.163898706436157227e+00
2.805207252502441406e+00
3.035993099212646484e+00
2.820944070816040039e+00
3.025681257247924805e+00
2.787936687469482422e+00
2.695674896240234375e+00
2.211038589477539062e+00
2.964801311492919922e+00
3.202646255493164062e+00
2.397715806961059570e+00
3.085077524185180664e+00
2.244837284088134766e+00
2.688835382461547852e+00
2.921857357025146484e+00
2.558541536331176758e+00
2.588239192962646484e+00
2.291694402694702148e+00
2.621232271194458008e+00
3.352786540985107422e+00
3.293195247650146484e+00
2.767579078674316406e+00
2.786370038986206055e+00
3.165198326110839844e+00
3.321903944015502930e+00
2.730024576187133789e+00
3.114113807678222656e+00
2.753630876541137695e+00
2.809583663940429688e+00
3.073457241058349609e+00
2.954958200454711914e+00
3.525935173034667969e+00
3.031020402908325195e+00
2.893390893936157227e+00
2.525684118270874023e+00
2.315859317779541016e+00
3.679597139358520508e+00
3.069589853286743164e+00
3.882394790649414062e+00
2.926729440689086914e+00
2.901443719863891602e+00
3.304712057113647461e+00
3.593523979187011719e+00
2.682406663894653320e+00
2.930970191955566406e+00
3.933415889739990234e+00
3.242026329040527344e+00
2.962354660034179688e+00
3.337546110153198242e+00
3.065257310867309570e+00
3.112982511520385742e+00
2.922890424728393555e+00
3.463205575942993164e+00
2.539061069488525391e+00
2.896169424057006836e+00
2.483755588531494141e+00
3.672732830047607422e+00
2.482584476470947266e+00
3.131863355636596680e+00
3.492835998535156250e+00
3.389097213745117188e+00
2.844268560409545898e+00
2.877295017242431641e+00
4.231883049011230469e+00
3.874238252639770508e+00
3.550247430801391602e+00
3.513512611389160156e+00
2.962093114852905273e+00
3.670701742172241211e+00
3.514582633972167969e+00
4.006508350372314453e+00
3.606118202209472656e+00
3.601754665374755859e+00
3.741770744323730469e+00
3.559535264968872070e+00
3.626715183258056641e+00
3.654737234115600586e+00
3.781576156616210938e+00
3.007325649261474609e+00
3.151224136352539062e+00
3.587224721908569336e+00
3.308986902236938477e+00
3.417532920837402344e+00
3.720146417617797852e+00
3.914685249328613281e+00
3.443270921707153320e+00
3.710743188858032227e+00
4.109083175659179688e+00
3.229476213455200195e+00
3.975517034530639648e+00
4.086674213409423828e+00
3.444517374038696289e+00
4.380346775054931641e+00
5.103141784667968750e+00
4.165647506713867188e+00
3.990801095962524414e+00
4.423527717590332031e+00
5.047146797180175781e+00
3.349930047988891602e+00
4.104593276977539062e+00
4.298441886901855469e+00
4.212143898010253906e+00
4.416525363922119141e+00
4.571561336517333984e+00
4.094694614410400391e+00
4.381692409515380859e+00
5.132468223571777344e+00
4.577801704406738281e+00
4.432427883148193359e+00
3.930723905563354492e+00
4.146204471588134766e+00
3.838696718215942383e+00
4.770066261291503906e+00
4.337607860565185547e+00
4.068373203277587891e+00
4.717897415161132812e+00
4.636145591735839844e+00
5.337322235107421875e+00
5.167021274566650391e+00
4.533241748809814453e+00
4.692736148834228516e+00
4.760336875915527344e+00
4.544693470001220703e+00
5.233926773071289062e+00
4.775956153869628906e+00
4.874349117279052734e+00
5.064134120941162109e+00
4.885964870452880859e+00
5.650800704956054688e+00
4.826441287994384766e+00
4.496392726898193359e+00
5.484640598297119141e+00
4.826579093933105469e+00
6.140644550323486328e+00
4.974969863891601562e+00
4.626543045043945312e+00
5.160912036895751953e+00
4.980737209320068359e+00
4.495972633361816406e+00
6.149168014526367188e+00
5.644282341003417969e+00
5.106161117553710938e+00
4.897718906402587891e+00
5.657830238342285156e+00
5.445958137512207031e+00
4.819449424743652344e+00
5.530203342437744141e+00
5.373508930206298828e+00
5.898969173431396484e+00
6.058703899383544922e+00
6.008537292480468750e+00
6.300441265106201172e+00
6.013852119445800781e+00
5.226179599761962891e+00
5.442563056945800781e+00
5.776721954345703125e+00
6.004577636718750000e+00
5.364392757415771484e+00
6.069092750549316406e+00
5.758624076843261719e+00
5.739212989807128906e+00
5.787238121032714844e+00
5.996056556701660156e+00
5.914945125579833984e+00
5.028025627136230469e+00
5.530635833740234375e+00
5.716676712036132812e+00
5.489202022552490234e+00
5.892101764678955078e+00
4.603867053985595703e+00
5.772594451904296875e+00
7.049109458923339844e+00
5.999477386474609375e+00
6.283226013183593750e+00
6.755647182464599609e+00
5.711030960083007812e+00
6.423293113708496094e+00
6.767076969146728516e+00
7.079611301422119141e+00
6.121282100677490234e+00
6.516295909881591797e+00
5.859277725219726562e+00
6.705367088317871094e+00
6.787646293640136719e+00
7.091751098632812500e+00
6.652924060821533203e+00
7.233044147491455078e+00
6.298268318176269531e+00
6.582793235778808594e+00
7.009106636047363281e+00
6.586444377899169922e+00
6.659032344818115234e+00
6.794430255889892578e+00
6.738943576812744141e+00
7.001585960388183594e+00
6.903690338134765625e+00
7.603643417358398438e+00
6.756342887878417969e+00
7.407660961151123047e+00
7.918333053588867188e+00
6.729118347167968750e+00
7.086045742034912109e+00
7.234617233276367188e+00
7.963189601898193359e+00
7.294574737548828125e+00
7.573009490966796875e+00
7.282475471496582031e+00
7.193861961364746094e+00
7.129883766174316406e+00
7.611340999603271484e+00
7.498686313629150391e+00
7.875028133392333984e+00
7.899812221527099609e+00
7.519679546356201172e+00
7.275143623352050781e+00
8.077627182006835938e+00
8.625972747802734375e+00
7.926119804382324219e+00
7.511899471282958984e+00
7.786712169647216797e+00
7.700923919677734375e+00
6.878921985626220703e+00
7.358010768890380859e+00
7.265149116516113281e+00
8.301729202270507812e+00
7.478741168975830078e+00
7.238608360290527344e+00
7.715417385101318359e+00
8.009275436401367188e+00
8.661537170410156250e+00
7.778135776519775391e+00
7.486601352691650391e+00
7.805259704589843750e+00
7.412400245666503906e+00
7.937352180480957031e+00
6.965245246887207031e+00
8.324684143066406250e+00
8.617902755737304688e+00
8.268922805786132812e+00
8.860541343688964844e+00
7.729594707489013672e+00
8.001228332519531250e+00
7.767802238464355469e+00
8.910230636596679688e+00
8.972084999084472656e+00
8.931571960449218750e+00
8.353714942932128906e+00
9.093636512756347656e+00
8.449640274047851562e+00
8.247366905212402344e+00
8.187932968139648438e+00
9.260988235473632812e+00
9.298361778259277344e+00
8.318010330200195312e+00
8.467508316040039062e+00
8.211219787597656250e+00
9.348284721374511719e+00
7.962359428405761719e+00
9.204019546508789062e+00
9.000607490539550781e+00
8.621213912963867188e+00
9.427935600280761719e+00
8.189604759216308594e+00
8.271939277648925781e+00
8.439314842224121094e+00
8.724158287048339844e+00
9.281935691833496094e+00
9.720374107360839844e+00
8.887911796569824219e+00
8.992856025695800781e+00
8.162041664123535156e+00
9.107932090759277344e+00
9.150191307067871094e+00
9.567934989929199219e+00
9.484115600585937500e+00
8.391971588134765625e+00
9.224881172180175781e+00
8.939558029174804688e+00
9.578480720520019531e+00
9.271183013916015625e+00
9.519038200378417969e+00
8.934881210327148438e+00
9.111710548400878906e+00
9.391277313232421875e+00
9.580132484436035156e+00
9.269719123840332031e+00
9.372113227844238281e+00
9.684166908264160156e+00
8.864697456359863281e+00
8.752332687377929688e+00
9.354763984680175781e+00
9.433902740478515625e+00
8.931757926940917969e+00
9.628097534179687500e+00
9.379689216613769531e+00
9.604062080383300781e+00
9.417833328247070312e+00
9.844541549682617188e+00
9.325758934020996094e+00
9.584494590759277344e+00
9.583831787109375000e+00
9.975742340087890625e+00
1.005228519439697266e+01
9.776913642883300781e+00
1.020381546020507812e+01
1.004290008544921875e+01
9.708860397338867188e+00
9.873271942138671875e+00
9.934601783752441406e+00
1.089133644104003906e+01
9.575758934020996094e+00
1.031649494171142578e+01
9.509066581726074219e+00
1.015566921234130859e+01
9.593378067016601562e+00
1.028745937347412109e+01
9.952718734741210938e+00
1.101852989196777344e+01
9.676443099975585938e+00
1.142670917510986328e+01
1.009719276428222656e+01
1.071076488494873047e+01
9.411134719848632812e+00
1.031603908538818359e+01
1.038486099243164062e+01
1.092611217498779297e+01
1.036212921142578125e+01
1.159805202484130859e+01
1.058042621612548828e+01
1.056027030944824219e+01
1.007524394989013672e+01
1.060749435424804688e+01
9.724870681762695312e+00
1.016848659515380859e+01
1.075706863403320312e+01
1.069954872131347656e+01
1.031650924682617188e+01
1.076032638549804688e+01
1.060110950469970703e+01
1.047551536560058594e+01
1.072011375427246094e+01
1.111533737182617188e+01
1.128324890136718750e+01
1.131406593322753906e+01
1.136126804351806641e+01
1.140735912322998047e+01
1.113694095611572266e+01
1.082108116149902344e+01
1.144942951202392578e+01
1.162530899047851562e+01
1.227959346771240234e+01
1.089215373992919922e+01
1.269226264953613281e+01
1.136215209960937500e+01
1.166369247436523438e+01
1.185573863983154297e+01
1.105719375610351562e+01
1.119139289855957031e+01
1.091560554504394531e+01
1.206522274017333984e+01
1.090174961090087891e+01
1.189856529235839844e+01
1.165089607238769531e+01
1.212883949279785156e+01
1.138124752044677734e+01
1.176326942443847656e+01
1.218068599700927734e+01
1.186808300018310547e+01
1.222373676300048828e+01
1.220069503784179688e+01
1.181053924560546875e+01
1.170006465911865234e+01
1.292352008819580078e+01
1.241593647003173828e+01
1.182893657684326172e+01
1.145088577270507812e+01
1.103607368469238281e+01
1.192936134338378906e+01
1.134072494506835938e+01
1.169654464721679688e+01
1.265674591064453125e+01
1.178523063659667969e+01
1.206838512420654297e+01
1.198882198333740234e+01
1.120027160644531250e+01
1.227211093902587891e+01
1.301939487457275391e+01
1.233415031433105469e+01
1.165564727783203125e+01
1.162786674499511719e+01
1.140935134887695312e+01
1.214901351928710938e+01
1.214272689819335938e+01
1.134448528289794922e+01
1.184106254577636719e+01
1.214723587036132812e+01
1.190452671051025391e+01
1.140821075439453125e+01
1.154522895812988281e+01
1.160445404052734375e+01
1.116623020172119141e+01
1.164164447784423828e+01
1.243902683258056641e+01
1.239480304718017578e+01
1.192984962463378906e+01
1.219758987426757812e+01
1.188153553009033203e+01
1.178922271728515625e+01
1.152341842651367188e+01
1.205220222473144531e+01
1.121684932708740234e+01
1.159703540802001953e+01
1.188548851013183594e+01
1.086685562133789062e+01
1.093739223480224609e+01
1.175409507751464844e+01
1.296831035614013672e+01
1.160011482238769531e+01
1.108853149414062500e+01
1.137771129608154297e+01
1.129868888854980469e+01
1.248925399780273438e+01
1.140888881683349609e+01
1.198515892028808594e+01
1.154376697540283203e+01
1.087631225585937500e+01
1.063860321044921875e+01
1.112895393371582031e+01
1.159004783630371094e+01
1.179580593109130859e+01
1.249119567871093750e+01
1.200051498413085938e+01
1.243515205383300781e+01
1.249738216400146484e+01
1.290895462036132812e+01
1.163615798950195312e+01
1.204608631134033203e+01
1.172642803192138672e+01
1.104155254364013672e+01
1.295432376861572266e+01
1.146188449859619141e+01
1.133938312530517578e+01
1.112196445465087891e+01
1.161768531799316406e+01
1.162910175323486328e+01
1.131929683685302734e+01
1.116869640350341797e+01
1.122490024566650391e+01
1.142308616638183594e+01
1.205667400360107422e+01
1.183105468750000000e+01
1.182840061187744141e+01
1.118834018707275391e+01
1.135334873199462891e+01
1.112894916534423828e+01
1.187008285522460938e+01
1.107925605773925781e+01
1.174467372894287109e+01
1.234968185424804688e+01
1.196262741088867188e+01
1.150245666503906250e+01
1.167217731475830078e+01
1.189299201965332031e+01
1.250227928161621094e+01
1.234056758880615234e+01
1.322575950622558594e+01
1.183032703399658203e+01
1.253029251098632812e+01
1.283961105346679688e+01
1.296748065948486328e+01
1.257806205749511719e+01
1.390281867980957031e+01
1.204750061035156250e+01
1.337907028198242188e+01
1.275381278991699219e+01
1.193619537353515625e+01
1.318873596191406250e+01
1.303765678405761719e+01
1.386280441284179688e+01
1.326626968383789062e+01
1.310246276855468750e+01
1.331526088714599609e+01
1.356546878814697266e+01
1.250431632995605469e+01
1.245238590240478516e+01
1.299958324432373047e+01
1.275155925750732422e+01
1.348920345306396484e+01
1.414203357696533203e+01
1.355836296081542969e+01
1.291270446777343750e+01
1.277036666870117188e+01
1.344092082977294922e+01
1.275567054748535156e+01
1.300478744506835938e+01
1.322169113159179688e+01
1.302010536193847656e+01
1.331961536407470703e+01
1.348318767547607422e+01
1.370668125152587891e+01
1.302947425842285156e+01
1.384421253204345703e+01
1.425832366943359375e+01
1.350400733947753906e+01
1.290905094146728516e+01
1.393444252014160156e+01
1.418852329254150391e+01
1.330119323730468750e+01
1.391255474090576172e+01
1.413840579986572266e+01
1.383618831634521484e+01
1.422471714019775391e+01
1.325362491607666016e+01
1.342012023925781250e+01
1.378955459594726562e+01
1.425855827331542969e+01
1.407376956939697266e+01
1.326629924774169922e+01
1.408777141571044922e+01
1.547304344177246094e+01
1.558347511291503906e+01
1.322555828094482422e+01
1.443806266784667969e+01
1.518487262725830078e+01
1.530595397949218750e+01
1.469226551055908203e+01
1.549821090698242188e+01
1.557690238952636719e+01
1.529130840301513672e+01
1.524234199523925781e+01
1.605269050598144531e+01
1.553555870056152344e+01
1.497688579559326172e+01
1.521019649505615234e+01
1.718265533447265625e+01
1.635007286071777344e+01
1.719626045227050781e+01
1.588149070739746094e+01
1.689209365844726562e+01
1.638833236694335938e+01
1.677924728393554688e+01
1.615278625488281250e+01
1.582316207885742188e+01
1.713639450073242188e+01
1.814323425292968750e+01
1.634168243408203125e+01
1.701123809814453125e+01
1.730784606933593750e+01
1.829349517822265625e+01
1.705678558349609375e+01
1.849827575683593750e+01
1.801501655578613281e+01
1.821011734008789062e+01
1.858012962341308594e+01
1.705654716491699219e+01
1.840966033935546875e+01
1.718479919433593750e+01
1.802075767517089844e+01
1.799777030944824219e+01
2.063262939453125000e+01
1.949052429199218750e+01
1.758343696594238281e+01
1.843035125732421875e+01
1.749880790710449219e+01
1.880682563781738281e+01
1.888682365417480469e+01
1.870611000061035156e+01
2.013464927673339844e+01
2.076825523376464844e+01
1.875065040588378906e+01
2.051495170593261719e+01
1.970445251464843750e+01
1.900230979919433594e+01
1.829900360107421875e+01
2.044753646850585938e+01
1.878801536560058594e+01
1.928259468078613281e+01
2.049878501892089844e+01
1.986347198486328125e+01
2.129660606384277344e+01
1.969540786743164062e+01
2.112534904479980469e+01
2.148477363586425781e+01
2.364812278747558594e+01
2.115978431701660156e+01
2.428071784973144531e+01
2.267527770996093750e+01
2.340808677673339844e+01
2.120486640930175781e+01
2.128349494934082031e+01
1.960992813110351562e+01
2.168486785888671875e+01
2.051198768615722656e+01
2.336781692504882812e+01
2.396796798706054688e+01
2.184109306335449219e+01
2.298673820495605469e+01
2.294319915771484375e+01
2.482661247253417969e+01
2.488131141662597656e+01
2.523231124877929688e+01
2.544144439697265625e+01
2.397836875915527344e+01
2.616290664672851562e+01
2.603347969055175781e+01
2.648853492736816406e+01
2.330815696716308594e+01
2.486247253417968750e+01
2.403041267395019531e+01
2.262879753112792969e+01
2.303434753417968750e+01
2.465041732788085938e+01
2.464688110351562500e+01
2.463084030151367188e+01
2.467042922973632812e+01
2.355033493041992188e+01
2.535783004760742188e+01
2.416895675659179688e+01
2.568806838989257812e+01
2.600545120239257812e+01
2.491655158996582031e+01
2.679808998107910156e+01
2.665192222595214844e+01
2.653945350646972656e+01
2.732706832885742188e+01
2.738533210754394531e+01
2.796877288818359375e+01
2.704810523986816406e+01
2.821043395996093750e+01
2.746606636047363281e+01
2.686550903320312500e+01
3.000354385375976562e+01
2.811397171020507812e+01
3.028646850585937500e+01
2.841474533081054688e+01
2.770168495178222656e+01
2.936833953857421875e+01
2.923800086975097656e+01
2.916310119628906250e+01
2.954520797729492188e+01
2.968773460388183594e+01
3.286312103271484375e+01
2.953861808776855469e+01
2.969644546508789062e+01
2.883683204650878906e+01
3.053493881225585938e+01
3.028218841552734375e+01
2.959533882141113281e+01
2.931090927124023438e+01
2.975194549560546875e+01
2.887492179870605469e+01
2.891943359375000000e+01
2.963154220581054688e+01
2.979907798767089844e+01
3.261120605468750000e+01
3.086229324340820312e+01
3.324332046508789062e+01
3.243917846679687500e+01
3.127063560485839844e+01
3.261354064941406250e+01
3.287115478515625000e+01
3.268127441406250000e+01
3.179710960388183594e+01
3.268244171142578125e+01
3.553081893920898438e+01
3.481366729736328125e+01
3.437087631225585938e+01
3.316884231567382812e+01
3.294849014282226562e+01
3.480686569213867188e+01
3.290979003906250000e+01
3.350153732299804688e+01
3.278548049926757812e+01
3.441165542602539062e+01
3.493561553955078125e+01
3.433930587768554688e+01
3.568301391601562500e+01
3.609368133544921875e+01
3.577461242675781250e+01
3.466413116455078125e+01
3.659135437011718750e+01
3.625217819213867188e+01
3.277990341186523438e+01
3.717360305786132812e+01
3.368404006958007812e+01
3.730392837524414062e+01
3.777439498901367188e+01
3.693146896362304688e+01
3.762222290039062500e+01
3.830479049682617188e+01
3.323491287231445312e+01
3.849306106567382812e+01
3.669633483886718750e+01
3.698808670043945312e+01
3.517011260986328125e+01
3.525355529785156250e+01
3.798357391357421875e+01
3.736061096191406250e+01
3.655995941162109375e+01
3.895683670043945312e+01
4.199819564819335938e+01
3.616024780273437500e+01
3.988317871093750000e+01
3.952801513671875000e+01
3.581473541259765625e+01
3.952664947509765625e+01
3.667508697509765625e+01
4.014280319213867188e+01
3.920731353759765625e+01
3.886872482299804688e+01
4.326636886596679688e+01
4.000028610229492188e+01
3.870778274536132812e+01
3.894564819335937500e+01
3.833795547485351562e+01
3.599855422973632812e+01
3.891867065429687500e+01
4.080032730102539062e+01
3.864381027221679688e+01
3.881824874877929688e+01
3.698553085327148438e+01
3.901147842407226562e+01
3.863421630859375000e+01
3.960406112670898438e+01
3.520254516601562500e+01
3.963092041015625000e+01
3.919622039794921875e+01
4.264794158935546875e+01
3.789043045043945312e+01
4.087171173095703125e+01
4.469180679321289062e+01
4.178180313110351562e+01
4.170959472656250000e+01
4.100068283081054688e+01
3.934554672241210938e+01
4.125698471069335938e+01
4.270881652832031250e+01
3.904439163208007812e+01
4.024948501586914062e+01
4.178084564208984375e+01
4.218413925170898438e+01
4.088257980346679688e+01
3.969556045532226562e+01
4.008543014526367188e+01
4.025688934326171875e+01
4.281888198852539062e+01
3.958313369750976562e+01
4.296104049682617188e+01
3.857674407958984375e+01
4.341736221313476562e+01
4.128817749023437500e+01
4.164592361450195312e+01
4.210115814208984375e+01
4.272080993652343750e+01
4.139825439453125000e+01
4.155062484741210938e+01
3.885478973388671875e+01
3.957679367065429688e+01
4.156475067138671875e+01
4.306221008300781250e+01
4.123070144653320312e+01
4.366862487792968750e+01
4.042956924438476562e+01
4.216677093505859375e+01
4.088022613525390625e+01
4.013201522827148438e+01
4.398772048950195312e+01
4.074322891235351562e+01
4.351737213134765625e+01
4.073662567138671875e+01
3.852156829833984375e+01
4.359169387817382812e+01
3.793800735473632812e+01
3.804525375366210938e+01
3.740422058105468750e+01
3.988864898681640625e+01
4.125078201293945312e+01
4.304209518432617188e+01
4.084810256958007812e+01
4.104496002197265625e+01
3.858876419067382812e+01
4.199613189697265625e+01
3.848581314086914062e+01
3.584598541259765625e+01
3.815888595581054688e+01
3.975182342529296875e+01
3.881593704223632812e+01
3.966299819946289062e+01
4.125833892822265625e+01
4.216279602050781250e+01
4.523789596557617188e+01
3.942323303222656250e+01
3.806817626953125000e+01
3.769329071044921875e+01
4.192084121704101562e+01
3.818149185180664062e+01
4.327717208862304688e+01
4.158919525146484375e+01
4.112983703613281250e+01
4.065223312377929688e+01
3.649077987670898438e+01
3.996814346313476562e+01
3.963480377197265625e+01
4.332202529907226562e+01
4.288000488281250000e+01
4.122354125976562500e+01
4.060974884033203125e+01
3.891365814208984375e+01
3.594858932495117188e+01
4.021511077880859375e+01
3.945597839355468750e+01
4.156230545043945312e+01
3.851406097412109375e+01
3.648353958129882812e+01
4.110689163208007812e+01
3.914414215087890625e+01
3.799047088623046875e+01
3.830526733398437500e+01
3.564878463745117188e+01
3.607394409179687500e+01
3.801633453369140625e+01
3.818278121948242188e+01
3.847650146484375000e+01
3.875409698486328125e+01
3.630871200561523438e+01
3.646247482299804688e+01
3.529157638549804688e+01
3.815769577026367188e+01
3.492050170898437500e+01
3.383162689208984375e+01
3.670439910888671875e+01
3.395399093627929688e+01
3.741127395629882812e+01
3.380567169189453125e+01
3.382228851318359375e+01
3.512220382690429688e+01
3.474633407592773438e+01
3.433279037475585938e+01
3.319380569458007812e+01
3.772316360473632812e+01
3.458819961547851562e+01
3.341790771484375000e+01
3.551525878906250000e+01
3.408932876586914062e+01
3.256307983398437500e+01
3.239738082885742188e+01
3.309944534301757812e+01
3.499783706665039062e+01
3.170111083984375000e+01
3.206270217895507812e+01
3.153581237792968750e+01
3.025574684143066406e+01
3.183156204223632812e+01
3.310446166992187500e+01
3.113486099243164062e+01
3.295669937133789062e+01
3.295200729370117188e+01
3.363700866699218750e+01
3.160834312438964844e+01
3.355330657958984375e+01
3.209574127197265625e+01
3.453559494018554688e+01
3.446452713012695312e+01
3.409881591796875000e+01
3.430845260620117188e+01
3.374505615234375000e+01
3.313680267333984375e+01
3.398811721801757812e+01
3.565688323974609375e+01
3.649642181396484375e+01
3.389277267456054688e+01
3.269321060180664062e+01
3.075248527526855469e+01
3.423911285400390625e+01
3.723108291625976562e+01
3.556845474243164062e+01
3.590952301025390625e+01
3.482839202880859375e+01
3.424033737182617188e+01
3.433198928833007812e+01
3.458461761474609375e+01
3.180829048156738281e+01
3.563240814208984375e+01
3.450780105590820312e+01
3.503076553344726562e+01
3.465858459472656250e+01
3.232157135009765625e+01
3.169337081909179688e+01
3.351436614990234375e+01
3.378269577026367188e+01
3.522982406616210938e+01
3.385697174072265625e+01
3.141109466552734375e+01
3.389845275878906250e+01
3.595580673217773438e+01
3.516284942626953125e+01
3.408285522460937500e+01
3.605297470092773438e+01
3.347343444824218750e+01
3.513917922973632812e+01
3.799199295043945312e+01
3.711020660400390625e+01
3.604937362670898438e+01
3.771387100219726562e+01
3.663404846191406250e+01
3.526033782958984375e+01
3.471819686889648438e+01
3.436378097534179688e+01
3.332526397705078125e+01
3.563581085205078125e+01
3.529030227661132812e+01
3.365809249877929688e+01
3.249958419799804688e+01
3.461029815673828125e+01
3.590946197509765625e+01
3.632289123535156250e+01
3.420689010620117188e+01
3.528376007080078125e+01
3.370647048950195312e+01
3.366664123535156250e+01
3.544328689575195312e+01
3.455418014526367188e+01
3.528755569458007812e+01
3.204988098144531250e+01
3.284490585327148438e+01
3.758393859863281250e+01
3.428580474853515625e+01
3.649848937988281250e+01
3.891762542724609375e+01
3.574156951904296875e+01
3.524089050292968750e+01
3.503096771240234375e+01
3.368628311157226562e+01
3.511767196655273438e+01
3.579173278808593750e+01
3.667187881469726562e+01
3.622524642944335938e+01
3.429687500000000000e+01
3.745949935913085938e+01
3.757159042358398438e+01
3.614592361450195312e+01
3.502070236206054688e+01
3.760165023803710938e+01
3.612868881225585938e+01
3.824785995483398438e+01
3.792660140991210938e+01
4.115282821655273438e+01
3.941212844848632812e+01
3.686264038085937500e+01
3.641497802734375000e+01
3.707975769042968750e+01
3.889277267456054688e+01
3.593705368041992188e+01
3.841390228271484375e+01
3.747903442382812500e+01
4.272056961059570312e+01
3.743690490722656250e+01
3.767725753784179688e+01
3.801744461059570312e+01
3.785663223266601562e+01
3.570783996582031250e+01
3.518801498413085938e+01
3.376318740844726562e+01
3.459852600097656250e+01
3.870820236206054688e+01
3.716359329223632812e+01
3.840514755249023438e+01
3.745071792602539062e+01
3.502452468872070312e+01
3.721026611328125000e+01
3.653055572509765625e+01
3.827816390991210938e+01
3.640677642822265625e+01
3.463039016723632812e+01
3.747340393066406250e+01
3.526379394531250000e+01
3.609069442749023438e+01
3.704781341552734375e+01
4.077867889404296875e+01
3.727269363403320312e+01
3.814707183837890625e+01
4.134026718139648438e+01
3.791621780395507812e+01
4.014899826049804688e+01
3.729388427734375000e+01
3.890742111206054688e+01
3.836359024047851562e+01
3.929155349731445312e+01
3.749007797241210938e+01
3.774245452880859375e+01
3.936899185180664062e+01
4.005420303344726562e+01
3.858736038208007812e+01
4.106988906860351562e+01
3.890605545043945312e+01
3.955411529541015625e+01
3.795260238647460938e+01
3.912307739257812500e+01
3.954553985595703125e+01
4.099974060058593750e+01
4.100113296508789062e+01
4.133716201782226562e+01
3.808079528808593750e+01
3.811934280395507812e+01
4.145764923095703125e+01
3.959147644042968750e+01
4.055108642578125000e+01
4.187495422363281250e+01
3.957294464111328125e+01
4.167579650878906250e+01
3.956946182250976562e+01
4.060193634033203125e+01
4.250956344604492188e+01
4.335998153686523438e+01
4.154459381103515625e+01
4.204010772705078125e+01
4.356430435180664062e+01
4.232903289794921875e+01
3.845811080932617188e+01
4.110920333862304688e+01
4.215908050537109375e+01
4.401912689208984375e+01
3.974172592163085938e+01
4.065656280517578125e+01
3.959100341796875000e+01
3.884046554565429688e+01
4.067402648925781250e+01
4.177945709228515625e+01
3.813852310180664062e+01
3.750906372070312500e+01
4.203842163085937500e+01
4.665167236328125000e+01
4.226211547851562500e+01
3.798886108398437500e+01
3.985052871704101562e+01
3.896715545654296875e+01
4.099229431152343750e+01
4.020717239379882812e+01
4.177684402465820312e+01
4.095386123657226562e+01
4.068061828613281250e+01
3.908649826049804688e+01
4.471680831909179688e+01
4.292969131469726562e+01
4.194321823120117188e+01
4.187886047363281250e+01
4.030292892456054688e+01
4.753133392333984375e+01
4.371359252929687500e+01
4.177654647827148438e+01
4.195744705200195312e+01
4.321810531616210938e+01
4.253955841064453125e+01
4.424114608764648438e+01
4.368928909301757812e+01
4.582816314697265625e+01
4.513123321533203125e+01
4.926484298706054688e+01
4.438140487670898438e+01
4.154956436157226562e+01
4.238216400146484375e+01
4.396359252929687500e+01
4.576268768310546875e+01
4.255683898925781250e+01
4.325604629516601562e+01
4.135945129394531250e+01
4.559659576416015625e+01
4.300558471679687500e+01
4.499728775024414062e+01
4.155405807495117188e+01
4.139209365844726562e+01
4.398666381835937500e+01
4.347391510009765625e+01
4.405303955078125000e+01
4.283308410644531250e+01
4.128599548339843750e+01
4.442150878906250000e+01
4.233307266235351562e+01
4.412108612060546875e+01
4.055620956420898438e+01
4.724429702758789062e+01
4.723199844360351562e+01
4.451907730102539062e+01
4.742749404907226562e+01
4.679724502563476562e+01
4.203417587280273438e+01
5.113125610351562500e+01
4.764090728759765625e+01
4.342271804809570312e+01
4.511655044555664062e+01
4.833769226074218750e+01
4.417214202880859375e+01
4.236404800415039062e+01
5.205703735351562500e+01
5.314644622802734375e+01
4.511881637573242188e+01
4.473231887817382812e+01
4.614531326293945312e+01
4.530070495605468750e+01
4.648052978515625000e+01
4.926721954345703125e+01
4.679352951049804688e+01
4.992354965209960938e+01
4.953688430786132812e+01
5.075114822387695312e+01
5.084788131713867188e+01
4.621833419799804688e+01
4.832432937622070312e+01
4.788322448730468750e+01
5.202049636840820312e+01
4.780936050415039062e+01
5.254867172241210938e+01
4.877895736694335938e+01
4.440428924560546875e+01
4.715705108642578125e+01
4.610130310058593750e+01
4.658029174804687500e+01
4.810057067871093750e+01
4.432847595214843750e+01
4.520705413818359375e+01
4.580313873291015625e+01
5.138877868652343750e+01
4.743188095092773438e+01
4.975274658203125000e+01
5.095174407958984375e+01
5.252058029174804688e+01
4.738433456420898438e+01
4.749770736694335938e+01
4.702329254150390625e+01
4.841090774536132812e+01
5.001869964599609375e+01
4.230115509033203125e+01
5.206699371337890625e+01
4.758737564086914062e+01
5.321200942993164062e+01
5.071178817749023438e+01
4.821353149414062500e+01
4.848774337768554688e+01
4.662059783935546875e+01
5.311517333984375000e+01
5.120727157592773438e+01
5.075146484375000000e+01
4.840262985229492188e+01
5.279946136474609375e+01
4.905834197998046875e+01
4.819716262817382812e+01
5.058889770507812500e+01
5.621444702148437500e+01
4.977448272705078125e+01
4.954020309448242188e+01
4.927278900146484375e+01
4.941881942749023438e+01
4.867042922973632812e+01
5.116968917846679688e+01
4.579623413085937500e+01
4.969375228881835938e+01
5.203490066528320312e+01
4.897068786621093750e+01
4.928359222412109375e+01
4.917741775512695312e+01
5.424363327026367188e+01
5.576861572265625000e+01
5.218743133544921875e+01
5.488486480712890625e+01
4.907847976684570312e+01
5.153609466552734375e+01
4.945096206665039062e+01
5.126848983764648438e+01
4.918782424926757812e+01
4.709584426879882812e+01
4.975775146484375000e+01
5.042905426025390625e+01
5.343882751464843750e+01
4.534650802612304688e+01
5.102344512939453125e+01
4.792745971679687500e+01
4.974811553955078125e+01
5.493476104736328125e+01
5.115121078491210938e+01
5.275535202026367188e+01
5.109843063354492188e+01
4.933205413818359375e+01
5.378763198852539062e+01
5.485691452026367188e+01
5.414102172851562500e+01
5.542916870117187500e+01
5.328469848632812500e+01
5.296185302734375000e+01
5.211764526367187500e+01
5.527228164672851562e+01
5.753286361694335938e+01
5.513703536987304688e+01
5.062528228759765625e+01
5.218796920776367188e+01
5.070981216430664062e+01
5.687546920776367188e+01
5.550951766967773438e+01
5.437242126464843750e+01
4.995753097534179688e+01
5.363994598388671875e+01
5.561701202392578125e+01
4.977501678466796875e+01
5.362353134155273438e+01
5.552422332763671875e+01
5.517492294311523438e+01
5.971139907836914062e+01
5.455085754394531250e+01
5.608670043945312500e+01
5.354991531372070312e+01
5.413930130004882812e+01
5.790901565551757812e+01
5.662519454956054688e+01
5.577607727050781250e+01
5.615329742431640625e+01
5.093662643432617188e+01
5.309811782836914062e+01
5.372922515869140625e+01
5.575718688964843750e+01
6.140120315551757812e+01
5.874800491333007812e+01
6.178651046752929688e+01
5.662808609008789062e+01
5.424656295776367188e+01
6.110332107543945312e+01
6.103201675415039062e+01
5.732294082641601562e+01
5.446162414550781250e+01
5.501926040649414062e+01
5.829899597167968750e+01
5.482014846801757812e+01
5.709982299804687500e+01
5.652047348022460938e+01
5.649847030639648438e+01
5.678383636474609375e+01
5.853807067871093750e+01
5.997135162353515625e+01
6.150029373168945312e+01
5.685390472412109375e+01
5.374575042724609375e+01
5.734952163696289062e+01
5.231459426879882812e+01
5.403464508056640625e+01
5.834651565551757812e+01
5.371540832519531250e+01
5.337322998046875000e+01
5.716445922851562500e+01
5.542082977294921875e+01
5.490066528320312500e+01
5.459679031372070312e+01
5.580871963500976562e+01
5.578264236450195312e+01
5.803241348266601562e+01
5.427596282958984375e+01
5.896723556518554688e+01
5.458044433593750000e+01
5.661221313476562500e+01
5.842948913574218750e+01
5.734357452392578125e+01
5.695135116577148438e+01
5.740840530395507812e+01
5.545897674560546875e+01
5.850259399414062500e+01
5.596336746215820312e+01
5.936624526977539062e+01
6.072339248657226562e+01
5.783649826049804688e+01
5.988905334472656250e+01
6.304563903808593750e+01
5.660640716552734375e+01
5.881727981567382812e+01
7.083058929443359375e+01
6.452623748779296875e+01
6.233770370483398438e+01
6.473881530761718750e+01
6.185856246948242188e+01
5.903316497802734375e+01
5.707485580444335938e+01
5.572178268432617188e+01
5.961975479125976562e+01
6.695636749267578125e+01
5.990810394287109375e+01
6.071574401855468750e+01
5.799234390258789062e+01
5.929700088500976562e+01
5.810569381713867188e+01
6.243717193603515625e+01
6.350267410278320312e+01
6.976029205322265625e+01
5.712237167358398438e+01
5.596741104125976562e+01
6.133343505859375000e+01
6.181807327270507812e+01
6.170785903930664062e+01
6.735262298583984375e+01
6.845703125000000000e+01
5.819813156127929688e+01
6.259053802490234375e+01
5.753108978271484375e+01
6.327272033691406250e+01
5.915818023681640625e+01
6.491886901855468750e+01
5.840563964843750000e+01
5.741706085205078125e+01
5.881653976440429688e+01
5.606284332275390625e+01
5.778194046020507812e+01
6.441227722167968750e+01
6.426277160644531250e+01
5.561149978637695312e+01
6.137056732177734375e+01
6.323186492919921875e+01
6.366675186157226562e+01
6.504503631591796875e+01
5.889193344116210938e+01
5.321776199340820312e+01
7.005907440185546875e+01
6.107161712646484375e+01
5.944184875488281250e+01
6.617141723632812500e+01
5.868976593017578125e+01
5.847723388671875000e+01
6.358051681518554688e+01
7.061030578613281250e+01
6.156331253051757812e+01
5.867784500122070312e+01
6.655758666992187500e+01
6.387750625610351562e+01
6.290567779541015625e+01
6.030262756347656250e+01
6.686229705810546875e+01
6.417610931396484375e+01
6.742734527587890625e+01
6.624217224121093750e+01
6.570199584960937500e+01
6.342431259155273438e+01
6.388277816772460938e+01
6.416569519042968750e+01
6.645207214355468750e+01
6.008525848388671875e+01
6.188799285888671875e+01
6.212166976928710938e+01
6.142612457275390625e+01
6.606751251220703125e+01
5.614463424682617188e+01
6.063953399658203125e+01
6.032706069946289062e+01
6.389338302612304688e+01
6.233648300170898438e+01
5.808689117431640625e+01
5.838786697387695312e+01
6.619368743896484375e+01
6.543431091308593750e+01
6.400571441650390625e+01
6.133423995971679688e+01
5.976748275756835938e+01
6.539727020263671875e+01
6.471417236328125000e+01
6.219247055053710938e+01
6.623371887207031250e+01
6.222246170043945312e+01
6.439216613769531250e+01
5.925432968139648438e+01
6.403392028808593750e+01
6.363782119750976562e+01
6.475800323486328125e+01
5.981478881835937500e+01
6.691498565673828125e+01
6.045559310913085938e+01
6.431504821777343750e+01
6.024586486816406250e+01
6.015065765380859375e+01
5.659720993041992188e+01
6.121667861938476562e+01
6.925845336914062500e+01
5.775116348266601562e+01
6.689936065673828125e+01
6.312155914306640625e+01
6.445370483398437500e+01
6.057225036621093750e+01
6.004106521606445312e+01
6.306438446044921875e+01
6.203124618530273438e+01
5.690692901611328125e+01
6.144798278808593750e+01
6.193897628784179688e+01
6.608139038085937500e+01
6.318801116943359375e+01
6.181464004516601562e+01
6.433573913574218750e+01
6.751152038574218750e+01
6.628432464599609375e+01
6.476316070556640625e+01
6.788341522216796875e+01
7.036557769775390625e+01
6.716172027587890625e+01
6.442763519287109375e+01
6.632231903076171875e+01
6.541149139404296875e+01
7.260721588134765625e+01
7.350493621826171875e+01
6.441053009033203125e+01
6.308477401733398438e+01
6.356917953491210938e+01
6.044186782836914062e+01
6.434848785400390625e+01
7.343721771240234375e+01
6.814229583740234375e+01
6.335471725463867188e+01
6.863140869140625000e+01
6.161792755126953125e+01
6.469421386718750000e+01
6.852270507812500000e+01
7.448745727539062500e+01
6.039992904663085938e+01
6.813586425781250000e+01
6.822497558593750000e+01
6.684766387939453125e+01
7.204626464843750000e+01
7.236900329589843750e+01
6.694515991210937500e+01
6.917773437500000000e+01
6.639838409423828125e+01
6.929821777343750000e+01
6.753606414794921875e+01
6.807218933105468750e+01
5.932420349121093750e+01
6.562419128417968750e+01
6.605075073242187500e+01
6.299255371093750000e+01
5.992542266845703125e+01
6.284352493286132812e+01
6.776895141601562500e+01
6.653502655029296875e+01
6.570759582519531250e+01
6.712718963623046875e+01
6.470388031005859375e+01
6.245489883422851562e+01
6.718093109130859375e+01
6.948596954345703125e+01
7.147618865966796875e+01
6.743125152587890625e+01
5.889277267456054688e+01
6.631900024414062500e+01
6.495051574707031250e+01
6.620030975341796875e+01
7.265156555175781250e+01
6.923468780517578125e+01
7.346421813964843750e+01
7.436281585693359375e+01
7.030501556396484375e+01
6.810969543457031250e+01
7.009969329833984375e+01
7.370517730712890625e+01
7.091338348388671875e+01
7.449370574951171875e+01
7.055790710449218750e+01
7.425070953369140625e+01
7.079648590087890625e+01
7.426898193359375000e+01
6.861791229248046875e+01
7.108498382568359375e+01
6.699130249023437500e+01
6.939348602294921875e+01
7.244642639160156250e+01
7.196193695068359375e+01
6.731348419189453125e+01
7.349241638183593750e+01
6.982498168945312500e+01
7.349733734130859375e+01
6.609252166748046875e+01
7.046929168701171875e+01
6.965119171142578125e+01
6.872269439697265625e+01
7.312969970703125000e+01
6.633535766601562500e+01
7.259112548828125000e+01
6.608290863037109375e+01
6.678838348388671875e+01
6.231845474243164062e+01
6.791302490234375000e+01
6.656639099121093750e+01
6.626428222656250000e+01
6.498471832275390625e+01
7.060492706298828125e+01
7.021031188964843750e+01
6.928656005859375000e+01
6.928192138671875000e+01
6.754684448242187500e+01
6.375162124633789062e+01
7.380609130859375000e+01
7.047223663330078125e+01
6.719097137451171875e+01
6.820986175537109375e+01
7.099086761474609375e+01
6.740077972412109375e+01
6.128388214111328125e+01
6.893078613281250000e+01
6.448211669921875000e+01
6.540963745117187500e+01
6.969408416748046875e+01
6.235921096801757812e+01
6.691402435302734375e+01
6.582426452636718750e+01
7.163383483886718750e+01
6.652016448974609375e+01
7.148795318603515625e+01
6.846554565429687500e+01
6.471595001220703125e+01
6.554580688476562500e+01
5.932347869873046875e+01
6.765328216552734375e+01
7.063649749755859375e+01
6.310362625122070312e+01
6.207126617431640625e+01
5.700038909912109375e+01
6.322250747680664062e+01
6.144458389282226562e+01
6.726045227050781250e+01
6.257216262817382812e+01
6.435772705078125000e+01
6.153966522216796875e+01
6.240856170654296875e+01
6.075772094726562500e+01
5.721082687377929688e+01
6.374360656738281250e+01
6.757387542724609375e+01
6.571051788330078125e+01
6.034044647216796875e+01
5.951458358764648438e+01
6.293406677246093750e+01
5.898469161987304688e+01
6.737782287597656250e+01
6.643220520019531250e+01
6.334293746948242188e+01
6.584034729003906250e+01
6.970840454101562500e+01
7.279762268066406250e+01
6.226952362060546875e+01
6.135967254638671875e+01
6.142962646484375000e+01
6.756356048583984375e+01
6.497605133056640625e+01
6.270056915283203125e+01
6.445656585693359375e+01
6.095408630371093750e+01
6.603778076171875000e+01
6.046265411376953125e+01
6.472741699218750000e+01
6.454104614257812500e+01
6.518233489990234375e+01
6.177768707275390625e+01
6.780684661865234375e+01
7.221890258789062500e+01
6.571601104736328125e+01
6.416209411621093750e+01
6.237297058105468750e+01
6.496850585937500000e+01
6.987077331542968750e+01
6.251736068725585938e+01
6.546686553955078125e+01
6.453302764892578125e+01
6.919245910644531250e+01
5.943886566162109375e+01
6.535482025146484375e+01
6.799272155761718750e+01
6.138141632080078125e+01
6.539982604980468750e+01
6.517050933837890625e+01
6.243574905395507812e+01
6.467488861083984375e+01
6.203314590454101562e+01
6.378680419921875000e+01
6.435147094726562500e+01
6.327417373657226562e+01
6.529903411865234375e+01
6.666415405273437500e+01
6.391031265258789062e+01
6.578536224365234375e+01
5.932040023803710938e+01
6.147585678100585938e+01
6.351577377319335938e+01
6.245757675170898438e+01
5.847506332397460938e+01
5.778849029541015625e+01
6.437567138671875000e+01
6.500356292724609375e+01
6.452365875244140625e+01
6.252105331420898438e+01
6.018404006958007812e+01
6.503452301025390625e+01
6.460134124755859375e+01
5.611463546752929688e+01
6.141822433471679688e+01
5.638649368286132812e+01
6.239068222045898438e+01
6.560581970214843750e+01
6.463681793212890625e+01
6.407417297363281250e+01
6.267826080322265625e+01
5.648918151855468750e+01
6.677992248535156250e+01
6.448875427246093750e+01
6.329747009277343750e+01
6.364688873291015625e+01
6.454256439208984375e+01
6.271215057373046875e+01
6.160013961791992188e+01
6.541121673583984375e+01
6.472278594970703125e+01
6.426007843017578125e+01
6.337916183471679688e+01
5.745711898803710938e+01
7.065818786621093750e+01
6.419301605224609375e+01
6.653620147705078125e+01
7.336545562744140625e+01
6.832339477539062500e+01
6.518675231933593750e+01
5.913932800292968750e+01
6.394232559204101562e+01
6.311538314819335938e+01
6.816012573242187500e+01
6.574767303466796875e+01
6.885436248779296875e+01
6.378038406372070312e+01
6.069890594482421875e+01
6.254754638671875000e+01
6.447675323486328125e+01
6.723170471191406250e+01
6.886857604980468750e+01
6.641833496093750000e+01
6.857948303222656250e+01
6.439486694335937500e+01
6.565023803710937500e+01
8.244387054443359375e+01
7.475949096679687500e+01
6.306181335449218750e+01
6.652005004882812500e+01
6.773670196533203125e+01
6.281111145019531250e+01
6.932740020751953125e+01
7.355020904541015625e+01
6.559809112548828125e+01
7.194863128662109375e+01
7.048152923583984375e+01
7.053285217285156250e+01
7.293264007568359375e+01
6.397113418579101562e+01
6.716452789306640625e+01
7.076320648193359375e+01
6.662276458740234375e+01
7.454850006103515625e+01
7.425590515136718750e+01
6.965731811523437500e+01
6.504880523681640625e+01
6.972290802001953125e+01
8.592751312255859375e+01
7.294025421142578125e+01
7.097045135498046875e+01
6.556411743164062500e+01
7.418249511718750000e+01
6.974586486816406250e+01
7.347663879394531250e+01
7.041331481933593750e+01
7.210512542724609375e+01
7.091546630859375000e+01
7.074761962890625000e+01
7.038011169433593750e+01
7.093880462646484375e+01
7.413406372070312500e+01
6.909626770019531250e+01
7.408068847656250000e+01
7.636335754394531250e+01
7.173540496826171875e+01
6.912194824218750000e+01
7.934557342529296875e+01
6.933619689941406250e+01
7.215962219238281250e+01
7.655084228515625000e+01
6.703630065917968750e+01
7.060063934326171875e+01
7.130082702636718750e+01
6.287318420410156250e+01
6.352578735351562500e+01
6.644336700439453125e+01
6.130366134643554688e+01
6.646593475341796875e+01
6.754793548583984375e+01
6.957959747314453125e+01
7.944550323486328125e+01
6.895574951171875000e+01
6.666941833496093750e+01
7.138309478759765625e+01
6.573991394042968750e+01
7.415157318115234375e+01
8.157585906982421875e+01
6.840668487548828125e+01
7.541993713378906250e+01
6.589296722412109375e+01
6.627487182617187500e+01
6.659641265869140625e+01
7.408367919921875000e+01
6.861055755615234375e+01
7.212192535400390625e+01
6.568991088867187500e+01
6.735391998291015625e+01
7.999176788330078125e+01
7.386502075195312500e+01
7.095865631103515625e+01
6.572616577148437500e+01
6.154547500610351562e+01
7.092475128173828125e+01
7.199570465087890625e+01
7.164983367919921875e+01
7.285411071777343750e+01
6.620396423339843750e+01
6.627018737792968750e+01
7.320440673828125000e+01
6.630640411376953125e+01
7.058871459960937500e+01
7.308216094970703125e+01
6.104636764526367188e+01
7.330447387695312500e+01
7.008954620361328125e+01
7.046715545654296875e+01
7.697259521484375000e+01
7.335620117187500000e+01
7.016136169433593750e+01
7.452470397949218750e+01
6.845732879638671875e+01
6.768066406250000000e+01
6.648770141601562500e+01
7.599818420410156250e+01
7.381071472167968750e+01
6.483931732177734375e+01
7.271496582031250000e+01
7.125895690917968750e+01
6.500635528564453125e+01
6.835123443603515625e+01
7.526016235351562500e+01
6.151221084594726562e+01
6.972192382812500000e+01
7.082507324218750000e+01
6.255711746215820312e+01
6.556160736083984375e+01
6.390532684326171875e+01
6.703251647949218750e+01
7.147371673583984375e+01
6.423601531982421875e+01
6.924346923828125000e+01
7.596508789062500000e+01
7.619867706298828125e+01
6.807820892333984375e+01
5.604879760742187500e+01
6.576026916503906250e+01
5.913405990600585938e+01
6.786846923828125000e+01
6.629965972900390625e+01
7.242206573486328125e+01
6.807600402832031250e+01
6.963980102539062500e+01
6.853803253173828125e+01
7.128074645996093750e+01
6.866516876220703125e+01
6.626889801025390625e+01
6.691604614257812500e+01
6.982386016845703125e+01
7.130960845947265625e+01
6.853658294677734375e+01
6.050503921508789062e+01
6.273969650268554688e+01
6.486614227294921875e+01
6.956834411621093750e+01
6.834200286865234375e+01
6.763271331787109375e+01
6.667820739746093750e+01
6.659123229980468750e+01
7.096550750732421875e+01
6.671612548828125000e+01
6.799175262451171875e+01
7.055828094482421875e+01
6.616877746582031250e+01
6.338364791870117188e+01
6.889510345458984375e+01
6.759348297119140625e+01
7.046485137939453125e+01
6.384977722167968750e+01
6.814943695068359375e+01
7.038986968994140625e+01
7.684616851806640625e+01
7.244184112548828125e+01
7.770542144775390625e+01
7.135945129394531250e+01
7.111965942382812500e+01
7.380640411376953125e+01
7.174476623535156250e+01
7.684389495849609375e+01
6.883419036865234375e+01
6.729497528076171875e+01
7.317199707031250000e+01
7.521337127685546875e+01
6.699457550048828125e+01
7.123208618164062500e+01
7.080425262451171875e+01
7.316854858398437500e+01
6.703286743164062500e+01
7.179129028320312500e+01
7.272753143310546875e+01
7.314963531494140625e+01
6.937078094482421875e+01
6.847953796386718750e+01
6.959387207031250000e+01
7.255976867675781250e+01
6.457293701171875000e+01
7.082301330566406250e+01
7.758945465087890625e+01
7.469673156738281250e+01
7.033300018310546875e+01
7.460768890380859375e+01
8.362899017333984375e+01
7.913703155517578125e+01
7.594487762451171875e+01
7.985337829589843750e+01
6.840599822998046875e+01
8.953516387939453125e+01
8.555271911621093750e+01
7.593898773193359375e+01
8.239143371582031250e+01
8.029068756103515625e+01
7.360892486572265625e+01
7.948439025878906250e+01
8.732436370849609375e+01
7.652310943603515625e+01
6.877252197265625000e+01
7.450041961669921875e+01
6.974063873291015625e+01
7.749665069580078125e+01
9.427447509765625000e+01
7.708617401123046875e+01
7.501690673828125000e+01
7.166075134277343750e+01
7.790740966796875000e+01
7.893775177001953125e+01
6.527680969238281250e+01
7.822164916992187500e+01
9.227060699462890625e+01
7.015013122558593750e+01
7.815314483642578125e+01
8.495827484130859375e+01
6.691075897216796875e+01
7.292256164550781250e+01
7.499892425537109375e+01
8.404465484619140625e+01
8.753678131103515625e+01
6.431369018554687500e+01
7.821036529541015625e+01
8.965311431884765625e+01
6.883325195312500000e+01
8.025553894042968750e+01
8.543584442138671875e+01
8.265515899658203125e+01
8.706588745117187500e+01
7.644198608398437500e+01
