0.000000000000000000e+00
7.421670556068420410e-01
9.503509402275085449e-01
1.183839440345764160e+00
1.858050942420959473e+00
2.124445915222167969e+00
2.155001878738403320e+00
1.970107674598693848e+00
1.815118074417114258e+00
1.571008801460266113e+00
1.389079332351684570e+00
1.239573955535888672e+00
1.109829545021057129e+00
1.004385948181152344e+00
9.265860915184020996e-01
8.917429447174072266e-01
8.491753935813903809e-01
8.301758170127868652e-01
8.147546648979187012e-01
7.864325642585754395e-01
7.736306786537170410e-01
7.690961360931396484e-01
7.570356726646423340e-01
7.311283946037292480e-01
7.259626388549804688e-01
6.969912052154541016e-01
6.697739958763122559e-01
6.458305716514587402e-01
6.219730377197265625e-01
6.017019748687744141e-01
5.896346569061279297e-01
5.578209161758422852e-01
5.511735677719116211e-01
5.345041751861572266e-01
5.109556913375854492e-01
4.962438344955444336e-01
4.861873686313629150e-01
4.764958024024963379e-01
4.790081977844238281e-01
4.626322686672210693e-01
4.626842141151428223e-01
4.668790996074676514e-01
4.696564972400665283e-01
4.692959785461425781e-01
4.677776396274566650e-01
4.817596375942230225e-01
4.859776794910430908e-01
4.951108992099761963e-01
5.200836062431335449e-01
5.295139551162719727e-01
5.390625000000000000e-01
5.654008984565734863e-01
5.727186203002929688e-01
5.977119207382202148e-01
6.012370586395263672e-01
6.349223852157592773e-01
6.540205478668212891e-01
6.661110520362854004e-01
6.747465729713439941e-01
6.739376783370971680e-01
6.849506497383117676e-01
6.990694403648376465e-01
7.037744522094726562e-01
7.462636828422546387e-01
7.332961559295654297e-01
7.495279312133789062e-01
7.829009890556335449e-01
8.205022215843200684e-01
7.863914966583251953e-01
8.130441904067993164e-01
7.831640839576721191e-01
8.282961845397949219e-01
8.227999210357666016e-01
8.669500946998596191e-01
8.511486649513244629e-01
9.149488806724548340e-01
9.259693026542663574e-01
9.480944871902465820e-01
1.007740378379821777e+00
9.327867627143859863e-01
1.054283261299133301e+00
1.128029346466064453e+00
1.184925675392150879e+00
1.156762599945068359e+00
1.283337354660034180e+00
1.155927896499633789e+00
1.168969869613647461e+00
1.290688395500183105e+00
1.355570435523986816e+00
1.315269589424133301e+00
1.212155461311340332e+00
1.419763922691345215e+00
1.342829823493957520e+00
1.453049778938293457e+00
1.299656987190246582e+00
1.589469194412231445e+00
1.464529991149902344e+00
1.570687055587768555e+00
1.580475687980651855e+00
1.508840799331665039e+00
1.544754862785339355e+00
1.547682762145996094e+00
1.480086207389831543e+00
1.555434584617614746e+00
1.707060694694519043e+00
1.818538427352905273e+00
1.789722919464111328e+00
1.559433341026306152e+00
1.899098873138427734e+00
1.837644338607788086e+00
1.771040320396423340e+00
1.680698275566101074e+00
1.682991504669189453e+00
1.801128387451171875e+00
1.673162579536437988e+00
1.807100772857666016e+00
1.977802991867065430e+00
1.949226498603820801e+00
1.702519416809082031e+00
1.867722392082214355e+00
2.098248243331909180e+00
1.935176491737365723e+00
1.747195839881896973e+00
1.689013719558715820e+00
1.926318407058715820e+00
1.734030485153198242e+00
1.851176261901855469e+00
1.836380362510681152e+00
2.063130378723144531e+00
1.842286586761474609e+00
1.797182440757751465e+00
1.942131876945495605e+00
2.178300857543945312e+00
2.084941387176513672e+00
2.018289327621459961e+00
2.314503908157348633e+00
2.332694292068481445e+00
2.352644681930541992e+00
2.595734119415283203e+00
2.329046487808227539e+00
2.177345037460327148e+00
2.364928722381591797e+00
2.291780710220336914e+00
2.418833017349243164e+00
2.285242557525634766e+00
2.090453624725341797e+00
2.007221460342407227e+00
2.235049962997436523e+00
2.441748857498168945e+00
2.106524705886840820e+00
2.544641256332397461e+00
2.338846206665039062e+00
2.543461561203002930e+00
2.325584411621093750e+00
2.567098140716552734e+00
2.945671319961547852e+00
2.503103017807006836e+00
2.626740217208862305e+00
3.106896400451660156e+00
3.137045860290527344e+00
3.386045455932617188e+00
2.771122932434082031e+00
2.921211004257202148e+00
3.357287645339965820e+00
3.148462772369384766e+00
3.095366716384887695e+00
2.790800333023071289e+00
2.809819936752319336e+00
3.893769979476928711e+00
2.665020465850830078e+00
3.017907142639160156e+00
2.983530998229980469e+00
2.982493400573730469e+00
3.245997667312622070e+00
3.546834945678710938e+00
3.351566314697265625e+00
3.329193353652954102e+00
3.467869043350219727e+00
3.141576290130615234e+00
3.243716716766357422e+00
3.059419631958007812e+00
3.435409307479858398e+00
2.670760154724121094e+00
2.951573848724365234e+00
2.947075605392456055e+00
3.554070234298706055e+00
2.948729276657104492e+00
3.048177719116210938e+00
3.370043754577636719e+00
2.628228664398193359e+00
2.637418985366821289e+00
3.083190441131591797e+00
3.106985807418823242e+00
3.307159662246704102e+00
2.962531328201293945e+00
2.984056234359741211e+00
2.922060966491699219e+00
3.143405675888061523e+00
2.787383794784545898e+00
3.378268003463745117e+00
2.886401891708374023e+00
2.708229064941406250e+00
3.440677642822265625e+00
3.088783264160156250e+00
2.965552806854248047e+00
3.456169128417968750e+00
3.531696319580078125e+00
3.099387645721435547e+00
3.205046892166137695e+00
2.761466741561889648e+00
3.355974435806274414e+00
3.197857379913330078e+00
3.156451702117919922e+00
3.330307722091674805e+00
3.193013429641723633e+00
3.198541879653930664e+00
3.362026691436767578e+00
2.961776018142700195e+00
2.928596496582031250e+00
2.991886138916015625e+00
3.350249528884887695e+00
3.278693914413452148e+00
2.991742372512817383e+00
2.816574811935424805e+00
3.311277151107788086e+00
3.542067766189575195e+00
3.022919893264770508e+00
3.484208106994628906e+00
3.609864234924316406e+00
3.524276018142700195e+00
3.777251243591308594e+00
3.697894573211669922e+00
3.703887462615966797e+00
4.486340045928955078e+00
4.177174091339111328e+00
3.448837518692016602e+00
3.790550231933593750e+00
3.940176248550415039e+00
4.863749027252197266e+00
3.872189044952392578e+00
4.251385688781738281e+00
3.661096096038818359e+00
4.207785129547119141e+00
3.561698198318481445e+00
4.075336933135986328e+00
4.587904453277587891e+00
4.396531581878662109e+00
5.067278385162353516e+00
4.351624011993408203e+00
4.859527111053466797e+00
4.709243297576904297e+00
4.498757362365722656e+00
4.137454986572265625e+00
4.877978324890136719e+00
4.781209468841552734e+00
4.393973350524902344e+00
4.702248573303222656e+00
5.197237491607666016e+00
4.569567680358886719e+00
5.320414066314697266e+00
5.473839282989501953e+00
5.612853527069091797e+00
5.253829479217529297e+00
4.704133987426757812e+00
5.327846527099609375e+00
4.861156940460205078e+00
5.441921710968017578e+00
4.969011783599853516e+00
6.489738464355468750e+00
5.047208309173583984e+00
5.268507957458496094e+00
6.410337924957275391e+00
4.949956893920898438e+00
5.866983413696289062e+00
5.901455402374267578e+00
5.816743850708007812e+00
6.305551528930664062e+00
6.399049758911132812e+00
6.405261039733886719e+00
5.806077957153320312e+00
6.121902942657470703e+00
6.319961547851562500e+00
6.279530048370361328e+00
6.437438488006591797e+00
6.907292842864990234e+00
6.273421287536621094e+00
7.583285331726074219e+00
7.723551750183105469e+00
7.085364818572998047e+00
7.234437465667724609e+00
7.882967472076416016e+00
6.999659061431884766e+00
6.530674934387207031e+00
8.041905403137207031e+00
7.798225402832031250e+00
7.417943477630615234e+00
7.587337493896484375e+00
7.607211589813232422e+00
9.193572044372558594e+00
8.328222274780273438e+00
7.276378631591796875e+00
9.385548591613769531e+00
8.044302940368652344e+00
9.444718360900878906e+00
8.902894973754882812e+00
9.396883010864257812e+00
9.828917503356933594e+00
9.725737571716308594e+00
9.271277427673339844e+00
9.113124847412109375e+00
9.370727539062500000e+00
1.020378494262695312e+01
1.015985965728759766e+01
1.054111862182617188e+01
9.257513999938964844e+00
1.133697414398193359e+01
1.072054672241210938e+01
1.050635051727294922e+01
1.197296905517578125e+01
1.063206863403320312e+01
1.094020938873291016e+01
1.102181816101074219e+01
1.347123622894287109e+01
1.204291152954101562e+01
1.174024009704589844e+01
1.105755424499511719e+01
1.117228889465332031e+01
1.184931278228759766e+01
1.288609504699707031e+01
1.253680992126464844e+01
1.289745903015136719e+01
1.303190422058105469e+01
1.257600879669189453e+01
1.332386207580566406e+01
1.238145542144775391e+01
1.311472034454345703e+01
1.401518917083740234e+01
1.258344078063964844e+01
1.428389739990234375e+01
1.326673221588134766e+01
1.279296302795410156e+01
1.386307811737060547e+01
1.352077293395996094e+01
1.355218124389648438e+01
1.544769573211669922e+01
1.581224346160888672e+01
1.504716110229492188e+01
1.542934513092041016e+01
1.593861484527587891e+01
1.667482566833496094e+01
1.739888763427734375e+01
1.842369079589843750e+01
1.723528099060058594e+01
1.788000297546386719e+01
1.891995048522949219e+01
1.799204635620117188e+01
1.735233688354492188e+01
1.793919181823730469e+01
1.945563125610351562e+01
1.852487182617187500e+01
2.109251976013183594e+01
1.993885040283203125e+01
1.954293441772460938e+01
1.966400909423828125e+01
1.976717567443847656e+01
2.085257339477539062e+01
2.358027076721191406e+01
2.205297851562500000e+01
2.004306602478027344e+01
2.147252464294433594e+01
2.374930381774902344e+01
2.290747261047363281e+01
2.200791740417480469e+01
2.291577529907226562e+01
2.204552268981933594e+01
2.285628318786621094e+01
2.269784927368164062e+01
2.374727058410644531e+01
2.572276115417480469e+01
2.465983963012695312e+01
2.261922264099121094e+01
2.493512916564941406e+01
2.676547431945800781e+01
2.736374664306640625e+01
2.743757057189941406e+01
2.796722221374511719e+01
2.684399986267089844e+01
2.712511062622070312e+01
2.559287071228027344e+01
2.650701141357421875e+01
2.591284370422363281e+01
2.727441024780273438e+01
2.933427429199218750e+01
2.573050308227539062e+01
2.861826705932617188e+01
2.961148452758789062e+01
2.975992965698242188e+01
3.281410980224609375e+01
3.044889640808105469e+01
3.033567237854003906e+01
2.869645500183105469e+01
3.076152801513671875e+01
3.032475852966308594e+01
2.988679695129394531e+01
3.208160400390625000e+01
3.062781715393066406e+01
3.238028335571289062e+01
3.202636337280273438e+01
3.306924819946289062e+01
3.311521911621093750e+01
3.590553283691406250e+01
3.220286941528320312e+01
3.289869689941406250e+01
3.254740524291992188e+01
3.446025085449218750e+01
3.331773376464843750e+01
3.438462829589843750e+01
3.425192260742187500e+01
3.357594299316406250e+01
3.589731979370117188e+01
3.700804901123046875e+01
3.602533721923828125e+01
3.507197570800781250e+01
3.602031326293945312e+01
3.521528244018554688e+01
3.394623947143554688e+01
3.660243606567382812e+01
3.567314910888671875e+01
3.887182998657226562e+01
3.632721328735351562e+01
3.548560714721679688e+01
3.886378860473632812e+01
3.858598327636718750e+01
3.915853881835937500e+01
4.070049667358398438e+01
4.006727981567382812e+01
3.828551864624023438e+01
4.076215362548828125e+01
4.136750793457031250e+01
4.240468215942382812e+01
3.929939270019531250e+01
4.089688873291015625e+01
4.372852706909179688e+01
4.222435379028320312e+01
4.247161483764648438e+01
4.116896820068359375e+01
3.824393844604492188e+01
4.559970092773437500e+01
3.941513442993164062e+01
4.214746093750000000e+01
4.080700302124023438e+01
4.363809967041015625e+01
4.326604080200195312e+01
4.025365447998046875e+01
4.097920989990234375e+01
4.344256210327148438e+01
4.356438446044921875e+01
4.657745361328125000e+01
4.712174606323242188e+01
4.504710006713867188e+01
4.707400131225585938e+01
4.717556381225585938e+01
4.595774841308593750e+01
4.648080444335937500e+01
4.868028640747070312e+01
4.588675308227539062e+01
4.623124313354492188e+01
4.482786178588867188e+01
4.866204452514648438e+01
4.411403274536132812e+01
4.753608322143554688e+01
4.947437286376953125e+01
4.601089477539062500e+01
4.726604461669921875e+01
5.062516021728515625e+01
4.756634140014648438e+01
4.887030792236328125e+01
4.782585144042968750e+01
4.771519470214843750e+01
5.013565826416015625e+01
4.771598434448242188e+01
4.857740783691406250e+01
5.065924072265625000e+01
5.118313980102539062e+01
4.716988372802734375e+01
4.742767333984375000e+01
4.914546585083007812e+01
4.803247833251953125e+01
5.331008148193359375e+01
5.260247802734375000e+01
5.486799240112304688e+01
4.724244689941406250e+01
5.037347030639648438e+01
4.994490051269531250e+01
5.389769363403320312e+01
4.992338562011718750e+01
5.201998519897460938e+01
5.036106109619140625e+01
5.207926940917968750e+01
5.161045455932617188e+01
5.700883483886718750e+01
5.470900726318359375e+01
5.418298339843750000e+01
5.306560897827148438e+01
5.460376739501953125e+01
5.264036560058593750e+01
5.311695480346679688e+01
4.965402221679687500e+01
5.795123291015625000e+01
5.370555496215820312e+01
5.805688858032226562e+01
5.543086624145507812e+01
5.277990722656250000e+01
5.759587860107421875e+01
5.611691284179687500e+01
5.540876770019531250e+01
5.564389038085937500e+01
5.386739730834960938e+01
5.334174346923828125e+01
5.561229324340820312e+01
5.432990264892578125e+01
5.654821014404296875e+01
5.735301971435546875e+01
5.823690414428710938e+01
6.290718078613281250e+01
5.782867813110351562e+01
5.957285308837890625e+01
5.744183349609375000e+01
5.637886047363281250e+01
5.527299499511718750e+01
5.989786529541015625e+01
5.581910705566406250e+01
5.599461746215820312e+01
5.737360000610351562e+01
6.223604583740234375e+01
6.018907928466796875e+01
6.105686569213867188e+01
5.793418884277343750e+01
5.803645324707031250e+01
6.051082992553710938e+01
5.813704681396484375e+01
5.647000122070312500e+01
5.909318923950195312e+01
5.994161605834960938e+01
5.853585815429687500e+01
6.678715515136718750e+01
6.229478073120117188e+01
6.327618026733398438e+01
5.817689895629882812e+01
6.093354797363281250e+01
5.807980346679687500e+01
5.807960891723632812e+01
5.863531875610351562e+01
6.268476104736328125e+01
6.076667022705078125e+01
6.366760635375976562e+01
6.590423583984375000e+01
6.346988677978515625e+01
6.416884613037109375e+01
5.989802169799804688e+01
6.183754730224609375e+01
6.107585144042968750e+01
6.011137771606445312e+01
6.045724105834960938e+01
5.972448348999023438e+01
6.128083038330078125e+01
6.575723266601562500e+01
6.476232910156250000e+01
6.056590270996093750e+01
6.253484344482421875e+01
6.008841323852539062e+01
6.369548797607421875e+01
6.188872528076171875e+01
6.280006408691406250e+01
6.176331710815429688e+01
6.333164596557617188e+01
6.251469421386718750e+01
6.436566162109375000e+01
6.225788879394531250e+01
6.503993988037109375e+01
6.150333404541015625e+01
5.920739746093750000e+01
6.194723892211914062e+01
6.548381042480468750e+01
6.273040008544921875e+01
6.486215972900390625e+01
6.505272674560546875e+01
6.453369140625000000e+01
6.223676300048828125e+01
5.899727249145507812e+01
6.248564910888671875e+01
6.220458984375000000e+01
6.061342239379882812e+01
5.903016281127929688e+01
6.413134002685546875e+01
6.346507644653320312e+01
5.849624252319335938e+01
6.037415313720703125e+01
6.221305465698242188e+01
6.439738464355468750e+01
6.403833007812500000e+01
5.970218658447265625e+01
6.733369445800781250e+01
5.983250808715820312e+01
6.048403930664062500e+01
6.068483734130859375e+01
6.204729080200195312e+01
5.798810195922851562e+01
6.236867141723632812e+01
6.065880584716796875e+01
5.707254791259765625e+01
5.904204559326171875e+01
6.417092132568359375e+01
6.200149154663085938e+01
6.300406265258789062e+01
5.801024246215820312e+01
6.007241439819335938e+01
6.006467056274414062e+01
6.089521026611328125e+01
5.921960449218750000e+01
6.087208557128906250e+01
6.358363342285156250e+01
6.211428451538085938e+01
5.836081695556640625e+01
5.780279541015625000e+01
5.688100433349609375e+01
5.629114151000976562e+01
5.759113311767578125e+01
5.651477813720703125e+01
5.717694854736328125e+01
5.948442459106445312e+01
5.920317077636718750e+01
6.299407196044921875e+01
5.843949890136718750e+01
5.632432937622070312e+01
5.850742721557617188e+01
5.947137451171875000e+01
5.669442367553710938e+01
6.041413116455078125e+01
6.288026428222656250e+01
5.416217422485351562e+01
5.664124298095703125e+01
5.991975402832031250e+01
5.728367233276367188e+01
5.882780456542968750e+01
5.713652420043945312e+01
5.688747787475585938e+01
5.752864456176757812e+01
5.658749008178710938e+01
5.669137573242187500e+01
5.754811859130859375e+01
5.422409057617187500e+01
5.815664291381835938e+01
5.760895919799804688e+01
5.254521942138671875e+01
5.772608947753906250e+01
5.269478225708007812e+01
5.460517120361328125e+01
5.866589736938476562e+01
5.721760940551757812e+01
5.818029403686523438e+01
5.758087921142578125e+01
5.839510726928710938e+01
5.666555786132812500e+01
5.459354019165039062e+01
5.476297760009765625e+01
5.236466217041015625e+01
6.051545333862304688e+01
6.020375823974609375e+01
5.572295379638671875e+01
5.698123168945312500e+01
5.524355316162109375e+01
5.437323379516601562e+01
5.527473449707031250e+01
5.518903732299804688e+01
5.504789733886718750e+01
5.529513168334960938e+01
5.146741485595703125e+01
5.190238571166992188e+01
5.175183105468750000e+01
5.225748062133789062e+01
5.884224319458007812e+01
5.376044082641601562e+01
5.289892578125000000e+01
5.378160476684570312e+01
5.597592544555664062e+01
5.355745315551757812e+01
5.510003662109375000e+01
5.516910934448242188e+01
5.281498336791992188e+01
5.657102203369140625e+01
5.249197387695312500e+01
5.410887908935546875e+01
5.582875442504882812e+01
5.501030731201171875e+01
5.257776260375976562e+01
4.951683044433593750e+01
5.026132202148437500e+01
4.978296279907226562e+01
5.269647598266601562e+01
5.009509277343750000e+01
4.614582824707031250e+01
4.899471664428710938e+01
4.702171707153320312e+01
5.455405044555664062e+01
5.258684158325195312e+01
5.163600158691406250e+01
5.205900955200195312e+01
4.706845092773437500e+01
4.468092346191406250e+01
4.664000701904296875e+01
5.007359313964843750e+01
4.695507049560546875e+01
4.746029663085937500e+01
4.750365447998046875e+01
4.632964324951171875e+01
4.475191116333007812e+01
4.224819564819335938e+01
4.741110610961914062e+01
4.654539871215820312e+01
4.506189346313476562e+01
4.427204132080078125e+01
4.273805618286132812e+01
4.684438323974609375e+01
4.452831268310546875e+01
4.467118835449218750e+01
4.440352630615234375e+01
4.298171234130859375e+01
4.629260253906250000e+01
4.543120193481445312e+01
4.386816406250000000e+01
4.393376159667968750e+01
4.421221923828125000e+01
4.341832733154296875e+01
4.356282806396484375e+01
4.174068832397460938e+01
4.246398544311523438e+01
4.267877960205078125e+01
4.418055343627929688e+01
4.464245986938476562e+01
4.219387435913085938e+01
4.093136978149414062e+01
4.210590362548828125e+01
4.277179336547851562e+01
4.262565612792968750e+01
4.256847000122070312e+01
4.418785858154296875e+01
4.354542922973632812e+01
4.422570419311523438e+01
4.367454528808593750e+01
4.624696731567382812e+01
4.391437911987304688e+01
4.726514434814453125e+01
4.342623519897460938e+01
4.405966567993164062e+01
4.357415771484375000e+01
4.217703247070312500e+01
4.220086669921875000e+01
4.182181930541992188e+01
4.163455581665039062e+01
4.302719116210937500e+01
4.386780166625976562e+01
4.224211883544921875e+01
4.356415557861328125e+01
4.437440490722656250e+01
4.543702316284179688e+01
4.333610153198242188e+01
4.450692367553710938e+01
4.370024108886718750e+01
4.305228805541992188e+01
4.152195358276367188e+01
4.352119827270507812e+01
4.208843612670898438e+01
4.418222808837890625e+01
4.245349884033203125e+01
4.301091384887695312e+01
4.343444442749023438e+01
4.613355636596679688e+01
4.346739959716796875e+01
4.547314071655273438e+01
4.265781784057617188e+01
4.490339660644531250e+01
4.524498367309570312e+01
4.641850280761718750e+01
4.438304519653320312e+01
4.348380279541015625e+01
4.497144699096679688e+01
4.458532714843750000e+01
4.247133636474609375e+01
4.308876037597656250e+01
4.454136657714843750e+01
4.596702957153320312e+01
4.425951385498046875e+01
4.416639328002929688e+01
4.608904647827148438e+01
4.535123443603515625e+01
4.731418228149414062e+01
4.323874282836914062e+01
4.455027770996093750e+01
4.637880325317382812e+01
4.511977767944335938e+01
4.703895187377929688e+01
4.516477584838867188e+01
4.902416229248046875e+01
4.540645980834960938e+01
4.487305068969726562e+01
4.664990234375000000e+01
4.631263351440429688e+01
4.704200363159179688e+01
4.563120269775390625e+01
4.500276947021484375e+01
4.552016830444335938e+01
4.887221145629882812e+01
4.582188415527343750e+01
4.718289184570312500e+01
4.604504013061523438e+01
4.540022659301757812e+01
4.637862396240234375e+01
4.628448486328125000e+01
4.598644638061523438e+01
4.735733032226562500e+01
4.632476425170898438e+01
4.636261367797851562e+01
4.835332870483398438e+01
4.621390533447265625e+01
4.538724899291992188e+01
4.636825180053710938e+01
4.727827072143554688e+01
4.563065719604492188e+01
4.650151062011718750e+01
4.694592666625976562e+01
4.866537857055664062e+01
4.711117172241210938e+01
4.546265029907226562e+01
4.983400344848632812e+01
4.680865859985351562e+01
4.725693130493164062e+01
4.707635498046875000e+01
4.419580841064453125e+01
4.484263229370117188e+01
4.694342803955078125e+01
4.918027114868164062e+01
4.640279769897460938e+01
4.631999206542968750e+01
4.467482757568359375e+01
4.441737747192382812e+01
4.501334381103515625e+01
4.307273864746093750e+01
4.502561569213867188e+01
4.335373306274414062e+01
4.712965011596679688e+01
4.485841369628906250e+01
4.411850738525390625e+01
4.346319580078125000e+01
4.555272674560546875e+01
4.605693435668945312e+01
4.460825729370117188e+01
4.645986557006835938e+01
4.721210861206054688e+01
4.601926803588867188e+01
4.772500228881835938e+01
4.706129074096679688e+01
4.792263412475585938e+01
4.781048583984375000e+01
4.598457336425781250e+01
4.842364883422851562e+01
4.767491912841796875e+01
4.683753204345703125e+01
4.933743667602539062e+01
4.806148910522460938e+01
4.653316497802734375e+01
4.692254257202148438e+01
4.716268157958984375e+01
4.734713745117187500e+01
4.717338180541992188e+01
4.991865921020507812e+01
4.606027984619140625e+01
4.772575378417968750e+01
4.917903900146484375e+01
4.763581466674804688e+01
4.716978454589843750e+01
4.476791381835937500e+01
4.559311294555664062e+01
4.936525726318359375e+01
4.911573410034179688e+01
5.083327484130859375e+01
5.006855392456054688e+01
5.223859405517578125e+01
4.977870178222656250e+01
4.932728195190429688e+01
4.723013305664062500e+01
4.863454055786132812e+01
4.656578063964843750e+01
5.034418106079101562e+01
5.451803970336914062e+01
4.803519439697265625e+01
5.057639312744140625e+01
4.700057983398437500e+01
4.890235519409179688e+01
5.037218856811523438e+01
5.106656646728515625e+01
4.394800186157226562e+01
4.871095275878906250e+01
4.715145492553710938e+01
4.997568511962890625e+01
4.688601684570312500e+01
4.943798446655273438e+01
5.091854095458984375e+01
4.725400924682617188e+01
4.416556167602539062e+01
5.001805496215820312e+01
5.091912460327148438e+01
4.765526580810546875e+01
5.151530075073242188e+01
4.758899307250976562e+01
5.066896820068359375e+01
4.904313278198242188e+01
4.737801742553710938e+01
5.098574447631835938e+01
4.897043228149414062e+01
4.780839157104492188e+01
4.942571258544921875e+01
4.748262405395507812e+01
5.005733108520507812e+01
4.769579315185546875e+01
4.851877975463867188e+01
5.025774383544921875e+01
4.709126663208007812e+01
5.141942596435546875e+01
4.764163970947265625e+01
4.893544387817382812e+01
5.079972839355468750e+01
4.814028930664062500e+01
4.823395919799804688e+01
4.949069213867187500e+01
4.955082702636718750e+01
4.875995254516601562e+01
4.895226669311523438e+01
4.958203887939453125e+01
4.986722183227539062e+01
4.824259185791015625e+01
4.638710403442382812e+01
4.812238311767578125e+01
4.829188156127929688e+01
5.093856430053710938e+01
4.603504562377929688e+01
4.932664489746093750e+01
4.959480285644531250e+01
4.969625091552734375e+01
4.957696533203125000e+01
4.551817321777343750e+01
4.982508468627929688e+01
4.577597045898437500e+01
4.954407119750976562e+01
5.343880844116210938e+01
5.073612213134765625e+01
5.151244354248046875e+01
4.837989044189453125e+01
4.776012420654296875e+01
4.724733352661132812e+01
4.965867996215820312e+01
4.803674316406250000e+01
4.845912933349609375e+01
4.870944595336914062e+01
4.707519531250000000e+01
4.942655563354492188e+01
4.904901504516601562e+01
4.767018890380859375e+01
4.463768768310546875e+01
4.534473419189453125e+01
4.484201431274414062e+01
4.618252182006835938e+01
4.713237762451171875e+01
4.965715789794921875e+01
4.470656204223632812e+01
4.464276885986328125e+01
4.374721145629882812e+01
4.713684463500976562e+01
5.167410659790039062e+01
4.596659088134765625e+01
4.306088256835937500e+01
4.840057754516601562e+01
4.540925216674804688e+01
4.505232238769531250e+01
4.559153366088867188e+01
4.617459487915039062e+01
4.547978210449218750e+01
4.506560134887695312e+01
4.403414916992187500e+01
4.364910888671875000e+01
4.465252304077148438e+01
4.061138916015625000e+01
4.267620086669921875e+01
4.401279830932617188e+01
4.713687515258789062e+01
4.612693786621093750e+01
4.920846939086914062e+01
4.462707901000976562e+01
4.647103500366210938e+01
4.504795455932617188e+01
4.386141586303710938e+01
4.622484970092773438e+01
4.695143127441406250e+01
4.229592895507812500e+01
4.435341262817382812e+01
4.618977355957031250e+01
4.776173400878906250e+01
4.472201538085937500e+01
4.455107879638671875e+01
4.741053771972656250e+01
4.639577484130859375e+01
4.514907455444335938e+01
4.749466705322265625e+01
4.810335540771484375e+01
4.681904220581054688e+01
4.510425186157226562e+01
4.681864166259765625e+01
4.234392166137695312e+01
4.485243606567382812e+01
4.234557723999023438e+01
4.447150802612304688e+01
4.639159011840820312e+01
4.253482055664062500e+01
4.637729644775390625e+01
4.192280578613281250e+01
4.324694824218750000e+01
4.736285781860351562e+01
4.629520416259765625e+01
4.969756698608398438e+01
4.494139862060546875e+01
4.481040573120117188e+01
4.274712753295898438e+01
4.672747421264648438e+01
4.243317794799804688e+01
4.457510757446289062e+01
4.486680603027343750e+01
4.429623413085937500e+01
4.868928146362304688e+01
4.206396865844726562e+01
4.285271453857421875e+01
4.670157623291015625e+01
4.013384246826171875e+01
4.160428237915039062e+01
4.626197052001953125e+01
4.806847763061523438e+01
4.726808547973632812e+01
4.441775894165039062e+01
4.535570907592773438e+01
4.105975723266601562e+01
4.846660995483398438e+01
4.470000076293945312e+01
5.012324142456054688e+01
4.933432769775390625e+01
4.714994430541992188e+01
4.570408248901367188e+01
4.455732727050781250e+01
4.263253021240234375e+01
4.873393249511718750e+01
4.915074157714843750e+01
4.812846755981445312e+01
4.621931076049804688e+01
4.670943450927734375e+01
4.626609420776367188e+01
4.556033325195312500e+01
5.386764907836914062e+01
5.332509994506835938e+01
5.464527130126953125e+01
4.531977081298828125e+01
4.789227294921875000e+01
5.134189987182617188e+01
4.689479827880859375e+01
5.461766433715820312e+01
4.907500839233398438e+01
4.599773025512695312e+01
5.226667022705078125e+01
5.461787414550781250e+01
5.094100189208984375e+01
5.318928909301757812e+01
5.618990325927734375e+01
5.096456909179687500e+01
5.099529647827148438e+01
5.048112869262695312e+01
4.905021667480468750e+01
5.352907943725585938e+01
5.301361846923828125e+01
5.478520202636718750e+01
5.213531875610351562e+01
5.697358322143554688e+01
5.128269577026367188e+01
4.600070190429687500e+01
5.267987823486328125e+01
4.859980392456054688e+01
5.066852951049804688e+01
5.275209426879882812e+01
5.392176437377929688e+01
5.618494796752929688e+01
5.593493270874023438e+01
5.307207870483398438e+01
5.841144943237304688e+01
5.905089569091796875e+01
5.874539566040039062e+01
5.452634429931640625e+01
5.223970413208007812e+01
5.604968643188476562e+01
5.244443130493164062e+01
5.554579162597656250e+01
5.205419158935546875e+01
5.346782684326171875e+01
5.959284591674804688e+01
5.678733444213867188e+01
5.735385894775390625e+01
5.258418655395507812e+01
5.190713119506835938e+01
6.018263244628906250e+01
5.587971115112304688e+01
5.817961883544921875e+01
5.673908615112304688e+01
5.906374359130859375e+01
6.096902465820312500e+01
6.013321685791015625e+01
6.159197235107421875e+01
5.540215682983398438e+01
5.791862487792968750e+01
5.936711883544921875e+01
5.546851730346679688e+01
5.617688369750976562e+01
5.475172805786132812e+01
5.542118835449218750e+01
5.439562988281250000e+01
5.697547531127929688e+01
5.706907272338867188e+01
5.550981903076171875e+01
5.389724349975585938e+01
5.384828567504882812e+01
5.585860824584960938e+01
5.752000808715820312e+01
5.039465713500976562e+01
5.315092086791992188e+01
5.731620025634765625e+01
5.026470947265625000e+01
5.495838928222656250e+01
5.182180404663085938e+01
5.273718261718750000e+01
5.629468536376953125e+01
5.410475158691406250e+01
6.025632095336914062e+01
5.761161422729492188e+01
5.401155471801757812e+01
5.659135055541992188e+01
5.403470993041992188e+01
5.554853057861328125e+01
5.689152526855468750e+01
5.620243453979492188e+01
5.102039337158203125e+01
5.134860610961914062e+01
5.673241424560546875e+01
5.852572631835937500e+01
5.902580261230468750e+01
5.762582015991210938e+01
5.453892898559570312e+01
5.660010910034179688e+01
5.980419540405273438e+01
6.092850875854492188e+01
6.260374069213867188e+01
5.979207992553710938e+01
4.856091308593750000e+01
5.868323516845703125e+01
5.934135437011718750e+01
5.850777435302734375e+01
5.515220260620117188e+01
5.345938491821289062e+01
6.397723388671875000e+01
5.539523696899414062e+01
5.497789764404296875e+01
5.898669433593750000e+01
5.860385513305664062e+01
6.179933547973632812e+01
5.848522949218750000e+01
5.812120819091796875e+01
6.320380020141601562e+01
6.295763015747070312e+01
6.875348663330078125e+01
6.954379272460937500e+01
6.372537612915039062e+01
5.928082656860351562e+01
6.761244201660156250e+01
5.191289138793945312e+01
5.834910202026367188e+01
5.897169494628906250e+01
6.192035675048828125e+01
5.813851928710937500e+01
5.973073577880859375e+01
6.408579254150390625e+01
5.807888412475585938e+01
6.210428237915039062e+01
5.635503768920898438e+01
5.728087615966796875e+01
6.166510772705078125e+01
6.210341644287109375e+01
5.976520538330078125e+01
5.713268661499023438e+01
5.574117279052734375e+01
5.910346984863281250e+01
5.613027954101562500e+01
5.494525527954101562e+01
5.703956222534179688e+01
5.941925430297851562e+01
6.080085754394531250e+01
6.006047058105468750e+01
6.755548095703125000e+01
6.200159835815429688e+01
5.260729598999023438e+01
6.515484619140625000e+01
6.776184082031250000e+01
6.372932052612304688e+01
6.689189147949218750e+01
6.892106628417968750e+01
6.246592712402343750e+01
5.894878005981445312e+01
6.145675659179687500e+01
5.700728988647460938e+01
6.327870941162109375e+01
6.266301727294921875e+01
6.323883438110351562e+01
6.138543701171875000e+01
6.053448486328125000e+01
5.894056701660156250e+01
6.483197784423828125e+01
6.496649932861328125e+01
6.198595809936523438e+01
6.640137481689453125e+01
6.813539123535156250e+01
6.817877960205078125e+01
6.769889068603515625e+01
6.890631103515625000e+01
6.224509429931640625e+01
6.568848419189453125e+01
5.818035125732421875e+01
5.919707870483398438e+01
6.608764648437500000e+01
6.369978332519531250e+01
6.330842208862304688e+01
6.212401580810546875e+01
6.160724258422851562e+01
6.590589141845703125e+01
6.001861572265625000e+01
6.521209716796875000e+01
6.323894500732421875e+01
6.758839416503906250e+01
6.248722839355468750e+01
7.201954650878906250e+01
6.992057800292968750e+01
6.797632598876953125e+01
6.938771057128906250e+01
6.127663803100585938e+01
6.346018600463867188e+01
6.453500366210937500e+01
7.004498291015625000e+01
6.466948699951171875e+01
6.215703201293945312e+01
6.409595489501953125e+01
6.069040298461914062e+01
6.773266601562500000e+01
6.571401214599609375e+01
6.445083618164062500e+01
6.455368041992187500e+01
6.248659515380859375e+01
6.592060852050781250e+01
7.048130035400390625e+01
6.913568878173828125e+01
5.859154891967773438e+01
6.201819229125976562e+01
6.563897705078125000e+01
6.585379028320312500e+01
6.420996856689453125e+01
6.487718200683593750e+01
6.491067504882812500e+01
6.566254425048828125e+01
6.419657897949218750e+01
6.076091766357421875e+01
6.631810760498046875e+01
6.467513275146484375e+01
6.179150009155273438e+01
6.599773406982421875e+01
6.711074066162109375e+01
6.382415771484375000e+01
6.735050201416015625e+01
6.456349182128906250e+01
6.652887725830078125e+01
7.090245819091796875e+01
6.971608734130859375e+01
7.217931365966796875e+01
7.001796722412109375e+01
6.390964126586914062e+01
7.040014648437500000e+01
6.153105545043945312e+01
7.622295379638671875e+01
7.544744873046875000e+01
6.695653533935546875e+01
7.311579132080078125e+01
7.223449707031250000e+01
6.638585662841796875e+01
6.465193176269531250e+01
7.200712585449218750e+01
6.499253845214843750e+01
7.234388732910156250e+01
7.083220672607421875e+01
7.827659606933593750e+01
6.841130065917968750e+01
7.122235870361328125e+01
6.607910919189453125e+01
7.143325042724609375e+01
7.207135772705078125e+01
6.797241210937500000e+01
7.246851348876953125e+01
7.579200744628906250e+01
7.248207092285156250e+01
7.651638031005859375e+01
7.354981994628906250e+01
7.446032714843750000e+01
7.356253814697265625e+01
7.626984405517578125e+01
7.520568847656250000e+01
6.994902801513671875e+01
7.157325744628906250e+01
7.072438812255859375e+01
8.155356597900390625e+01
7.673556518554687500e+01
7.100238800048828125e+01
6.706709289550781250e+01
8.798981475830078125e+01
7.430691528320312500e+01
7.439732360839843750e+01
7.963436126708984375e+01
7.805992889404296875e+01
7.101787567138671875e+01
6.887799072265625000e+01
8.122055053710937500e+01
7.309567260742187500e+01
7.783931732177734375e+01
7.420191192626953125e+01
7.288466644287109375e+01
7.220728302001953125e+01
7.857243347167968750e+01
7.699903106689453125e+01
7.899198150634765625e+01
7.327748870849609375e+01
7.640652465820312500e+01
7.420436096191406250e+01
7.246782684326171875e+01
8.555805969238281250e+01
7.156404876708984375e+01
7.763198089599609375e+01
7.664515686035156250e+01
7.449590301513671875e+01
7.591548156738281250e+01
7.095076751708984375e+01
7.893312072753906250e+01
6.493917846679687500e+01
6.869176483154296875e+01
7.268126678466796875e+01
6.999262237548828125e+01
7.447472381591796875e+01
7.083456420898437500e+01
7.079978179931640625e+01
7.216936492919921875e+01
6.618709564208984375e+01
6.810314941406250000e+01
6.733286285400390625e+01
7.859037780761718750e+01
6.371495056152343750e+01
6.994654846191406250e+01
6.496510314941406250e+01
6.240874099731445312e+01
6.324242019653320312e+01
6.972126770019531250e+01
7.137701416015625000e+01
7.003476715087890625e+01
7.120874786376953125e+01
6.544170379638671875e+01
7.153330993652343750e+01
6.814566040039062500e+01
7.035253143310546875e+01
6.870559692382812500e+01
7.160997772216796875e+01
6.358407974243164062e+01
6.730920410156250000e+01
8.002758789062500000e+01
7.102224731445312500e+01
7.603981018066406250e+01
7.369684600830078125e+01
7.148051452636718750e+01
7.290754699707031250e+01
7.499053192138671875e+01
7.063060760498046875e+01
6.559881591796875000e+01
7.477046203613281250e+01
6.776011657714843750e+01
7.013669586181640625e+01
7.224559783935546875e+01
7.371105957031250000e+01
6.938370513916015625e+01
7.524486541748046875e+01
6.371261596679687500e+01
6.960863494873046875e+01
7.541919708251953125e+01
7.726298522949218750e+01
7.485491943359375000e+01
7.496963500976562500e+01
7.060209655761718750e+01
7.256664276123046875e+01
7.040563201904296875e+01
6.400928497314453125e+01
6.997724151611328125e+01
7.398407745361328125e+01
6.931365966796875000e+01
7.497480773925781250e+01
7.215609741210937500e+01
7.329267120361328125e+01
7.481682586669921875e+01
7.982921600341796875e+01
8.267723083496093750e+01
7.970118713378906250e+01
7.341158294677734375e+01
7.079057312011718750e+01
7.565048980712890625e+01
7.581349945068359375e+01
7.643701934814453125e+01
8.739981842041015625e+01
8.660153961181640625e+01
8.664412689208984375e+01
8.665863800048828125e+01
8.289134216308593750e+01
7.282176971435546875e+01
7.564635467529296875e+01
7.607906341552734375e+01
7.705473327636718750e+01
8.256729125976562500e+01
7.508248138427734375e+01
7.762814331054687500e+01
6.975637817382812500e+01
6.776213836669921875e+01
7.746484375000000000e+01
8.128602600097656250e+01
6.539553070068359375e+01
7.376630401611328125e+01
7.825845336914062500e+01
6.971562957763671875e+01
8.195083618164062500e+01
7.563773345947265625e+01
7.457237243652343750e+01
7.748040771484375000e+01
6.840276336669921875e+01
7.020293426513671875e+01
7.544132232666015625e+01
7.019113922119140625e+01
7.137268066406250000e+01
7.344202423095703125e+01
7.361177825927734375e+01
8.263077545166015625e+01
7.075020599365234375e+01
6.751450347900390625e+01
6.856157684326171875e+01
6.810757446289062500e+01
7.163050842285156250e+01
6.694614410400390625e+01
7.503858947753906250e+01
6.710045623779296875e+01
7.498701477050781250e+01
7.331201934814453125e+01
6.735540771484375000e+01
7.014703369140625000e+01
6.470185852050781250e+01
6.667434692382812500e+01
6.085670089721679688e+01
7.378705596923828125e+01
8.360218811035156250e+01
7.581155395507812500e+01
7.017747497558593750e+01
6.757221984863281250e+01
6.833911132812500000e+01
6.880402374267578125e+01
7.467739105224609375e+01
7.316112518310546875e+01
7.655301666259765625e+01
7.742654418945312500e+01
7.507454681396484375e+01
7.476677703857421875e+01
8.246673583984375000e+01
6.582260894775390625e+01
8.098325347900390625e+01
7.643742370605468750e+01
6.882435607910156250e+01
8.160163879394531250e+01
7.270613861083984375e+01
8.552315521240234375e+01
7.952145385742187500e+01
6.534926605224609375e+01
6.708390808105468750e+01
7.529070281982421875e+01
6.703543853759765625e+01
6.993402862548828125e+01
7.239642333984375000e+01
6.881061553955078125e+01
7.149182891845703125e+01
8.513668823242187500e+01
7.289587402343750000e+01
6.945677185058593750e+01
7.059674835205078125e+01
6.669101715087890625e+01
6.656311035156250000e+01
6.162077331542968750e+01
6.628395080566406250e+01
6.685627746582031250e+01
7.005638885498046875e+01
7.534818267822265625e+01
7.234428405761718750e+01
7.018381500244140625e+01
7.182007598876953125e+01
6.762770843505859375e+01
6.210153198242187500e+01
7.195568847656250000e+01
6.992852783203125000e+01
6.930683898925781250e+01
7.155312347412109375e+01
6.473142242431640625e+01
7.077075958251953125e+01
7.171596527099609375e+01
6.670588684082031250e+01
7.884695434570312500e+01
7.196121215820312500e+01
6.827767181396484375e+01
6.484851074218750000e+01
6.308397674560546875e+01
6.407316589355468750e+01
6.646755981445312500e+01
6.749580383300781250e+01
7.235041809082031250e+01
6.401921844482421875e+01
6.752086639404296875e+01
6.957271575927734375e+01
6.010496139526367188e+01
7.551483154296875000e+01
6.804904937744140625e+01
8.523877716064453125e+01
7.846559143066406250e+01
5.994602203369140625e+01
7.300856781005859375e+01
6.590243530273437500e+01
7.720870971679687500e+01
6.651544952392578125e+01
6.325936889648437500e+01
6.937911987304687500e+01
7.664059448242187500e+01
6.242996597290039062e+01
7.111247253417968750e+01
6.666381072998046875e+01
7.271866607666015625e+01
7.263571929931640625e+01
6.883641815185546875e+01
6.273713684082031250e+01
7.218978881835937500e+01
7.124401855468750000e+01
6.868397521972656250e+01
7.000786590576171875e+01
6.807936096191406250e+01
7.064732360839843750e+01
6.853521728515625000e+01
6.986382293701171875e+01
6.847726440429687500e+01
6.979859161376953125e+01
7.199623870849609375e+01
8.307617187500000000e+01
7.321859741210937500e+01
7.405792236328125000e+01
6.591548919677734375e+01
7.256796264648437500e+01
7.391329193115234375e+01
7.403482055664062500e+01
6.531586456298828125e+01
7.307125854492187500e+01
7.957711029052734375e+01
7.108771514892578125e+01
6.825171661376953125e+01
7.736071014404296875e+01
7.485427856445312500e+01
7.159587097167968750e+01
7.722853088378906250e+01
6.926166534423828125e+01
5.815510177612304688e+01
6.680245971679687500e+01
6.378005599975585938e+01
6.706123352050781250e+01
7.211166381835937500e+01
6.662685394287109375e+01
7.835648345947265625e+01
7.366365051269531250e+01
6.915873718261718750e+01
6.843795013427734375e+01
6.566809082031250000e+01
7.653493499755859375e+01
6.445277404785156250e+01
7.127075195312500000e+01
6.995738983154296875e+01
8.146742248535156250e+01
6.720867156982421875e+01
7.218112182617187500e+01
6.442893218994140625e+01
6.943321990966796875e+01
8.120063781738281250e+01
7.427497863769531250e+01
8.135272216796875000e+01
6.781582641601562500e+01
6.856951904296875000e+01
7.255673217773437500e+01
6.940328216552734375e+01
8.080440521240234375e+01
6.971190643310546875e+01
7.902568817138671875e+01
6.717916107177734375e+01
7.448434448242187500e+01
7.577546691894531250e+01
8.388106536865234375e+01
8.004882049560546875e+01
7.773731994628906250e+01
7.059212493896484375e+01
7.917340087890625000e+01
8.311647796630859375e+01
7.477731323242187500e+01
7.355822753906250000e+01
7.401903533935546875e+01
6.592391967773437500e+01
7.812828063964843750e+01
8.007124328613281250e+01
7.447919464111328125e+01
7.062073516845703125e+01
7.600362396240234375e+01
7.377076721191406250e+01
7.356101226806640625e+01
7.669419097900390625e+01
7.425615692138671875e+01
7.583536529541015625e+01
7.841381835937500000e+01
6.685748291015625000e+01
8.625817108154296875e+01
8.262279510498046875e+01
7.274247741699218750e+01
8.509126281738281250e+01
8.249331665039062500e+01
7.678998565673828125e+01
7.329071044921875000e+01
8.081534576416015625e+01
7.679327392578125000e+01
7.820061492919921875e+01
8.076064300537109375e+01
7.613681030273437500e+01
8.179250335693359375e+01
8.026816558837890625e+01
7.387537384033203125e+01
7.699211120605468750e+01
7.045378112792968750e+01
7.621647644042968750e+01
8.523326873779296875e+01
7.452467346191406250e+01
7.116841125488281250e+01
7.602909088134765625e+01
7.823986053466796875e+01
8.458471679687500000e+01
7.171195220947265625e+01
7.728768157958984375e+01
6.984365844726562500e+01
7.552838134765625000e+01
7.518329620361328125e+01
6.925741577148437500e+01
7.666688537597656250e+01
7.092626190185546875e+01
7.591519165039062500e+01
7.089350128173828125e+01
7.004557800292968750e+01
6.793174743652343750e+01
7.644801330566406250e+01
6.581674957275390625e+01
7.116119384765625000e+01
6.431660461425781250e+01
7.497504425048828125e+01
7.698969268798828125e+01
7.931837463378906250e+01
6.747177886962890625e+01
7.087787628173828125e+01
6.773575592041015625e+01
7.306210327148437500e+01
7.436153411865234375e+01
6.894076538085937500e+01
6.738287353515625000e+01
6.659887695312500000e+01
6.940876770019531250e+01
6.722313690185546875e+01
7.175091552734375000e+01
7.616976928710937500e+01
6.603988647460937500e+01
7.297129821777343750e+01
7.356109619140625000e+01
6.672332763671875000e+01
7.179025268554687500e+01
6.787369537353515625e+01
6.163398361206054688e+01
6.886994171142578125e+01
7.544132995605468750e+01
7.334010314941406250e+01
7.504904937744140625e+01
6.486830139160156250e+01
7.133465576171875000e+01
7.442226409912109375e+01
6.541124725341796875e+01
6.920488739013671875e+01
6.790199279785156250e+01
6.458906555175781250e+01
7.825804901123046875e+01
6.666938781738281250e+01
7.687651824951171875e+01
6.875872802734375000e+01
6.320458984375000000e+01
7.586965942382812500e+01
7.034347534179687500e+01
6.938031768798828125e+01
6.596537780761718750e+01
7.939663696289062500e+01
6.606997680664062500e+01
7.193373107910156250e+01
6.897846221923828125e+01
7.095330810546875000e+01
7.334788513183593750e+01
7.724969482421875000e+01
7.547631072998046875e+01
7.948004913330078125e+01
7.563087463378906250e+01
8.055982208251953125e+01
8.010336303710937500e+01
7.343371582031250000e+01
7.397286987304687500e+01
7.400250244140625000e+01
7.915304565429687500e+01
7.465135955810546875e+01
7.628443145751953125e+01
8.319138336181640625e+01
8.739639282226562500e+01
8.561015319824218750e+01
8.090016937255859375e+01
8.950950622558593750e+01
8.147483825683593750e+01
7.446534729003906250e+01
7.798248291015625000e+01
7.150720214843750000e+01
7.555954742431640625e+01
7.517967224121093750e+01
7.005503845214843750e+01
7.019282531738281250e+01
9.284958648681640625e+01
8.280058288574218750e+01
7.837346649169921875e+01
8.417965698242187500e+01
8.463497924804687500e+01
7.353884124755859375e+01
8.997529602050781250e+01
7.457967376708984375e+01
8.377231597900390625e+01
8.643851470947265625e+01
8.344957733154296875e+01
7.370736694335937500e+01
7.989791107177734375e+01
8.120814514160156250e+01
7.811703491210937500e+01
7.453211975097656250e+01
7.126720428466796875e+01
8.417259216308593750e+01
8.552624511718750000e+01
7.592608642578125000e+01
8.778693389892578125e+01
6.718191528320312500e+01
7.642367553710937500e+01
7.664228057861328125e+01
7.173000335693359375e+01
7.576683807373046875e+01
7.603579711914062500e+01
7.793506622314453125e+01
7.942911529541015625e+01
7.919550323486328125e+01
8.534034729003906250e+01
8.037136840820312500e+01
8.446347045898437500e+01
7.708255767822265625e+01
7.375496673583984375e+01
7.512082672119140625e+01
8.277179718017578125e+01
7.789929962158203125e+01
7.386382293701171875e+01
8.665299987792968750e+01
8.300894165039062500e+01
7.960957336425781250e+01
8.356710815429687500e+01
8.844223785400390625e+01
8.365927124023437500e+01
8.941017913818359375e+01
8.646655273437500000e+01
9.211056518554687500e+01
7.573519897460937500e+01
8.886958312988281250e+01
8.817536926269531250e+01
8.470101928710937500e+01
9.021642303466796875e+01
8.101438903808593750e+01
7.742585754394531250e+01
8.422744750976562500e+01
8.803379821777343750e+01
7.496484375000000000e+01
8.920789337158203125e+01
7.530304718017578125e+01
8.278758239746093750e+01
8.954792022705078125e+01
8.993352508544921875e+01
9.613742828369140625e+01
8.138501739501953125e+01
8.030203247070312500e+01
8.208620452880859375e+01
9.051004028320312500e+01
9.571990203857421875e+01
8.306679534912109375e+01
7.372801208496093750e+01
8.849156188964843750e+01
7.694137573242187500e+01
9.950351715087890625e+01
8.376924896240234375e+01
9.091538238525390625e+01
8.033317565917968750e+01
8.493293762207031250e+01
9.530776977539062500e+01
1.036268997192382812e+02
9.491901397705078125e+01
9.400033569335937500e+01
1.089215011596679688e+02
8.459078216552734375e+01
8.201271057128906250e+01
9.007785797119140625e+01
8.164636230468750000e+01
8.871144104003906250e+01
9.511603546142578125e+01
9.126300048828125000e+01
7.917812347412109375e+01
8.837818908691406250e+01
8.953197479248046875e+01
9.226051330566406250e+01
8.970120239257812500e+01
9.718237304687500000e+01
8.684039306640625000e+01
9.851272583007812500e+01
8.820027923583984375e+01
8.822425079345703125e+01
9.535980987548828125e+01
1.049684219360351562e+02
8.938581085205078125e+01
1.016421432495117188e+02
9.478250122070312500e+01
9.881977844238281250e+01
9.941456604003906250e+01
9.317132568359375000e+01
8.959290313720703125e+01
9.657943725585937500e+01
9.289651489257812500e+01
9.051013183593750000e+01
9.545822143554687500e+01
9.690586853027343750e+01
9.617909240722656250e+01
1.015310287475585938e+02
1.015834197998046875e+02
9.298118591308593750e+01
8.872209167480468750e+01
9.544525146484375000e+01
9.731559753417968750e+01
8.809309387207031250e+01
8.922728729248046875e+01
9.865045166015625000e+01
9.316854095458984375e+01
9.280886077880859375e+01
9.012095642089843750e+01
9.282798767089843750e+01
8.217524719238281250e+01
9.392497253417968750e+01
8.877717590332031250e+01
9.066440582275390625e+01
8.644858551025390625e+01
9.451823425292968750e+01
8.372259521484375000e+01
9.055001068115234375e+01
9.229587554931640625e+01
7.677359008789062500e+01
9.606164550781250000e+01
8.465206146240234375e+01
1.034437942504882812e+02
9.161397552490234375e+01
8.945558166503906250e+01
9.527795410156250000e+01
8.591699218750000000e+01
9.269615936279296875e+01
9.697164154052734375e+01
8.372276306152343750e+01
8.598211669921875000e+01
7.782985687255859375e+01
9.049818420410156250e+01
9.482022094726562500e+01
8.751387786865234375e+01
9.392874145507812500e+01
8.906312561035156250e+01
7.825640869140625000e+01
8.636056518554687500e+01
9.181698608398437500e+01
8.141149902343750000e+01
9.104751586914062500e+01
8.163965606689453125e+01
9.303882598876953125e+01
8.548532104492187500e+01
9.007859039306640625e+01
8.590829467773437500e+01
8.843759918212890625e+01
7.854190826416015625e+01
9.471659088134765625e+01
8.634910583496093750e+01
8.737476348876953125e+01
8.433609008789062500e+01
7.824272155761718750e+01
8.632604217529296875e+01
8.453454589843750000e+01
7.919419860839843750e+01
8.480442810058593750e+01
8.972474670410156250e+01
8.331203460693359375e+01
8.758112335205078125e+01
8.692570495605468750e+01
9.177950286865234375e+01
8.633207702636718750e+01
7.950642395019531250e+01
8.250428009033203125e+01
9.106382751464843750e+01
8.581767272949218750e+01
9.006881713867187500e+01
8.824706268310546875e+01
9.081375122070312500e+01
9.165179443359375000e+01
8.380474853515625000e+01
9.452642059326171875e+01
8.388988494873046875e+01
8.474742126464843750e+01
7.829269409179687500e+01
8.732492065429687500e+01
8.433728027343750000e+01
8.321160888671875000e+01
8.478881072998046875e+01
1.019673385620117188e+02
9.300363159179687500e+01
1.007537002563476562e+02
1.072384185791015625e+02
9.286394500732421875e+01
9.386556243896484375e+01
9.120436096191406250e+01
9.895990753173828125e+01
9.386570739746093750e+01
9.401366424560546875e+01
1.048923110961914062e+02
9.823645782470703125e+01
8.829084014892578125e+01
9.189762878417968750e+01
9.778429412841796875e+01
9.931719970703125000e+01
9.227668762207031250e+01
8.548981475830078125e+01
8.836167907714843750e+01
9.637055969238281250e+01
8.965139007568359375e+01
8.683453369140625000e+01
9.007983398437500000e+01
8.895450592041015625e+01
9.085440826416015625e+01
9.137832641601562500e+01
8.992922210693359375e+01
8.355848693847656250e+01
9.054555511474609375e+01
9.614621734619140625e+01
8.039026641845703125e+01
9.496881103515625000e+01
9.093260955810546875e+01
8.646762847900390625e+01
1.060412750244140625e+02
9.567945098876953125e+01
9.563398742675781250e+01
8.245096588134765625e+01
9.486051940917968750e+01
8.517407989501953125e+01
8.482670593261718750e+01
9.734395599365234375e+01
9.726792144775390625e+01
9.564639282226562500e+01
