-3.238896278778022975e+02
-1.299184524089458250e+02
1.381313226338198490e+02
1.047189586602250984e+02
3.185841325598200342e+02
3.556720706969629759e+02
3.453159213844509168e+02
4.554677219553362875e+02
6.102828770837315915e+02
6.674369646946432795e+02
6.227995865037349859e+02
5.862432267774538559e+02
5.830084505510918689e+02
4.786278551916786341e+02
4.815197410363710446e+02
4.895563518399053464e+02
5.012986005755379892e+02
5.388537139325281942e+02
5.435147113452323993e+02
5.188213221073750674e+02
5.873680802131295877e+02
6.005184640898230555e+02
4.863336686973829046e+02
5.051182420835625635e+02
7.021198620957216008e+02
6.577165441822103276e+02
5.311149758393419233e+02
6.668148845898556374e+02
5.377129768761011519e+02
7.228631687395464951e+02
6.188157489487117573e+02
5.634968499705370277e+02
7.466043527293497846e+02
6.779316542953064300e+02
6.626018854433169736e+02
5.037701519316315171e+02
4.092634922832028224e+02
4.719831371986434760e+02
2.836058610143514898e+02
5.256365912455065654e+02
4.494129560912256238e+02
4.087140532794876435e+02
6.946686240210071901e+02
7.220560691077868114e+02
1.028135557263527744e+03
1.099947212985557371e+03
1.254350656758711466e+03
1.118972329615996159e+03
1.091875483276896603e+03
9.485341058254468862e+02
1.021024479749270540e+03
1.193943710671184135e+03
1.202469590514741412e+03
1.146269914260935593e+03
1.116038583328494497e+03
1.248641973625028186e+03
1.231771854140568394e+03
9.505792274251713252e+02
1.285193017978745956e+03
9.383892641297703676e+02
1.300832125336544095e+03
1.396109181841119380e+03
1.132997937134169661e+03
1.167263636496600839e+03
6.513200317356895539e+02
1.470844518374754443e+03
1.451634492779016455e+03
1.292825611959294520e+03
7.613251682314655682e+02
1.257313512500158822e+03
1.102437065247700502e+03
1.145825554655359838e+03
1.282971299020448214e+03
1.222223484595849413e+03
1.385899258704643898e+03
1.141793985324755113e+03
1.404672293645089212e+03
1.828686677235929437e+03
2.068224184292350856e+03
1.826164919867906519e+03
1.500471217179700488e+03
2.156461628159034717e+03
2.009564144606486934e+03
1.923925173766518128e+03
1.802414277304622374e+03
1.802177623215215817e+03
1.868582290179843085e+03
1.813330908334533433e+03
2.029892393753137640e+03
2.005968929409505336e+03
1.987566930112136788e+03
2.236747783214851097e+03
1.863537646174309657e+03
2.156581464131558278e+03
1.980604183611942517e+03
2.395139070883417844e+03
2.123051601597034278e+03
2.278029025923741756e+03
2.160542824285461393e+03
2.170726254985961532e+03
1.709190271225885226e+03
2.274431004490266332e+03
2.293436706625436273e+03
2.005404822145829939e+03
1.962407635280701243e+03
1.637815990474780847e+03
1.930326408741608930e+03
1.391067313191813128e+03
1.986180021651892503e+03
1.912577311165491892e+03
2.596884386072142206e+03
2.389750639188629521e+03
2.549117481356893222e+03
1.900704161513202735e+03
2.497481787897057529e+03
2.567795033575695470e+03
2.247328517294475660e+03
2.296498510084072677e+03
2.371529795933944115e+03
2.330917369374287773e+03
2.329157028940842338e+03
2.449730638069392171e+03
2.528812119007759065e+03
2.380176227237986950e+03
2.521580821712884699e+03
2.582121073456958584e+03
2.022317957257006810e+03
2.340927672967326998e+03
2.168119115201418481e+03
2.472502598111886073e+03
2.512791343206738475e+03
2.022295709163674019e+03
2.540362163965758100e+03
2.151119356184475237e+03
2.644998585390174867e+03
2.440208316426901547e+03
2.105713925795475006e+03
1.968371765285280617e+03
2.324980582894791496e+03
2.790443550008983038e+03
2.516483043358397026e+03
2.717537289897070423e+03
2.536963501493374679e+03
2.714397748831580429e+03
2.330250788042426848e+03
2.273757679469165851e+03
2.426480762299739581e+03
2.333259800172938867e+03
2.383815822533837490e+03
2.397638140295027370e+03
2.541140883561328337e+03
2.571510972799943829e+03
2.817888109728063682e+03
2.507330554997045510e+03
2.457667956599305853e+03
1.991053260254300312e+03
2.278662345161945268e+03
2.402168046194977705e+03
2.488225905187897297e+03
2.624651829224792436e+03
1.938118550641403317e+03
2.578130666438721164e+03
1.917142514860484425e+03
2.687648235613457018e+03
2.483132837513854156e+03
2.482597270566798670e+03
2.503481838374531435e+03
2.407778491848051999e+03
2.761065016994128655e+03
2.949946291350464890e+03
2.627597300171895313e+03
2.826542745759130867e+03
2.394387364124612759e+03
2.415001134536526934e+03
2.776620350428576330e+03
1.921075073232295154e+03
2.660643282049869413e+03
2.423928970160169229e+03
1.623690750063623909e+03
2.082412059204970319e+03
2.804184728665583862e+03
2.330632427064340845e+03
2.588719047962209061e+03
2.043729401312638174e+03
2.538498048536493570e+03
2.607613607994452650e+03
2.501412961013503264e+03
2.348395491816062531e+03
1.671195637336815253e+03
2.532218224154666132e+03
2.848457155524344216e+03
2.801129599880555361e+03
2.863169604375541439e+03
2.575376379636662023e+03
2.182859583884468520e+03
2.457470553999965887e+03
1.988596932879251881e+03
2.694099779253339420e+03
1.912197144017582787e+03
1.980837108907815036e+03
1.891784536097922000e+03
