-3.995580023092131228e+02
1.522633872485911297e+02
1.862849330775333669e+02
2.280842181211583011e+02
3.442182599792953397e+02
4.268279630476391731e+02
4.927881128095546046e+02
5.066907213587527394e+02
5.454365462182738611e+02
4.830484795903461190e+02
5.420977504646605212e+02
5.572408519702080412e+02
5.532242355570884911e+02
6.097280925050201859e+02
6.198542668439138197e+02
6.428558384712320048e+02
6.323260552100015275e+02
6.797995902178371352e+02
6.135287642244322797e+02
5.419747641630864337e+02
4.853033674097979429e+02
4.903994606874346687e+02
4.087138280764126534e+02
3.521707398580629729e+02
3.879678895833632168e+02
2.894341358014861498e+02
3.882233501076460698e+02
3.499741077890212750e+02
2.401828819688586805e+02
3.132126149558581574e+02
3.285513663936629314e+02
3.329850768568430794e+02
3.541252998436449388e+02
2.286273536890330433e+02
2.899748661619014456e+02
3.835275780034492641e+02
4.746277475882145040e+02
3.539665609270089703e+02
3.511205423889441590e+02
3.714975195084192023e+02
3.820275703628050223e+02
3.525134653621352641e+02
3.772910794373024146e+02
4.057483503189093312e+02
3.707826797953632649e+02
4.813403493602097001e+02
4.191960324877341009e+02
4.708146091189038316e+02
4.088829200054907460e+02
4.921498617163862832e+02
4.327671037121759809e+02
3.248426803979078272e+02
5.316341563053814525e+02
4.600627225645815770e+02
5.299496016777192153e+02
5.457445522474565678e+02
4.839446895834147426e+02
5.964289154600168104e+02
6.343716298618626297e+02
5.028118890459624595e+02
4.602323876637301510e+02
7.441973225641438603e+02
6.965046317454429072e+02
3.642293530482060078e+02
6.632226551334089208e+02
5.768719948147654577e+02
5.769513993285174820e+02
8.504954243961416296e+02
6.348124882210803435e+02
8.416604891535586148e+02
7.638245111546531234e+02
8.906415565380964381e+02
9.908022876442512370e+02
9.825160478376479887e+02
1.140830879578638815e+03
1.130769119842110285e+03
1.303413319004033156e+03
9.634163481294126541e+02
1.307648176794906703e+03
1.092393788918931932e+03
1.017129891400512520e+03
1.215751614931218910e+03
1.422336293135260348e+03
1.192905651975248702e+03
1.099465403815491527e+03
1.245191003999913391e+03
1.196729183001559704e+03
1.350543108462336249e+03
1.246727892351181481e+03
8.641867637765138852e+02
1.264716922521104607e+03
1.056960528438012943e+03
1.373099849147447003e+03
1.379977788011166695e+03
9.584832218452098687e+02
1.085599990665941277e+03
1.384097740961644831e+03
1.223523271824102494e+03
1.500501686395437218e+03
1.192114366409340164e+03
1.362299091691168542e+03
1.542331214938180665e+03
1.451639348752956948e+03
1.299900114995568401e+03
1.622248115264445232e+03
1.624428327460637547e+03
1.208724698545451474e+03
1.217473163470574036e+03
9.297265393969355500e+02
1.208793076420072339e+03
1.566670062611459343e+03
1.872233172023151155e+03
1.717630331535360256e+03
1.929809465454724432e+03
1.758942083786969306e+03
2.042294306159085636e+03
1.847620676506759992e+03
1.014735679620785390e+03
1.865509835093319907e+03
1.556019275669756553e+03
1.554023416743735197e+03
1.745597674538781121e+03
1.837585439374180623e+03
1.746064155338133105e+03
1.948158927668037450e+03
1.648265774403820615e+03
1.567522917631979908e+03
1.509501584389158324e+03
1.699508700883832262e+03
1.967349116964989207e+03
1.536325891350853453e+03
1.695662164595572222e+03
1.874151406148731894e+03
1.640745169786180440e+03
2.187242095890263045e+03
1.733140773927779719e+03
1.869938966515107722e+03
2.201954152086762861e+03
1.674923574326304106e+03
1.922393525936441165e+03
1.622728909587223370e+03
1.959316578595269675e+03
2.124519289105697680e+03
2.004975101817234190e+03
2.099442199905990037e+03
1.682775797993433571e+03
2.313918998369880228e+03
2.004625442656898031e+03
1.761780764519316335e+03
2.222663712148039849e+03
2.187434322910864012e+03
1.882183120098790141e+03
2.186180874113407299e+03
1.787950664262300734e+03
1.634215423609868822e+03
2.290665031847344380e+03
1.965289933163906881e+03
2.631899201486893617e+03
2.208747890594495402e+03
2.436778709129439449e+03
2.124508545570228762e+03
2.184975881962662697e+03
1.963794079172180545e+03
1.990029181347377062e+03
2.298161857952031824e+03
2.759994030566972469e+03
2.309212759102315431e+03
2.601609818486750100e+03
2.475275838237259904e+03
2.430217745222832036e+03
2.080386644933641037e+03
2.540740780814614482e+03
2.231938636245826274e+03
1.051960857157069086e+03
2.736740232561750418e+03
2.701807953354902565e+03
1.639926811074339184e+03
1.501539444339606462e+03
2.438520193254050355e+03
2.285259924266854796e+03
2.162646686243739168e+03
2.377580906813182992e+03
2.598514774770213080e+03
1.514340917985980695e+03
2.461113435165801093e+03
2.584891531751380171e+03
2.496558749557800638e+03
2.552431171761917994e+03
2.413608976030752729e+03
2.148872126090170696e+03
2.488717874632380699e+03
1.934911177368596327e+03
2.591742814827047823e+03
2.122118036738918818e+03
2.083416948029955620e+03
2.634139973453865423e+03
2.211500908594090106e+03
2.487002240670345600e+03
2.534198261846680452e+03
2.014030397804777749e+03
2.643921771954745964e+03
