-3.887969208829107401e+02
8.927192232845813180e+01
1.721417611918860189e+02
2.139385756189396091e+02
3.460359248389280538e+02
3.692196200317426360e+02
4.910650037964493890e+02
4.663352257855138987e+02
4.758025885039289165e+02
5.124724525527873311e+02
4.865582470080544226e+02
5.172863915279793900e+02
5.057715825991187444e+02
5.054356956761470201e+02
5.368423174467224044e+02
5.308821053784895412e+02
5.326154075789818307e+02
4.907162598624325369e+02
4.328800160029740027e+02
4.777152055513607820e+02
4.526529951315627613e+02
4.287841005667411309e+02
3.775776220016512639e+02
2.091608626988681294e+02
2.143660525737832359e+02
2.079166994319103310e+02
3.977877707246080945e+02
3.872438770639870427e+02
3.667842106066302108e+02
2.141302643287319256e+02
3.968249297623639222e+02
5.137524253787285033e+02
2.913579786113548948e+02
3.214953134228822478e+02
3.885267706795752929e+02
3.533040815383287168e+02
3.045634155154921814e+02
3.191274480113400500e+02
4.134833501343309763e+02
2.683105573302008224e+02
2.818660565463679859e+02
4.304812126071733474e+02
3.757206841219831404e+02
4.085028963763188017e+02
4.273981690449346615e+02
3.808199404114975550e+02
5.796077158342721987e+02
4.358978625733278136e+02
2.877376838196994413e+02
2.541196608967044597e+02
4.406603014273395047e+02
3.629828787474046408e+02
4.865745479996605241e+02
4.450313897670666847e+02
3.228633763455130179e+02
4.410271959941346722e+02
4.140369728955947721e+02
4.476672746633105930e+02
4.448849596764895864e+02
4.961144655917630075e+02
4.387606190050630062e+02
5.469806976642635163e+02
5.071287188920323388e+02
3.946516618844795516e+02
4.405906987217631468e+02
6.000588726053126720e+02
4.587742295693551569e+02
6.572266958718731757e+02
6.763832500690361940e+02
5.533801214578727468e+02
7.971849405492325786e+02
7.863519445301036512e+02
8.050019958171099006e+02
6.451493194279777299e+02
1.019297637088692113e+03
9.282663826105621183e+02
9.935423905681391261e+02
9.377992280046639735e+02
1.238567223028093849e+03
1.269547054972364549e+03
1.001523294967020433e+03
1.347073457379824276e+03
1.212205906943620448e+03
1.226788182772620303e+03
1.265667353818110087e+03
1.051078580915107523e+03
1.395002513668655411e+03
1.411617716015290171e+03
1.178981158196168963e+03
1.405192634526812526e+03
1.497204337318150692e+03
1.364257971424117841e+03
1.232388349836522593e+03
1.376895941886667742e+03
1.155770375693899041e+03
1.407613609888797555e+03
1.400627327817291871e+03
1.439747761464304858e+03
1.510786054362444020e+03
1.643714670493388212e+03
1.645918512648705700e+03
1.636904784843612788e+03
1.540842400000267617e+03
1.531521172742622639e+03
1.596679175155978783e+03
1.824866334083384118e+03
1.425675434015727660e+03
1.868174372381443391e+03
1.939599119893529860e+03
1.749499464832925923e+03
1.770831459831567145e+03
2.032152063495143011e+03
1.891663561148057170e+03
1.760558612889172991e+03
1.778732995842802438e+03
1.876402854395175837e+03
1.883462427573290142e+03
1.721678917778794585e+03
1.319192073523382987e+03
1.781821900159582583e+03
1.956914282487682158e+03
1.956776472231159687e+03
1.985493545849238899e+03
1.771275323834894834e+03
2.104762332993997461e+03
2.021232704541242128e+03
2.086963028134670367e+03
1.708975627026421307e+03
2.183296467170444430e+03
2.122773721530014882e+03
1.990716591528992922e+03
1.976536741391496207e+03
2.175167150448354278e+03
2.196335636008773690e+03
1.893450545098037082e+03
1.882184012613803816e+03
1.742011073618273713e+03
1.669991970818593927e+03
2.028389067022716972e+03
1.793289936392159916e+03
2.015361108525926738e+03
1.871914328140949465e+03
1.688837966301560982e+03
1.863579529083673606e+03
2.231738097991230916e+03
1.924186099541331032e+03
1.903277557403779383e+03
2.083846860844187177e+03
2.131879375040662126e+03
2.221944306826738284e+03
2.087165324511332983e+03
1.720352345621656696e+03
2.078127108392651735e+03
1.345255122350539978e+03
1.966202116508628023e+03
1.895786332830949732e+03
2.019901849370630316e+03
1.864331896692899363e+03
1.859110134959156085e+03
2.110694514300181709e+03
1.911958139339663148e+03
1.815261252761678406e+03
2.159067777644964735e+03
2.082065871835052803e+03
1.669505905065618890e+03
2.051586103016349171e+03
1.992662738822133861e+03
2.224890554669602352e+03
2.206318161659125508e+03
1.730679446144883741e+03
2.252696428247186759e+03
2.208934968519349241e+03
2.156939937965944409e+03
2.087729695404163067e+03
1.899055018835665805e+03
1.685978245987205355e+03
1.873254553718721581e+03
2.188041208338299839e+03
2.161800570473007610e+03
1.401771979573451517e+03
2.298328279426313202e+03
1.957727721581662536e+03
1.814600347547834190e+03
1.957884464255439525e+03
1.790419161086742406e+03
2.356568751107216031e+03
1.822422442202443563e+03
1.815203613398942935e+03
2.050701835462439249e+03
1.833752074179225701e+03
2.106381094702838709e+03
2.000016388178960824e+03
2.339953738804745626e+03
2.199633817715929581e+03
1.962157312133635514e+03
2.325768487924017336e+03
1.690718650182224792e+03
2.190295747253209811e+03
2.065656300299460327e+03
1.800532212692961139e+03
2.004106644438703370e+03
