-1.564069587991278354e+02
-3.573343666744706297e+02
9.315394135909696161e+01
1.736396470945122701e+02
2.847866101347044605e+02
3.615948564113782595e+02
3.517802871844154424e+02
4.197101140036074867e+02
4.103652526459092655e+02
4.520501541730259305e+02
4.927615857939845228e+02
5.267002113196205073e+02
4.911842609246774600e+02
5.514996255782385788e+02
5.639201584024042404e+02
5.627711301400211141e+02
5.738805726106301108e+02
5.881898838311136615e+02
5.028224145280916559e+02
5.021271857339340272e+02
5.018681519240429338e+02
3.166327159700200582e+02
3.776588551669426010e+02
3.653507043699706287e+02
4.407212741630191886e+02
4.288752830589671134e+02
4.105451604066714140e+02
4.292866757322568674e+02
4.840661549090877998e+02
4.168637707854556425e+02
4.201610958827385502e+02
5.322902480608302085e+02
5.202883905004925964e+02
4.130836032387858836e+02
4.262022623878532386e+02
4.220055161936240324e+02
4.887727865609858782e+02
4.421602608669844017e+02
3.926765270150129936e+02
4.740429824019614102e+02
4.741583128697603797e+02
5.991508705712578831e+02
5.056946853611688084e+02
5.460273236511270625e+02
6.165572067338805482e+02
5.666152700546723509e+02
7.085775341478336031e+02
4.412375184350656809e+02
5.576667366923270492e+02
4.962059011206300170e+02
6.546166318450408426e+02
6.627472536053526255e+02
8.150660867698635457e+02
5.319113872493879853e+02
6.326774603217731965e+02
5.230472166072470372e+02
4.132376998961264007e+02
4.855415452071609366e+02
3.867908204898788540e+02
5.232335941615958745e+02
6.212107415751337385e+02
5.868403468641938616e+02
6.514834349690019053e+02
7.477888519693248099e+02
8.367989821249357192e+02
6.637300914435973027e+02
8.469114135276946627e+02
8.898532607951671025e+02
9.737641520290939070e+02
8.093198860214804427e+02
7.526724203925348320e+02
6.730482697531097074e+02
6.060109198124534942e+02
1.017723558847856793e+03
9.425063630122040195e+02
8.860221139567784121e+02
8.620436345430482561e+02
1.056274668711330833e+03
1.006955684940063293e+03
7.319984579477495572e+02
7.070358791465557715e+02
1.041827031190259277e+03
7.956406721860386142e+02
8.812006091905232097e+02
9.124237832614948047e+02
1.133620278038045853e+03
9.623502821288411724e+02
8.381166786764848666e+02
7.776469790998179406e+02
1.030481454273475265e+03
1.018106348449777897e+03
8.814300606565382168e+02
1.084649914822159417e+03
1.115670958780939600e+03
1.106218592063514734e+03
1.200628249305218105e+03
8.706338299139717947e+02
1.090093735648383927e+03
1.247966211440029156e+03
1.167364521992192067e+03
9.787750622145318857e+02
1.198157338036183774e+03
1.329825824689545243e+03
1.131457987542688443e+03
1.282437019953555364e+03
7.171240263426916499e+02
1.054370001829435978e+03
1.296936012383693651e+03
1.139223036568073667e+03
1.242968474693446069e+03
1.231727032884517939e+03
1.308268240328011188e+03
1.046958840339601238e+03
1.108352384452825845e+03
1.076790748631190354e+03
1.278931477804575024e+03
1.132619620958652831e+03
1.261628011682168562e+03
1.168654487032264342e+03
1.063448842571293426e+03
1.175967312843070886e+03
1.055839057738000747e+03
1.510827116102730315e+03
9.279292229442455664e+02
1.214859256553723071e+03
1.099458579874264160e+03
1.155514167465106766e+03
1.187760988563378078e+03
1.102955290825550037e+03
1.084481351141786490e+03
1.308255882477195655e+03
9.814993329666374393e+02
1.178069709894325115e+03
1.137211527190944935e+03
1.311280914019210059e+03
1.073714470630409551e+03
1.366236283284268666e+03
1.182366712196507706e+03
1.099912671091975881e+03
1.258623665483970171e+03
1.473521613507781012e+03
1.468176374554284848e+03
1.240480004636860940e+03
1.450961346647827668e+03
1.029544650621526898e+03
1.290118840582232451e+03
1.185942142703957416e+03
1.061226607080831172e+03
1.384425682741739593e+03
1.296097186824765004e+03
1.360424281947585314e+03
1.113808491389723258e+03
1.129623837162889231e+03
1.090910533207128537e+03
1.365850255696367185e+03
1.195845143650323735e+03
1.457243211641238759e+03
1.231957350021767297e+03
1.397667646363686799e+03
1.215660513165351176e+03
1.206610695772360032e+03
1.625598981965337543e+03
1.260703236295464194e+03
1.402054044279394702e+03
1.258414144004309037e+03
1.646301019959562154e+03
1.429023903216909957e+03
1.285392146011060277e+03
1.084114495154793531e+03
1.479435390469358481e+03
1.373265068908862759e+03
1.418474489901192783e+03
1.229476249950380861e+03
1.627998357072863428e+03
1.429322797505920789e+03
9.372931967725429558e+02
1.203666139109930100e+03
1.166408166412199080e+03
1.339142543993140180e+03
1.142519389690563230e+03
1.052111325166250481e+03
1.051140759308342012e+03
1.328222906020898108e+03
1.457980958868689640e+03
1.233267895835658692e+03
9.561730168772110119e+02
1.089189540354322389e+03
1.284860252897011378e+03
9.720458525650110460e+02
1.398095779115236382e+03
1.419655624799340103e+03
1.298237162840106521e+03
1.368975595113710824e+03
1.036692507819732327e+03
1.464000569991030261e+03
1.359188449563854647e+03
1.426692565619228162e+03
1.471384265823766782e+03
1.550416065857210469e+03
1.623935608137139752e+03
1.686220352993334700e+03
