-2.396453861738441447e+02
-1.085004175281725622e+02
1.982266493309335829e+02
1.870534637561690090e+02
4.510432529646265039e+02
3.996883789841825774e+02
3.625824604752486948e+02
4.400781990275701219e+02
4.823982638664641627e+02
4.657276821344448763e+02
4.858456786393807079e+02
5.187874254969208323e+02
5.151912926454250510e+02
4.757424455181268286e+02
3.600932651506951743e+02
4.128829044520378488e+02
4.617755844738803717e+02
3.478549950827039652e+02
3.836528220979088815e+02
3.045042111319691003e+02
4.120280003153120560e+02
4.015489470896494026e+02
3.899931315756979302e+02
2.683926617100739236e+02
2.971755262681250542e+02
2.779929342328746884e+02
2.224595182754094367e+02
2.105237470150075296e+02
1.918280732531298440e+02
2.151956360741622518e+02
2.436669162967496618e+02
1.542210433819889772e+02
2.483213789763596253e+02
1.876973668288707984e+02
3.022755268976793559e+02
1.655685649629841407e+02
2.931341336541599389e+02
2.697294227488532101e+02
2.675370126792475958e+02
2.962839353362026031e+02
2.138101779817669978e+02
3.073603607572488841e+02
2.908700570416614255e+02
3.378954270996424611e+02
2.975573356665169058e+02
3.175792365209046011e+02
4.049743675809888259e+02
4.492120956488992078e+02
4.247359070307363140e+02
4.873430842057894665e+02
4.898638294992001647e+02
4.678806380145783805e+02
3.486476051700191761e+02
4.233307402460162052e+02
5.875840598543393298e+02
4.727441408692263280e+02
4.041831848684230408e+02
3.837179989923333778e+02
4.645763683802800301e+02
3.275784679290442227e+02
3.005795752260531799e+02
3.621507386377751345e+02
2.870583320792173367e+02
2.981923757729945237e+02
2.366046242215058157e+02
2.308867311622140619e+02
3.315984898429179566e+02
4.013149191035545869e+02
5.080886168513162602e+02
4.743449353309526373e+02
6.165730405979325042e+02
3.942430553896450647e+02
6.201392498909531241e+02
6.571412387337902601e+02
6.644040420696373985e+02
7.871980206380555956e+02
6.323565677857104674e+02
6.509664830904001747e+02
6.195132050849707639e+02
6.300872749898383063e+02
6.773927078442621905e+02
7.565030510678564042e+02
6.123736293671989870e+02
9.168245790664132073e+02
8.438202414331575483e+02
8.324264580566371023e+02
8.302974051231573185e+02
9.024257400410182299e+02
5.334082110719003822e+02
9.330652100072769599e+02
9.962369161914655251e+02
8.833359030566729189e+02
9.289232242146852059e+02
9.841778930137622865e+02
8.193490150195233355e+02
9.309050643750002791e+02
8.500510474700793111e+02
9.419921889405902675e+02
1.152419822870461530e+03
6.530012038407567161e+02
8.245781023729945218e+02
9.332146734285759067e+02
7.672588721490543548e+02
9.784103607067427220e+02
8.762181840478922368e+02
1.165986279157461695e+03
1.036988421918392532e+03
7.364447787692653264e+02
1.299383371528151201e+03
7.168979833721450632e+02
1.095945514541258945e+03
1.006194996095357055e+03
1.156053551624947204e+03
7.326010359907922975e+02
1.003297832515399250e+03
8.597412556732933808e+02
9.519800976132258938e+02
1.157117721961182042e+03
1.135606268217922889e+03
9.566947003176807129e+02
1.177166382701134353e+03
8.078665285916800940e+02
1.042152319433696903e+03
1.277684710089721648e+03
1.308166910946703865e+03
1.236968165782349615e+03
9.917250101464289855e+02
1.229048939986351343e+03
1.019728261553273796e+03
1.252859244113510158e+03
1.326290546756091999e+03
1.326353348131000075e+03
1.120097639721706855e+03
1.160171688504087342e+03
1.126906409494980380e+03
1.071833832420515591e+03
1.195111451284493342e+03
9.471129065570106604e+02
5.544023348413707026e+02
8.213829862678824156e+02
1.050069673084608894e+03
1.054786069942326094e+03
9.300459263244010799e+02
1.044091247281854294e+03
1.143947574175503178e+03
9.884465632507665305e+02
6.578755154555340141e+02
1.045824142269499816e+03
1.326905960839912495e+03
7.843682008151936316e+02
1.030736464230814363e+03
1.319968327030332603e+03
1.109539753645921110e+03
9.759634452010116092e+02
1.027690238488726436e+03
1.358420639577328529e+03
1.137519022959426593e+03
9.583320085026085735e+02
9.156836466308653826e+02
1.075757682351955509e+03
1.282296644803374420e+03
1.296468882863186536e+03
1.386561372635053885e+03
1.168073587311950860e+03
9.650822045539792953e+02
1.481601544849964284e+03
1.248153418874846921e+03
1.551867669744450268e+03
1.508425068798945631e+03
1.255107338045427468e+03
8.257847842715109437e+02
1.439775068498045130e+03
8.835135499680682187e+02
1.132639954335672883e+03
1.062852294418473093e+03
1.134778766328724032e+03
9.635650593474998686e+02
1.117797286280904700e+03
1.346600313577842826e+03
1.450930860699574396e+03
1.274198701038284071e+03
1.098072268952945478e+03
1.147179471495188182e+03
1.150441548663102594e+03
1.336387807450897071e+03
1.144490326377237352e+03
1.158054242140108272e+03
8.557637763393593104e+02
1.162805723230149852e+03
1.137447449531582379e+03
1.532904772207658880e+03
1.494208930869933283e+03
1.072908947975992760e+03
1.023018779208883871e+03
1.104825923134861569e+03
1.176205764056242515e+03
1.083640941663096100e+03
1.034740450248142452e+03
1.112396854477232182e+03
1.142390808649937753e+03
1.246541555484948276e+03
