0.000000000000000000e+00
2.389928996562957764e-01
3.078192174434661865e-01
8.601061999797821045e-02
1.799507886171340942e-01
2.346630394458770752e-01
3.010831773281097412e-01
2.754190862178802490e-01
1.858070045709609985e-01
1.223857253789901733e-01
1.765440702438354492e-01
1.995896697044372559e-01
1.317830234766006470e-01
9.975530207157135010e-02
8.559625595808029175e-02
1.014080047607421875e-01
1.100176647305488586e-01
9.853003174066543579e-02
8.886006474494934082e-02
5.932059511542320251e-02
5.497840791940689087e-02
6.253479421138763428e-02
5.045699328184127808e-02
4.414781183004379272e-02
4.624195396900177002e-02
4.407567530870437622e-02
4.712462052702903748e-02
4.198265820741653442e-02
4.397109523415565491e-02
5.344267934560775757e-02
5.409053340554237366e-02
4.340351000428199768e-02
4.612047597765922546e-02
4.219499230384826660e-02
4.071899503469467163e-02
3.989955037832260132e-02
4.233189672231674194e-02
4.031888023018836975e-02
3.577928245067596436e-02
3.475489839911460876e-02
3.078821487724781036e-02
3.277316316962242126e-02
3.160755708813667297e-02
3.087077662348747253e-02
3.236548602581024170e-02
3.128384426236152649e-02
3.167048096656799316e-02
3.198061138391494751e-02
3.256294876337051392e-02
3.357592225074768066e-02
3.258175030350685120e-02
3.305976465344429016e-02
3.227742016315460205e-02
3.143738210201263428e-02
3.134201094508171082e-02
3.080836497247219086e-02
2.988982200622558594e-02
3.045379929244518280e-02
2.978168055415153503e-02
2.916679531335830688e-02
2.883367426693439484e-02
2.913306839764118195e-02
2.878264151513576508e-02
2.811868861317634583e-02
2.781063504517078400e-02
2.726741880178451538e-02
2.621719427406787872e-02
2.618329226970672607e-02
2.533391118049621582e-02
2.510238252580165863e-02
2.425600774586200714e-02
2.396040037274360657e-02
2.387641556560993195e-02
2.304556220769882202e-02
2.228177338838577271e-02
2.262478694319725037e-02
2.182919345796108246e-02
2.192858234047889709e-02
2.189738489687442780e-02
2.176796644926071167e-02
2.211694791913032532e-02
2.151647582650184631e-02
2.117827162146568298e-02
2.159612625837326050e-02
2.206643670797348022e-02
2.206001617014408112e-02
2.244544029235839844e-02
2.271555736660957336e-02
2.230992913246154785e-02
2.229041606187820435e-02
2.260170318186283112e-02
2.277437970042228699e-02
2.291454002261161804e-02
2.377422340214252472e-02
2.364396117627620697e-02
2.383992448449134827e-02
2.510684542357921600e-02
2.614059485495090485e-02
2.588630281388759613e-02
2.593983523547649384e-02
2.708234265446662903e-02
2.686333470046520233e-02
2.687329426407814026e-02
2.757939137518405914e-02
2.797129936516284943e-02
2.781433239579200745e-02
2.849292568862438202e-02
2.820532955229282379e-02
2.899805456399917603e-02
2.910697646439075470e-02
2.975111082196235657e-02
3.046949021518230438e-02
2.984359487891197205e-02
3.078703396022319794e-02
3.058635443449020386e-02
3.135717660188674927e-02
3.239881247282028198e-02
3.264418989419937134e-02
3.251414373517036438e-02
3.314736112952232361e-02
3.392842784523963928e-02
3.585733100771903992e-02
3.692910075187683105e-02
3.653725236654281616e-02
3.776462376117706299e-02
3.836575150489807129e-02
3.919099271297454834e-02
3.877115994691848755e-02
3.899755328893661499e-02
3.876068070530891418e-02
3.991591930389404297e-02
4.080706462264060974e-02
4.151301085948944092e-02
4.164253175258636475e-02
4.228514805436134338e-02
4.385271295905113220e-02
4.308697581291198730e-02
4.343509674072265625e-02
4.412657767534255981e-02
4.364749044179916382e-02
4.454123973846435547e-02
4.416453093290328979e-02
4.459231719374656677e-02
4.401859268546104431e-02
4.515564814209938049e-02
4.589649289846420288e-02
4.539485275745391846e-02
4.577630013227462769e-02
4.776148125529289246e-02
4.647962749004364014e-02
4.761280864477157593e-02
4.702204838395118713e-02
4.869236052036285400e-02
4.761954396963119507e-02
4.797949269413948059e-02
4.783934727311134338e-02
4.759707301855087280e-02
4.796978458762168884e-02
4.826655238866806030e-02
4.805569350719451904e-02
4.773014411330223083e-02
4.823584109544754028e-02
4.981660842895507812e-02
5.040524154901504517e-02
5.136312544345855713e-02
5.170392245054244995e-02
5.251535028219223022e-02
5.187135189771652222e-02
5.235305055975914001e-02
5.397265776991844177e-02
5.473082885146141052e-02
5.497859045863151550e-02
5.659751221537590027e-02
5.722555890679359436e-02
5.687982589006423950e-02
5.755192413926124573e-02
5.798915773630142212e-02
5.949576199054718018e-02
5.964949354529380798e-02
6.042698770761489868e-02
6.096776202321052551e-02
6.246495619416236877e-02
6.201109290122985840e-02
6.459005177021026611e-02
6.413329392671585083e-02
6.525993347167968750e-02
6.394283473491668701e-02
6.554545462131500244e-02
6.674992293119430542e-02
6.650115549564361572e-02
6.710845977067947388e-02
6.630469113588333130e-02
6.731067597866058350e-02
6.842790544033050537e-02
6.891188025474548340e-02
6.776524335145950317e-02
6.672938168048858643e-02
6.744103878736495972e-02
6.809767335653305054e-02
6.943242996931076050e-02
7.008239626884460449e-02
7.107685506343841553e-02
7.135810703039169312e-02
7.371211051940917969e-02
7.312325388193130493e-02
7.275463640689849854e-02
7.507442682981491089e-02
7.531939446926116943e-02
7.554280012845993042e-02
7.890780270099639893e-02
7.967516779899597168e-02
8.157134056091308594e-02
8.406095951795578003e-02
8.580231666564941406e-02
8.870562911033630371e-02
9.130609780550003052e-02
9.096027910709381104e-02
9.301052242517471313e-02
9.465825557708740234e-02
9.651789069175720215e-02
9.783258289098739624e-02
9.871862828731536865e-02
1.039544120430946350e-01
1.050929278135299683e-01
1.060902252793312073e-01
1.046128347516059875e-01
1.060115694999694824e-01
1.060402542352676392e-01
1.082024499773979187e-01
1.086355894804000854e-01
1.101952120661735535e-01
1.155863031744956970e-01
1.151571571826934814e-01
1.172632053494453430e-01
1.186156496405601501e-01
1.187880262732505798e-01
1.190314143896102905e-01
1.194869503378868103e-01
1.219182685017585754e-01
1.249417886137962341e-01
1.219893619418144226e-01
1.295876950025558472e-01
1.291842758655548096e-01
1.267536878585815430e-01
1.243819221854209900e-01
1.276897042989730835e-01
1.293006837368011475e-01
1.339686065912246704e-01
1.322955340147018433e-01
1.388065963983535767e-01
1.358601450920104980e-01
1.377278417348861694e-01
1.383167803287506104e-01
1.427311748266220093e-01
1.419431418180465698e-01
1.422547996044158936e-01
1.437501460313796997e-01
1.459051221609115601e-01
1.450678855180740356e-01
1.451486200094223022e-01
1.427919566631317139e-01
1.420650333166122437e-01
1.472023576498031616e-01
1.431661099195480347e-01
1.451162099838256836e-01
1.427333652973175049e-01
1.529983431100845337e-01
1.491179913282394409e-01
1.537127345800399780e-01
1.484517008066177368e-01
1.542598605155944824e-01
1.581178009510040283e-01
1.506466418504714966e-01
1.540187746286392212e-01
1.460862457752227783e-01
1.554941236972808838e-01
1.530627608299255371e-01
1.566192060708999634e-01
1.541474163532257080e-01
1.527946144342422485e-01
1.614067703485488892e-01
1.527067571878433228e-01
1.509231626987457275e-01
1.647255569696426392e-01
1.654973030090332031e-01
1.562781333923339844e-01
1.715312153100967407e-01
1.613445281982421875e-01
1.573949307203292847e-01
1.723877936601638794e-01
1.725108921527862549e-01
1.934255063533782959e-01
1.714481860399246216e-01
1.813826262950897217e-01
1.737144738435745239e-01
1.702705770730972290e-01
1.687082499265670776e-01
1.745194345712661743e-01
1.587181240320205688e-01
1.796235740184783936e-01
1.733091324567794800e-01
1.778518706560134888e-01
1.829228550195693970e-01
1.794397830963134766e-01
1.846643090248107910e-01
1.769516319036483765e-01
1.875935941934585571e-01
1.791623979806900024e-01
2.079674303531646729e-01
2.007909119129180908e-01
1.957393735647201538e-01
2.109982967376708984e-01
2.068492174148559570e-01
1.856209039688110352e-01
2.208428382873535156e-01
2.023229300975799561e-01
2.089015841484069824e-01
2.249107658863067627e-01
2.137685120105743408e-01
2.198914438486099243e-01
2.129982262849807739e-01
2.192265391349792480e-01
1.924506574869155884e-01
1.956111788749694824e-01
2.018381506204605103e-01
2.294663935899734497e-01
2.439397573471069336e-01
2.061701118946075439e-01
2.242896109819412231e-01
2.396034002304077148e-01
2.330828011035919189e-01
2.621719539165496826e-01
2.459505051374435425e-01
2.141720950603485107e-01
2.415947318077087402e-01
2.289162129163742065e-01
2.328781485557556152e-01
2.341733872890472412e-01
2.383976727724075317e-01
2.369300872087478638e-01
2.232692837715148926e-01
2.344971597194671631e-01
2.341844737529754639e-01
2.354036271572113037e-01
2.383368611335754395e-01
2.325170934200286865e-01
2.538788020610809326e-01
2.478878796100616455e-01
2.276409268379211426e-01
2.295278906822204590e-01
2.589324712753295898e-01
2.709529399871826172e-01
2.288291901350021362e-01
2.418412417173385620e-01
2.587656080722808838e-01
2.334834337234497070e-01
2.844738662242889404e-01
2.209019064903259277e-01
2.431900352239608765e-01
2.392231822013854980e-01
2.160143703222274780e-01
2.675796747207641602e-01
2.743847370147705078e-01
2.825390398502349854e-01
2.343181222677230835e-01
2.765076756477355957e-01
2.353612035512924194e-01
2.442262768745422363e-01
2.909990549087524414e-01
2.884144783020019531e-01
2.711800336837768555e-01
2.602530419826507568e-01
2.694011926651000977e-01
2.881319820880889893e-01
2.571606934070587158e-01
2.740048766136169434e-01
2.861768007278442383e-01
2.701108455657958984e-01
2.420191466808319092e-01
2.706361114978790283e-01
2.380794137716293335e-01
2.732194960117340088e-01
2.812346518039703369e-01
2.922901213169097900e-01
2.911330759525299072e-01
3.148766160011291504e-01
2.879955470561981201e-01
3.440088331699371338e-01
2.998549938201904297e-01
2.796520590782165527e-01
2.574044764041900635e-01
3.001160919666290283e-01
2.795362174510955811e-01
3.010251522064208984e-01
2.967237234115600586e-01
3.167980611324310303e-01
2.981164157390594482e-01
2.963270843029022217e-01
2.808521091938018799e-01
3.077196180820465088e-01
2.855429649353027344e-01
3.591221272945404053e-01
3.415940403938293457e-01
3.189755976200103760e-01
3.056596517562866211e-01
3.410654962062835693e-01
2.950214147567749023e-01
3.392797708511352539e-01
2.927696108818054199e-01
3.249692320823669434e-01
3.322195410728454590e-01
3.177835941314697266e-01
2.791406214237213135e-01
3.278248906135559082e-01
3.628586530685424805e-01
2.669844627380371094e-01
3.212980926036834717e-01
3.296014070510864258e-01
2.772444784641265869e-01
2.823672592639923096e-01
2.975063621997833252e-01
3.067058026790618896e-01
3.264612555503845215e-01
3.605070710182189941e-01
3.321074247360229492e-01
3.144706487655639648e-01
3.299936950206756592e-01
3.001506924629211426e-01
3.294733762741088867e-01
3.679602146148681641e-01
3.446530103683471680e-01
3.235193789005279541e-01
3.675679266452789307e-01
3.301547169685363770e-01
3.311415612697601318e-01
3.476227521896362305e-01
3.591237366199493408e-01
3.514394462108612061e-01
3.479559719562530518e-01
2.994832694530487061e-01
3.413487672805786133e-01
3.896935582160949707e-01
3.731522858142852783e-01
3.172282576560974121e-01
3.355465233325958252e-01
3.220792114734649658e-01
3.808465600013732910e-01
3.065094649791717529e-01
3.714324533939361572e-01
3.933114111423492432e-01
3.791585266590118408e-01
3.790172040462493896e-01
3.771293461322784424e-01
3.683964908123016357e-01
3.504774272441864014e-01
4.161541163921356201e-01
3.574931621551513672e-01
3.761627674102783203e-01
4.184978604316711426e-01
4.129217267036437988e-01
4.073148667812347412e-01
3.901595175266265869e-01
3.256992101669311523e-01
3.918248414993286133e-01
3.668695092201232910e-01
3.607377409934997559e-01
4.150166511535644531e-01
3.366887867450714111e-01
3.958266973495483398e-01
3.906951546669006348e-01
3.363031148910522461e-01
3.882150948047637939e-01
4.022884666919708252e-01
3.869733214378356934e-01
3.634456694126129150e-01
4.269325733184814453e-01
3.836064934730529785e-01
4.364559054374694824e-01
4.336872696876525879e-01
3.992278575897216797e-01
4.039770066738128662e-01
3.356936573982238770e-01
4.270806908607482910e-01
3.729528486728668213e-01
4.135564565658569336e-01
3.806392252445220947e-01
4.423901438713073730e-01
4.218993782997131348e-01
3.914844989776611328e-01
3.300837278366088867e-01
3.992032408714294434e-01
4.076724946498870850e-01
4.277472198009490967e-01
3.868984282016754150e-01
3.929462134838104248e-01
3.552453815937042236e-01
4.177292585372924805e-01
4.402451813220977783e-01
3.737780749797821045e-01
4.016580283641815186e-01
4.782608747482299805e-01
4.070752561092376709e-01
4.038188159465789795e-01
4.853028059005737305e-01
4.309547841548919678e-01
3.926729261875152588e-01
4.516830444335937500e-01
4.073975086212158203e-01
4.280612170696258545e-01
4.567009806632995605e-01
3.986702859401702881e-01
4.416291415691375732e-01
4.591978788375854492e-01
3.983530700206756592e-01
4.977760910987854004e-01
4.414172172546386719e-01
4.374046623706817627e-01
4.522006213665008545e-01
4.455634653568267822e-01
4.221422970294952393e-01
4.386487007141113281e-01
4.717813134193420410e-01
4.559661746025085449e-01
4.759489893913269043e-01
4.275717437267303467e-01
4.400396645069122314e-01
4.253258109092712402e-01
4.596319496631622314e-01
4.472177326679229736e-01
4.262107610702514648e-01
4.882687926292419434e-01
4.805105626583099365e-01
4.716695249080657959e-01
4.978888034820556641e-01
4.688665866851806641e-01
4.907867312431335449e-01
5.291498303413391113e-01
4.790020287036895752e-01
4.997508525848388672e-01
5.414850115776062012e-01
4.452852308750152588e-01
4.971212148666381836e-01
4.502033591270446777e-01
5.235677361488342285e-01
4.954722821712493896e-01
4.638183116912841797e-01
5.341166853904724121e-01
5.031439065933227539e-01
4.821374416351318359e-01
5.133652091026306152e-01
4.504675865173339844e-01
4.961657226085662842e-01
5.359426736831665039e-01
4.900674819946289062e-01
5.580394268035888672e-01
4.720531404018402100e-01
5.128292441368103027e-01
5.510575175285339355e-01
5.034763813018798828e-01
5.066610574722290039e-01
5.216916799545288086e-01
5.000825524330139160e-01
4.974689781665802002e-01
5.202398896217346191e-01
5.297514200210571289e-01
5.095987319946289062e-01
4.702380895614624023e-01
4.991539716720581055e-01
5.778819322586059570e-01
5.699746012687683105e-01
5.602471828460693359e-01
4.919679164886474609e-01
5.136538147926330566e-01
4.985911250114440918e-01
5.183968544006347656e-01
5.613520741462707520e-01
5.498307943344116211e-01
6.027580499649047852e-01
5.272622108459472656e-01
5.649205446243286133e-01
5.188938379287719727e-01
5.687240958213806152e-01
5.849897265434265137e-01
5.326524376869201660e-01
5.945996642112731934e-01
5.116999745368957520e-01
5.819116234779357910e-01
5.334345698356628418e-01
5.636250972747802734e-01
4.889791309833526611e-01
6.419042944908142090e-01
6.618031859397888184e-01
6.582354903221130371e-01
6.226440668106079102e-01
5.691565275192260742e-01
5.655272006988525391e-01
5.737053751945495605e-01
5.772860050201416016e-01
5.833989381790161133e-01
5.503322482109069824e-01
5.280709862709045410e-01
6.236096620559692383e-01
5.286733508110046387e-01
5.862937569618225098e-01
5.367881059646606445e-01
5.915009975433349609e-01
6.069403886795043945e-01
5.562865734100341797e-01
6.032497286796569824e-01
6.930268406867980957e-01
5.925784111022949219e-01
5.934229493141174316e-01
6.321717500686645508e-01
5.537106394767761230e-01
5.300276279449462891e-01
5.839989185333251953e-01
5.588485598564147949e-01
5.759156346321105957e-01
6.442479491233825684e-01
5.631948113441467285e-01
6.277381777763366699e-01
5.691902637481689453e-01
5.988939404487609863e-01
6.122781038284301758e-01
6.124367713928222656e-01
6.320835947990417480e-01
6.462600231170654297e-01
6.528900265693664551e-01
6.866590380668640137e-01
5.909699797630310059e-01
6.411116719245910645e-01
5.786498785018920898e-01
5.622077584266662598e-01
6.408733129501342773e-01
6.571710109710693359e-01
5.691570043563842773e-01
6.340689063072204590e-01
5.946007370948791504e-01
7.059305310249328613e-01
6.596769690513610840e-01
7.080973982810974121e-01
6.274333596229553223e-01
6.088316440582275391e-01
6.979736089706420898e-01
6.237238645553588867e-01
6.612774133682250977e-01
7.331697344779968262e-01
6.934989094734191895e-01
5.844475030899047852e-01
6.064525842666625977e-01
6.957704424858093262e-01
7.326247692108154297e-01
6.696323156356811523e-01
6.963413357734680176e-01
6.717835664749145508e-01
6.159577965736389160e-01
6.975635290145874023e-01
7.010356187820434570e-01
6.209844946861267090e-01
6.317729353904724121e-01
5.973857641220092773e-01
7.474247217178344727e-01
6.395643949508666992e-01
7.732619643211364746e-01
6.909991502761840820e-01
6.737965345382690430e-01
8.295618295669555664e-01
7.049149274826049805e-01
7.322859168052673340e-01
6.581049561500549316e-01
7.366865277290344238e-01
6.821151375770568848e-01
6.274412870407104492e-01
7.078000903129577637e-01
7.149593234062194824e-01
6.522998809814453125e-01
7.870200276374816895e-01
8.507600426673889160e-01
7.796545624732971191e-01
6.940467357635498047e-01
8.207117915153503418e-01
7.250388264656066895e-01
6.551623940467834473e-01
7.591711282730102539e-01
7.321502566337585449e-01
7.179074287414550781e-01
7.061735391616821289e-01
7.809202075004577637e-01
7.796884179115295410e-01
8.636978864669799805e-01
7.827126383781433105e-01
7.304718494415283203e-01
7.596174478530883789e-01
7.531806826591491699e-01
8.236600160598754883e-01
7.602941989898681641e-01
8.271068930625915527e-01
7.913378477096557617e-01
7.902770042419433594e-01
8.503482341766357422e-01
8.695808053016662598e-01
8.425360918045043945e-01
8.253104090690612793e-01
8.775459527969360352e-01
8.390023708343505859e-01
9.071438312530517578e-01
7.457743883132934570e-01
8.624919652938842773e-01
8.065072298049926758e-01
9.637504816055297852e-01
9.118593335151672363e-01
8.268340229988098145e-01
8.370662331581115723e-01
8.604437112808227539e-01
8.309555053710937500e-01
8.659456968307495117e-01
8.108656406402587891e-01
9.940037727355957031e-01
9.248010516166687012e-01
8.259151577949523926e-01
7.773276567459106445e-01
8.470948338508605957e-01
9.053887128829956055e-01
8.898069262504577637e-01
8.272531628608703613e-01
9.266356229782104492e-01
7.878615856170654297e-01
8.790200948715209961e-01
8.580634593963623047e-01
9.228361845016479492e-01
8.777058124542236328e-01
8.434195518493652344e-01
8.904428482055664062e-01
9.115421175956726074e-01
9.830585718154907227e-01
9.496518373489379883e-01
9.627310633659362793e-01
9.298856258392333984e-01
8.303079605102539062e-01
8.798039555549621582e-01
9.875106811523437500e-01
9.971517324447631836e-01
1.042802214622497559e+00
1.112283587455749512e+00
7.872664928436279297e-01
9.977240562438964844e-01
9.791390895843505859e-01
9.483739733695983887e-01
8.223167061805725098e-01
9.883276820182800293e-01
1.048511862754821777e+00
1.053338408470153809e+00
9.894185662269592285e-01
9.572515487670898438e-01
9.897388815879821777e-01
1.015268087387084961e+00
8.987636566162109375e-01
1.068708300590515137e+00
9.527290463447570801e-01
8.764010071754455566e-01
9.056263566017150879e-01
8.839195370674133301e-01
9.994376301765441895e-01
9.600164294242858887e-01
9.788625240325927734e-01
1.063239574432373047e+00
9.685250520706176758e-01
9.072958827018737793e-01
1.129863619804382324e+00
8.624686002731323242e-01
9.185446500778198242e-01
1.004337191581726074e+00
9.556295275688171387e-01
8.619361519813537598e-01
9.446991086006164551e-01
1.154567003250122070e+00
1.062322735786437988e+00
9.516202211380004883e-01
9.697696566581726074e-01
1.083811283111572266e+00
9.766442179679870605e-01
1.154961943626403809e+00
1.011072516441345215e+00
1.034666657447814941e+00
1.069044709205627441e+00
1.010734319686889648e+00
9.618128538131713867e-01
9.098216295242309570e-01
1.126230239868164062e+00
1.009556889533996582e+00
8.717453479766845703e-01
8.413037657737731934e-01
1.113407969474792480e+00
1.289927482604980469e+00
1.106172561645507812e+00
1.080191135406494141e+00
9.771608114242553711e-01
8.519136905670166016e-01
1.150751948356628418e+00
1.080551147460937500e+00
1.099022746086120605e+00
9.103830456733703613e-01
1.108876705169677734e+00
1.045184850692749023e+00
1.078627467155456543e+00
1.088086605072021484e+00
9.745668768882751465e-01
1.251038789749145508e+00
1.093083500862121582e+00
1.067044258117675781e+00
1.103782534599304199e+00
9.865006804466247559e-01
1.019813418388366699e+00
9.945915341377258301e-01
1.201004147529602051e+00
1.011740088462829590e+00
1.124479055404663086e+00
1.084349036216735840e+00
1.154556155204772949e+00
1.075932264328002930e+00
1.061768412590026855e+00
9.930145144462585449e-01
9.111999273300170898e-01
1.033773899078369141e+00
1.037976264953613281e+00
1.000991702079772949e+00
1.068997383117675781e+00
9.396377205848693848e-01
1.012645721435546875e+00
1.106946825981140137e+00
1.024269819259643555e+00
1.010782599449157715e+00
1.100259780883789062e+00
1.045521497726440430e+00
1.124955773353576660e+00
1.116425037384033203e+00
1.124132156372070312e+00
1.030186891555786133e+00
1.102544784545898438e+00
1.083614468574523926e+00
1.082539796829223633e+00
1.109882831573486328e+00
1.042539358139038086e+00
1.006044507026672363e+00
1.069313287734985352e+00
1.105350971221923828e+00
1.189551711082458496e+00
1.093146204948425293e+00
1.022385358810424805e+00
1.180289864540100098e+00
1.057604670524597168e+00
1.186857938766479492e+00
1.180914998054504395e+00
1.110980629920959473e+00
1.102534413337707520e+00
1.077426791191101074e+00
1.046815276145935059e+00
1.204687356948852539e+00
1.100301742553710938e+00
1.065263628959655762e+00
9.285652041435241699e-01
1.107093453407287598e+00
1.093297839164733887e+00
1.067416191101074219e+00
1.231086969375610352e+00
1.028008818626403809e+00
1.277242064476013184e+00
1.219842553138732910e+00
1.110847949981689453e+00
9.880246520042419434e-01
9.742764234542846680e-01
1.132040500640869141e+00
1.285348653793334961e+00
1.216679096221923828e+00
1.048421978950500488e+00
1.314241528511047363e+00
1.281937718391418457e+00
1.121596693992614746e+00
1.235777854919433594e+00
1.176299571990966797e+00
1.129006624221801758e+00
1.107032418251037598e+00
1.251481771469116211e+00
1.156063199043273926e+00
1.198862791061401367e+00
1.159858942031860352e+00
1.241561889648437500e+00
1.265566587448120117e+00
1.156500458717346191e+00
1.064303994178771973e+00
1.106294870376586914e+00
1.159621119499206543e+00
1.124904870986938477e+00
1.294493794441223145e+00
1.298181772232055664e+00
1.118272781372070312e+00
1.187264323234558105e+00
1.211988329887390137e+00
1.284112811088562012e+00
1.088584423065185547e+00
1.314168930053710938e+00
1.205834031105041504e+00
1.413260221481323242e+00
1.242972135543823242e+00
1.339587688446044922e+00
1.117372512817382812e+00
1.001159071922302246e+00
1.187955617904663086e+00
1.251636743545532227e+00
1.252710700035095215e+00
1.244501709938049316e+00
1.059944629669189453e+00
1.358663082122802734e+00
1.117289543151855469e+00
1.199696660041809082e+00
1.259811878204345703e+00
1.188466072082519531e+00
1.365803241729736328e+00
9.216803908348083496e-01
1.103574991226196289e+00
1.133672595024108887e+00
1.110526084899902344e+00
1.198330283164978027e+00
1.257155656814575195e+00
1.084511041641235352e+00
1.211360454559326172e+00
1.190124392509460449e+00
1.147305607795715332e+00
1.247644901275634766e+00
1.181634187698364258e+00
1.099828243255615234e+00
1.317776799201965332e+00
1.246352672576904297e+00
1.329438447952270508e+00
1.197349071502685547e+00
1.311498880386352539e+00
1.221560597419738770e+00
1.341614365577697754e+00
1.218769311904907227e+00
1.130643367767333984e+00
1.345346212387084961e+00
1.195946693420410156e+00
1.265903592109680176e+00
1.295862078666687012e+00
1.325827360153198242e+00
1.259422421455383301e+00
1.224080085754394531e+00
1.211566686630249023e+00
1.255067825317382812e+00
1.276406526565551758e+00
1.257792234420776367e+00
1.356551170349121094e+00
1.226729273796081543e+00
1.377890825271606445e+00
1.250693440437316895e+00
1.263476133346557617e+00
1.203827142715454102e+00
1.224106907844543457e+00
1.179858684539794922e+00
1.386642813682556152e+00
1.256872534751892090e+00
1.144927501678466797e+00
1.433057427406311035e+00
1.257789492607116699e+00
1.365499734878540039e+00
1.143725991249084473e+00
1.324562788009643555e+00
1.407155036926269531e+00
1.384912848472595215e+00
1.342515587806701660e+00
1.223179936408996582e+00
1.228002905845642090e+00
1.106619954109191895e+00
1.149576187133789062e+00
1.295281648635864258e+00
1.397022962570190430e+00
1.360571980476379395e+00
1.233465075492858887e+00
1.204050302505493164e+00
1.356920599937438965e+00
1.440190196037292480e+00
1.336365342140197754e+00
1.217927932739257812e+00
1.234118819236755371e+00
1.580015897750854492e+00
1.097166776657104492e+00
1.323469996452331543e+00
1.301013112068176270e+00
1.335935473442077637e+00
1.331232905387878418e+00
1.388546466827392578e+00
1.392154693603515625e+00
1.363438725471496582e+00
1.378505468368530273e+00
1.164363503456115723e+00
1.382362008094787598e+00
1.211734652519226074e+00
1.461868286132812500e+00
1.321734547615051270e+00
1.430378437042236328e+00
