0.000000000000000000e+00
0.000000000000000000e+00
0.000000000000000000e+00
5.325393199920654297e+00
2.755459070205688477e+00
1.481778621673583984e+00
3.066583871841430664e-01
4.166664481163024902e-01
4.531215727329254150e-01
5.629224181175231934e-01
5.005313754081726074e-01
4.064072966575622559e-01
2.644239366054534912e-01
2.428362071514129639e-01
2.402940988540649414e-01
2.458317279815673828e-01
4.164266288280487061e-01
4.384518563747406006e-01
4.770200252532958984e-01
4.096988737583160400e-01
3.844116330146789551e-01
3.223852217197418213e-01
2.573167681694030762e-01
2.590749859809875488e-01
2.355609238147735596e-01
2.403072714805603027e-01
2.301871925592422485e-01
2.167843878269195557e-01
2.077832370996475220e-01
1.942419409751892090e-01
1.661528348922729492e-01
1.602736860513687134e-01
1.304928660392761230e-01
1.243845671415328979e-01
1.371190547943115234e-01
1.148370355367660522e-01
1.090959757566452026e-01
1.066963598132133484e-01
9.318500012159347534e-02
8.296890556812286377e-02
7.367770373821258545e-02
6.899622827768325806e-02
6.475045531988143921e-02
5.848986282944679260e-02
5.326630175113677979e-02
4.721741378307342529e-02
4.060967266559600830e-02
3.770605102181434631e-02
3.990804404020309448e-02
3.885750472545623779e-02
3.636456280946731567e-02
3.583351150155067444e-02
3.609949722886085510e-02
3.675280138850212097e-02
3.731090575456619263e-02
3.619835898280143738e-02
3.715378418564796448e-02
3.819825127720832825e-02
3.945697098970413208e-02
3.873299807310104370e-02
4.322214052081108093e-02
4.598550498485565186e-02
4.751982912421226501e-02
5.066619068384170532e-02
5.270399525761604309e-02
5.462264269590377808e-02
5.546493083238601685e-02
5.598603561520576477e-02
5.561046674847602844e-02
5.624172836542129517e-02
5.785745009779930115e-02
5.932334065437316895e-02
6.063710153102874756e-02
6.329389661550521851e-02
6.621351838111877441e-02
6.676506251096725464e-02
6.500571966171264648e-02
6.313083320856094360e-02
6.123667955398559570e-02
6.108181178569793701e-02
6.038610637187957764e-02
6.172719597816467285e-02
6.229603663086891174e-02
6.153710186481475830e-02
6.177638098597526550e-02
5.906107276678085327e-02
5.589193850755691528e-02
5.404978618025779724e-02
5.673215538263320923e-02
5.693863704800605774e-02
5.511061847209930420e-02
5.800512060523033142e-02
5.737786740064620972e-02
5.992748960852622986e-02
6.324743479490280151e-02
6.226319074630737305e-02
6.256435811519622803e-02
6.326401978731155396e-02
6.499414145946502686e-02
6.426168233156204224e-02
6.434350460767745972e-02
6.342001259326934814e-02
6.223386898636817932e-02
6.156794354319572449e-02
6.333313137292861938e-02
6.228737160563468933e-02
6.200806424021720886e-02
6.413836032152175903e-02
6.458781659603118896e-02
6.691628694534301758e-02
6.955728679895401001e-02
6.990429013967514038e-02
7.247167080640792847e-02
7.525748759508132935e-02
7.784063369035720825e-02
7.853478938341140747e-02
8.261895924806594849e-02
8.695233613252639771e-02
8.755073696374893188e-02
8.991960436105728149e-02
9.415283054113388062e-02
9.398342669010162354e-02
9.555158019065856934e-02
9.894571453332901001e-02
9.777220338582992554e-02
9.999911487102508545e-02
1.009066179394721985e-01
1.018778756260871887e-01
1.032929569482803345e-01
1.036006137728691101e-01
1.013629436492919922e-01
1.002416834235191345e-01
1.007788479328155518e-01
1.048981472849845886e-01
1.041764020919799805e-01
1.044278442859649658e-01
1.047937348484992981e-01
1.053210273385047913e-01
1.039639785885810852e-01
1.057779714465141296e-01
1.033019274473190308e-01
1.047708615660667419e-01
1.048543006181716919e-01
1.053357720375061035e-01
1.030539274215698242e-01
1.048166304826736450e-01
1.029738709330558777e-01
1.068190485239028931e-01
1.056835204362869263e-01
1.057129278779029846e-01
1.046699211001396179e-01
1.063126400113105774e-01
1.073511019349098206e-01
1.057455614209175110e-01
1.064901500940322876e-01
1.056042090058326721e-01
1.086124405264854431e-01
1.070015877485275269e-01
1.079974547028541565e-01
1.074049398303031921e-01
1.090640500187873840e-01
1.087802872061729431e-01
1.075290217995643616e-01
1.077299490571022034e-01
1.060086041688919067e-01
1.082347705960273743e-01
1.046894490718841553e-01
1.064894497394561768e-01
1.075843945145606995e-01
1.082790866494178772e-01
1.087749600410461426e-01
1.070118695497512817e-01
1.075631082057952881e-01
1.080491021275520325e-01
1.056502535939216614e-01
1.077316328883171082e-01
1.077318862080574036e-01
1.057885438203811646e-01
1.070851087570190430e-01
1.091401204466819763e-01
1.112787500023841858e-01
1.095881015062332153e-01
1.103523522615432739e-01
1.099980324506759644e-01
1.108125597238540649e-01
1.135289147496223450e-01
1.158134490251541138e-01
1.099532991647720337e-01
1.115781292319297791e-01
1.130864694714546204e-01
1.114898398518562317e-01
1.145981773734092712e-01
1.114560663700103760e-01
1.109579205513000488e-01
1.113556548953056335e-01
1.124336719512939453e-01
1.145566478371620178e-01
1.168260350823402405e-01
1.142466962337493896e-01
1.179882660508155823e-01
1.147175952792167664e-01
1.176632717251777649e-01
1.135964766144752502e-01
1.190977394580841064e-01
1.164468228816986084e-01
1.230768859386444092e-01
1.235516518354415894e-01
1.191617697477340698e-01
1.309668868780136108e-01
1.336677670478820801e-01
1.248276531696319580e-01
1.280802041292190552e-01
1.494502425193786621e-01
1.406712979078292847e-01
1.378858685493469238e-01
1.435927748680114746e-01
1.443375200033187866e-01
1.393484920263290405e-01
1.369087249040603638e-01
1.297864764928817749e-01
1.448198854923248291e-01
1.474735140800476074e-01
1.646623164415359497e-01
1.521892249584197998e-01
1.402785331010818481e-01
1.510842740535736084e-01
1.716068089008331299e-01
1.559984534978866577e-01
1.360149979591369629e-01
1.518490016460418701e-01
1.503758132457733154e-01
1.651149690151214600e-01
1.560920476913452148e-01
1.553049385547637939e-01
1.610255390405654907e-01
1.717526912689208984e-01
1.673723906278610229e-01
1.545907557010650635e-01
1.715243011713027954e-01
1.629576683044433594e-01
1.626794040203094482e-01
1.806530356407165527e-01
1.757752001285552979e-01
1.570997387170791626e-01
1.976883411407470703e-01
1.681439578533172607e-01
1.545880138874053955e-01
1.672409772872924805e-01
1.767104119062423706e-01
1.651747375726699829e-01
1.896804571151733398e-01
1.705371290445327759e-01
1.898965239524841309e-01
1.635995507240295410e-01
1.809851676225662231e-01
1.721476167440414429e-01
1.647152900695800781e-01
1.513101160526275635e-01
1.930697262287139893e-01
1.796339750289916992e-01
1.733644306659698486e-01
1.778959631919860840e-01
1.589062660932540894e-01
1.612109690904617310e-01
1.663146913051605225e-01
1.630714386701583862e-01
1.727861315011978149e-01
1.717005074024200439e-01
1.698486059904098511e-01
1.917040199041366577e-01
2.022451907396316528e-01
1.526516973972320557e-01
1.693155765533447266e-01
1.967020183801651001e-01
1.619335412979125977e-01
1.940115541219711304e-01
1.878928691148757935e-01
1.580579727888107300e-01
2.075730562210083008e-01
1.796264052391052246e-01
1.822846084833145142e-01
1.912974268198013306e-01
1.665281653404235840e-01
2.347466498613357544e-01
1.546969413757324219e-01
1.824009120464324951e-01
2.000178843736648560e-01
1.804715245962142944e-01
1.807717531919479370e-01
2.109771668910980225e-01
1.848824769258499146e-01
2.041594237089157104e-01
1.674009561538696289e-01
1.852094531059265137e-01
2.003854215145111084e-01
1.814338415861129761e-01
1.818746626377105713e-01
2.105782181024551392e-01
2.156883478164672852e-01
1.783866584300994873e-01
2.156103253364562988e-01
1.988230645656585693e-01
2.128469645977020264e-01
2.113908082246780396e-01
1.895912438631057739e-01
1.974484473466873169e-01
1.790157556533813477e-01
1.878564506769180298e-01
2.028785049915313721e-01
2.302623689174652100e-01
1.987201571464538574e-01
2.032487988471984863e-01
1.972021162509918213e-01
2.035910338163375854e-01
2.054270356893539429e-01
2.177923172712326050e-01
2.226267904043197632e-01
2.108286321163177490e-01
2.359388172626495361e-01
2.200717180967330933e-01
2.236315011978149414e-01
2.140013277530670166e-01
2.373381257057189941e-01
2.326666861772537231e-01
2.150856405496597290e-01
1.986010968685150146e-01
2.339139878749847412e-01
2.209803760051727295e-01
2.352439463138580322e-01
2.215536236763000488e-01
2.293132245540618896e-01
2.041597217321395874e-01
2.276088595390319824e-01
2.163914740085601807e-01
2.466861456632614136e-01
2.485163360834121704e-01
1.988652050495147705e-01
2.259527891874313354e-01
2.244635671377182007e-01
2.081969976425170898e-01
2.360097616910934448e-01
2.244362086057662964e-01
2.455779463052749634e-01
2.497066408395767212e-01
2.150419652462005615e-01
2.423712760210037231e-01
2.328034341335296631e-01
2.077065706253051758e-01
2.324511855840682983e-01
2.418704330921173096e-01
2.423307746648788452e-01
2.591243684291839600e-01
2.388939857482910156e-01
2.408589124679565430e-01
2.438487261533737183e-01
2.484782040119171143e-01
2.738552391529083252e-01
2.253257483243942261e-01
2.515352368354797363e-01
2.488389313220977783e-01
2.492185533046722412e-01
2.386516183614730835e-01
2.145473957061767578e-01
2.430536597967147827e-01
2.548338770866394043e-01
2.409070134162902832e-01
2.391271889209747314e-01
2.306165248155593872e-01
2.821224033832550049e-01
2.343690395355224609e-01
2.580311000347137451e-01
2.566395998001098633e-01
2.427578121423721313e-01
2.234543114900588989e-01
2.401579916477203369e-01
2.407687604427337646e-01
2.733616232872009277e-01
2.833209633827209473e-01
2.261967062950134277e-01
2.751586735248565674e-01
2.648136317729949951e-01
2.594098448753356934e-01
3.180023729801177979e-01
2.779663503170013428e-01
2.431100308895111084e-01
2.438332885503768921e-01
2.587761282920837402e-01
2.437890321016311646e-01
3.200751841068267822e-01
2.636899352073669434e-01
2.489977478981018066e-01
2.397533804178237915e-01
2.790933251380920410e-01
2.530249953269958496e-01
2.836565673351287842e-01
2.865099608898162842e-01
2.881878614425659180e-01
2.253593802452087402e-01
2.948936522006988525e-01
2.993996441364288330e-01
2.407535016536712646e-01
2.482520043849945068e-01
2.670078873634338379e-01
2.739451527595520020e-01
2.778655588626861572e-01
2.831802964210510254e-01
3.007732033729553223e-01
3.012331724166870117e-01
2.749340832233428955e-01
2.940931618213653564e-01
3.102041482925415039e-01
2.677969932556152344e-01
3.135406970977783203e-01
3.180380761623382568e-01
2.708283364772796631e-01
2.670684754848480225e-01
2.861122786998748779e-01
3.031296432018280029e-01
2.851347923278808594e-01
2.975922822952270508e-01
2.768333256244659424e-01
3.018656671047210693e-01
3.253725469112396240e-01
3.085449635982513428e-01
3.342293202877044678e-01
2.599036991596221924e-01
3.202586174011230469e-01
2.955410480499267578e-01
3.028237223625183105e-01
2.963535189628601074e-01
2.989530563354492188e-01
2.887825369834899902e-01
3.084282279014587402e-01
3.009679317474365234e-01
3.262980878353118896e-01
3.274078369140625000e-01
3.038397729396820068e-01
3.390343487262725830e-01
3.281300067901611328e-01
3.220199048519134521e-01
3.429610729217529297e-01
3.385419249534606934e-01
3.305491209030151367e-01
3.603508472442626953e-01
3.259094655513763428e-01
3.184124231338500977e-01
3.038336634635925293e-01
3.250991702079772949e-01
3.315418064594268799e-01
3.072403967380523682e-01
3.227042257785797119e-01
3.174284100532531738e-01
3.194214999675750732e-01
3.448908030986785889e-01
3.729324340820312500e-01
3.312300443649291992e-01
3.491470813751220703e-01
3.278507888317108154e-01
3.815660178661346436e-01
3.405857682228088379e-01
3.024334609508514404e-01
3.389753401279449463e-01
3.437115252017974854e-01
3.674541413784027100e-01
3.174414336681365967e-01
3.552494943141937256e-01
3.368768393993377686e-01
3.991307318210601807e-01
3.755609095096588135e-01
3.991657495498657227e-01
3.021749556064605713e-01
3.154910206794738770e-01
3.470770120620727539e-01
3.456972241401672363e-01
3.367478549480438232e-01
3.710688650608062744e-01
3.396237790584564209e-01
3.995301127433776855e-01
3.983736038208007812e-01
3.840767145156860352e-01
3.532086908817291260e-01
3.396600782871246338e-01
3.764867484569549561e-01
3.477410376071929932e-01
3.554007709026336670e-01
3.958812057971954346e-01
3.363446593284606934e-01
3.540095686912536621e-01
3.215578496456146240e-01
4.129563868045806885e-01
3.331466615200042725e-01
3.548442125320434570e-01
3.753255009651184082e-01
3.372746109962463379e-01
3.604517579078674316e-01
4.227442145347595215e-01
4.407056272029876709e-01
3.842744827270507812e-01
4.144670963287353516e-01
3.683075606822967529e-01
3.683176338672637939e-01
4.052493870258331299e-01
4.463846385478973389e-01
4.483115375041961670e-01
3.208903074264526367e-01
4.066978991031646729e-01
3.896172344684600830e-01
3.870132863521575928e-01
3.901887834072113037e-01
3.899927735328674316e-01
3.932489752769470215e-01
4.087281227111816406e-01
4.217788279056549072e-01
4.358698129653930664e-01
4.376602172851562500e-01
4.517807066440582275e-01
3.490822613239288330e-01
3.787669539451599121e-01
4.672338664531707764e-01
3.801006078720092773e-01
3.745729625225067139e-01
4.233319163322448730e-01
4.633598923683166504e-01
4.804815351963043213e-01
4.457376003265380859e-01
4.113297164440155029e-01
4.169886410236358643e-01
4.293799400329589844e-01
4.180831909179687500e-01
4.442945420742034912e-01
3.998476564884185791e-01
3.949642479419708252e-01
4.295978844165802002e-01
4.168825745582580566e-01
5.015161633491516113e-01
4.351466596126556396e-01
4.176996946334838867e-01
4.241819977760314941e-01
4.062285721302032471e-01
3.621603250503540039e-01
4.221037626266479492e-01
4.287010431289672852e-01
4.204204678535461426e-01
4.030342996120452881e-01
4.327222406864166260e-01
4.432700276374816895e-01
3.953724801540374756e-01
4.518108665943145752e-01
4.721011817455291748e-01
4.529990255832672119e-01
4.162573814392089844e-01
4.049169719219207764e-01
3.737665414810180664e-01
3.552127182483673096e-01
4.737034440040588379e-01
4.279505610466003418e-01
4.207611083984375000e-01
4.985948204994201660e-01
5.126234889030456543e-01
5.379433631896972656e-01
4.356352686882019043e-01
5.187040567398071289e-01
4.707254767417907715e-01
4.448637664318084717e-01
4.773724377155303955e-01
4.567325711250305176e-01
4.760561287403106689e-01
4.593724906444549561e-01
4.929934442043304443e-01
4.330205619335174561e-01
4.694219529628753662e-01
4.826932251453399658e-01
4.873484373092651367e-01
4.846086502075195312e-01
4.196259081363677979e-01
4.363628029823303223e-01
4.231034517288208008e-01
4.944042563438415527e-01
4.733972847461700439e-01
4.809727668762207031e-01
4.608898460865020752e-01
4.430021345615386963e-01
5.012345910072326660e-01
4.377810060977935791e-01
5.241469740867614746e-01
4.730749130249023438e-01
5.237774848937988281e-01
4.739286303520202637e-01
4.715855121612548828e-01
4.545831382274627686e-01
4.594068527221679688e-01
4.607019722461700439e-01
4.773443639278411865e-01
4.752230644226074219e-01
4.833162426948547363e-01
4.035629034042358398e-01
4.974817037582397461e-01
4.580147266387939453e-01
4.171960055828094482e-01
4.761426746845245361e-01
5.007315874099731445e-01
3.695705533027648926e-01
5.025100708007812500e-01
4.448682367801666260e-01
4.461100697517395020e-01
5.087990164756774902e-01
4.681200683116912842e-01
4.970708489418029785e-01
5.142447352409362793e-01
4.447052478790283203e-01
4.726465940475463867e-01
5.106233954429626465e-01
4.520497918128967285e-01
4.718752205371856689e-01
4.206104576587677002e-01
5.082395672798156738e-01
4.749121963977813721e-01
4.947209954261779785e-01
4.993767738342285156e-01
5.380932688713073730e-01
5.304785370826721191e-01
5.075370073318481445e-01
5.911136269569396973e-01
5.557337403297424316e-01
5.401386618614196777e-01
5.164221525192260742e-01
4.989707171916961670e-01
4.997869729995727539e-01
4.430132210254669189e-01
5.292291641235351562e-01
4.944738149642944336e-01
5.467476844787597656e-01
4.904503524303436279e-01
5.811028480529785156e-01
5.076407790184020996e-01
5.527939796447753906e-01
5.470204949378967285e-01
5.146811604499816895e-01
5.205146670341491699e-01
5.808820128440856934e-01
5.369278192520141602e-01
4.960065186023712158e-01
5.579024553298950195e-01
4.910181462764739990e-01
4.704082608222961426e-01
5.181047320365905762e-01
5.259476304054260254e-01
5.128441452980041504e-01
5.568740367889404297e-01
5.367243885993957520e-01
5.856458544731140137e-01
4.882849752902984619e-01
5.570315718650817871e-01
5.503003001213073730e-01
5.056416988372802734e-01
5.611318349838256836e-01
6.107861995697021484e-01
5.286940336227416992e-01
5.878403782844543457e-01
5.434665083885192871e-01
5.909925699234008789e-01
6.163653731346130371e-01
5.831884741783142090e-01
6.429196596145629883e-01
5.875471830368041992e-01
5.960627198219299316e-01
5.846267938613891602e-01
6.566675901412963867e-01
5.079050064086914062e-01
5.635352730751037598e-01
6.496272683143615723e-01
6.247884631156921387e-01
5.476213693618774414e-01
6.395224928855895996e-01
5.466800332069396973e-01
5.894870162010192871e-01
5.503712296485900879e-01
5.773234963417053223e-01
6.421154737472534180e-01
6.330668926239013672e-01
6.287715435028076172e-01
5.661348700523376465e-01
5.823711156845092773e-01
5.949196219444274902e-01
5.460299253463745117e-01
7.123214602470397949e-01
7.356671094894409180e-01
5.724083185195922852e-01
6.643705964088439941e-01
6.688507199287414551e-01
5.640572905540466309e-01
6.458833217620849609e-01
5.989460349082946777e-01
6.673784255981445312e-01
6.083756089210510254e-01
6.041339635848999023e-01
5.909367799758911133e-01
5.836970806121826172e-01
7.167176604270935059e-01
6.488606929779052734e-01
6.729362010955810547e-01
6.758080720901489258e-01
7.171971797943115234e-01
6.717687845230102539e-01
5.704371333122253418e-01
5.900325775146484375e-01
5.810311436653137207e-01
7.168001532554626465e-01
6.458821892738342285e-01
6.915315985679626465e-01
6.862021684646606445e-01
6.374908685684204102e-01
6.546285152435302734e-01
6.216143369674682617e-01
5.617624521255493164e-01
7.375100851058959961e-01
6.609939932823181152e-01
8.069275021553039551e-01
6.820003390312194824e-01
6.961432099342346191e-01
6.907472014427185059e-01
6.125042438507080078e-01
7.078120112419128418e-01
6.485045552253723145e-01
7.053837776184082031e-01
6.845252513885498047e-01
6.752623319625854492e-01
6.605487465858459473e-01
7.493366599082946777e-01
6.624389886856079102e-01
7.489228248596191406e-01
5.605058670043945312e-01
6.843409538269042969e-01
6.711643338203430176e-01
8.117635250091552734e-01
6.975536942481994629e-01
7.580824494361877441e-01
7.789325118064880371e-01
7.057052254676818848e-01
7.844266295433044434e-01
6.694142818450927734e-01
7.179934978485107422e-01
6.977646350860595703e-01
7.321389913558959961e-01
6.234160661697387695e-01
7.552099227905273438e-01
7.143793702125549316e-01
7.240816354751586914e-01
7.238246798515319824e-01
6.978664398193359375e-01
7.765982747077941895e-01
7.508279085159301758e-01
7.686275839805603027e-01
7.165642380714416504e-01
7.807968854904174805e-01
7.371706366539001465e-01
6.996313929557800293e-01
7.446107268333435059e-01
7.299392223358154297e-01
7.466408610343933105e-01
6.529672741889953613e-01
7.385924458503723145e-01
7.588066458702087402e-01
7.714708447456359863e-01
7.881396412849426270e-01
9.053969979286193848e-01
6.951897144317626953e-01
8.279178738594055176e-01
8.413118720054626465e-01
7.294979095458984375e-01
7.241733074188232422e-01
8.498266935348510742e-01
7.338449954986572266e-01
7.818262577056884766e-01
7.577360868453979492e-01
8.363210558891296387e-01
8.103712797164916992e-01
8.770781755447387695e-01
9.219542741775512695e-01
8.015878200531005859e-01
8.096044659614562988e-01
8.787211775779724121e-01
7.325770258903503418e-01
9.259425997734069824e-01
8.249825239181518555e-01
9.238225221633911133e-01
7.502048015594482422e-01
9.088389873504638672e-01
7.746227979660034180e-01
8.090170621871948242e-01
7.827742695808410645e-01
7.918907999992370605e-01
7.394539713859558105e-01
8.090333938598632812e-01
7.604473829269409180e-01
7.403426766395568848e-01
8.038780689239501953e-01
8.619838953018188477e-01
9.362767338752746582e-01
7.985125780105590820e-01
7.164568901062011719e-01
7.974709868431091309e-01
9.165827035903930664e-01
7.930061817169189453e-01
8.288822770118713379e-01
7.430674433708190918e-01
8.863357305526733398e-01
7.919437289237976074e-01
8.266539573669433594e-01
8.261301517486572266e-01
8.134184479713439941e-01
7.622982263565063477e-01
8.250196576118469238e-01
8.023291230201721191e-01
7.545129656791687012e-01
7.556219696998596191e-01
8.406104445457458496e-01
9.807696342468261719e-01
7.930977940559387207e-01
8.972122669219970703e-01
8.193765878677368164e-01
8.757009506225585938e-01
6.934093236923217773e-01
8.316484093666076660e-01
8.341686725616455078e-01
8.109663128852844238e-01
8.877535462379455566e-01
8.565250039100646973e-01
9.095637202262878418e-01
8.822184205055236816e-01
9.620886445045471191e-01
8.664425015449523926e-01
8.349437117576599121e-01
9.841009974479675293e-01
9.589072465896606445e-01
8.382204771041870117e-01
7.659653425216674805e-01
8.014161586761474609e-01
7.912033200263977051e-01
8.897905349731445312e-01
8.900705575942993164e-01
8.638512492179870605e-01
8.911001086235046387e-01
8.918607234954833984e-01
9.012042284011840820e-01
8.849689364433288574e-01
9.861692786216735840e-01
9.019323587417602539e-01
9.601210355758666992e-01
9.493359327316284180e-01
1.057933330535888672e+00
9.103659391403198242e-01
1.023267030715942383e+00
9.054992794990539551e-01
9.014504551887512207e-01
8.173539042472839355e-01
8.943600654602050781e-01
9.779841303825378418e-01
9.765137434005737305e-01
9.091035127639770508e-01
9.056616425514221191e-01
9.939256310462951660e-01
9.740887880325317383e-01
9.376276731491088867e-01
1.044592976570129395e+00
9.699133634567260742e-01
9.401886463165283203e-01
9.062700271606445312e-01
8.524217605590820312e-01
9.141029715538024902e-01
9.385434389114379883e-01
9.836689233779907227e-01
8.400117158889770508e-01
9.791264533996582031e-01
1.011660456657409668e+00
9.095830321311950684e-01
9.013222455978393555e-01
8.217145204544067383e-01
1.022237896919250488e+00
9.235344529151916504e-01
9.809766411781311035e-01
1.013041615486145020e+00
9.577744007110595703e-01
9.749560356140136719e-01
8.575420975685119629e-01
9.907916188240051270e-01
9.904193878173828125e-01
1.098938584327697754e+00
9.074616432189941406e-01
8.441487550735473633e-01
1.012350916862487793e+00
9.255015254020690918e-01
9.316993951797485352e-01
1.045573115348815918e+00
8.421676158905029297e-01
1.052680492401123047e+00
1.030598640441894531e+00
1.030541062355041504e+00
1.074159383773803711e+00
9.491901993751525879e-01
1.055119037628173828e+00
1.078041195869445801e+00
1.046903610229492188e+00
1.110924839973449707e+00
9.869599342346191406e-01
8.463532328605651855e-01
9.828131198883056641e-01
1.075741410255432129e+00
1.025797843933105469e+00
8.827117681503295898e-01
1.002035021781921387e+00
1.114341259002685547e+00
1.039482355117797852e+00
1.081416964530944824e+00
1.067461371421813965e+00
9.741157293319702148e-01
9.653810858726501465e-01
1.026216268539428711e+00
1.093884944915771484e+00
1.089810490608215332e+00
1.075830221176147461e+00
1.101221203804016113e+00
1.054952859878540039e+00
1.066270112991333008e+00
1.045577645301818848e+00
9.390904903411865234e-01
1.089358687400817871e+00
1.102926254272460938e+00
1.158310294151306152e+00
1.088456511497497559e+00
1.173141837120056152e+00
1.035133004188537598e+00
1.003948450088500977e+00
1.010727882385253906e+00
9.927951693534851074e-01
1.037246704101562500e+00
1.089719533920288086e+00
1.093037366867065430e+00
1.089119791984558105e+00
1.158164620399475098e+00
1.107977509498596191e+00
1.086911916732788086e+00
1.195892572402954102e+00
1.054945588111877441e+00
1.195348501205444336e+00
1.065061807632446289e+00
1.277063488960266113e+00
1.152373790740966797e+00
1.177343606948852539e+00
1.155465245246887207e+00
1.233938694000244141e+00
1.145648479461669922e+00
1.080306291580200195e+00
1.145884156227111816e+00
1.138308882713317871e+00
1.094960451126098633e+00
1.120363712310791016e+00
1.175278782844543457e+00
1.060937047004699707e+00
1.199889659881591797e+00
1.180496096611022949e+00
1.181021213531494141e+00
1.207171320915222168e+00
1.102478504180908203e+00
1.109767436981201172e+00
1.204111099243164062e+00
9.617820978164672852e-01
1.064722180366516113e+00
1.172569870948791504e+00
1.102920651435852051e+00
1.114289999008178711e+00
1.246450781822204590e+00
1.127952098846435547e+00
9.892854094505310059e-01
1.141785860061645508e+00
1.216284155845642090e+00
1.206919670104980469e+00
1.040261745452880859e+00
1.194596529006958008e+00
1.164023756980895996e+00
1.079974412918090820e+00
1.183338403701782227e+00
1.157694458961486816e+00
1.131705284118652344e+00
1.144019007682800293e+00
1.062373995780944824e+00
1.217584729194641113e+00
1.321606636047363281e+00
1.042022943496704102e+00
1.201045989990234375e+00
1.276097416877746582e+00
1.202016830444335938e+00
1.302546143531799316e+00
1.165222048759460449e+00
1.293865442276000977e+00
1.178193569183349609e+00
1.262013673782348633e+00
1.201538324356079102e+00
1.216565728187561035e+00
1.094398856163024902e+00
