6.973682902753353119e-03
9.191972203552722931e-03
9.963710792362689972e-03
9.310069493949413300e-03
7.724241912364959717e-02
4.299444705247879028e-02
4.978637397289276123e-02
3.293928503990173340e-02
3.098254092037677765e-02
1.862553134560585022e-02
8.781820535659790039e-02
1.069026365876197815e-01
1.384498924016952515e-01
1.384355276823043823e-01
1.921862810850143433e-01
1.355588436126708984e-01
1.177870035171508789e-01
1.353355348110198975e-01
1.123215109109878540e-01
1.090951040387153625e-01
6.677182763814926147e-02
5.507672205567359924e-02
5.285586044192314148e-02
5.335641652345657349e-02
5.070786178112030029e-02
4.896730929613113403e-02
5.014781281352043152e-02
4.881625622510910034e-02
4.857701808214187622e-02
4.709813743829727173e-02
4.476112127304077148e-02
4.361286014318466187e-02
4.190087690949440002e-02
4.050109907984733582e-02
4.101595282554626465e-02
4.027619957923889160e-02
4.149635881185531616e-02
4.298939183354377747e-02
4.684909805655479431e-02
4.808035120368003845e-02
5.158859491348266602e-02
5.373738706111907959e-02
5.627306923270225525e-02
5.931906774640083313e-02
6.721410900354385376e-02
6.895396113395690918e-02
7.129948586225509644e-02
7.253666222095489502e-02
7.100875675678253174e-02
6.975376605987548828e-02
7.070230692625045776e-02
7.798183709383010864e-02
8.280737698078155518e-02
9.200024604797363281e-02
8.648961037397384644e-02
8.361486345529556274e-02
8.656695485115051270e-02
9.081093966960906982e-02
8.883175998926162720e-02
8.993678539991378784e-02
9.335262328386306763e-02
9.733615815639495850e-02
1.004352420568466187e-01
1.042128577828407288e-01
1.046156287193298340e-01
1.072641164064407349e-01
1.089527606964111328e-01
1.149138361215591431e-01
1.211227178573608398e-01
1.210702806711196899e-01
1.236529201269149780e-01
1.260205805301666260e-01
1.292110234498977661e-01
1.333823204040527344e-01
1.325414478778839111e-01
1.368607729673385620e-01
1.395156383514404297e-01
1.450745910406112671e-01
1.494002193212509155e-01
1.553491801023483276e-01
1.570038646459579468e-01
1.595110148191452026e-01
1.688210070133209229e-01
1.730822771787643433e-01
1.796702593564987183e-01
1.869984418153762817e-01
1.909626126289367676e-01
1.957839727401733398e-01
2.030821293592453003e-01
2.086433917284011841e-01
2.121224999427795410e-01
2.149135172367095947e-01
2.228131145238876343e-01
2.223740667104721069e-01
2.233162075281143188e-01
2.288782894611358643e-01
2.299958765506744385e-01
2.349912226200103760e-01
2.430826425552368164e-01
2.412516176700592041e-01
2.438696324825286865e-01
2.420399188995361328e-01
2.507714331150054932e-01
2.473666518926620483e-01
2.489928901195526123e-01
2.504055202007293701e-01
2.429015040397644043e-01
2.445455342531204224e-01
2.365003377199172974e-01
2.374582141637802124e-01
2.365551143884658813e-01
2.385050356388092041e-01
2.415105551481246948e-01
2.446752786636352539e-01
2.462736815214157104e-01
2.460512369871139526e-01
2.432514578104019165e-01
2.487000823020935059e-01
2.494877874851226807e-01
2.629832029342651367e-01
2.747774124145507812e-01
2.770421802997589111e-01
2.770441174507141113e-01
2.931110858917236328e-01
2.914889752864837646e-01
2.882441878318786621e-01
2.858400046825408936e-01
2.876311540603637695e-01
2.944505512714385986e-01
2.917328178882598877e-01
2.932748198509216309e-01
2.874449491500854492e-01
2.769441008567810059e-01
2.676098942756652832e-01
2.637622058391571045e-01
2.534723877906799316e-01
2.509166896343231201e-01
2.484227418899536133e-01
2.447598576545715332e-01
2.379094064235687256e-01
2.389839738607406616e-01
2.358572483062744141e-01
2.342098355293273926e-01
2.305228114128112793e-01
2.410071343183517456e-01
2.437909543514251709e-01
2.363155186176300049e-01
2.420543879270553589e-01
2.829489111900329590e-01
2.483951747417449951e-01
2.747105062007904053e-01
2.583848536014556885e-01
2.715533971786499023e-01
2.736987769603729248e-01
2.801840603351593018e-01
2.931459546089172363e-01
2.788191139698028564e-01
3.041459321975708008e-01
2.833507061004638672e-01
2.762413024902343750e-01
2.747572958469390869e-01
2.858054339885711670e-01
2.819015979766845703e-01
2.884975671768188477e-01
2.915928959846496582e-01
2.920942604541778564e-01
2.942505776882171631e-01
3.049166798591613770e-01
3.067888915538787842e-01
3.047108650207519531e-01
3.041720688343048096e-01
2.969660758972167969e-01
3.078890442848205566e-01
3.031263053417205811e-01
3.163453936576843262e-01
3.291206061840057373e-01
3.130865395069122314e-01
3.278842866420745850e-01
3.386757671833038330e-01
3.335852026939392090e-01
3.434190154075622559e-01
3.466805815696716309e-01
3.376387953758239746e-01
3.801677227020263672e-01
3.352246582508087158e-01
3.563283085823059082e-01
3.602895438671112061e-01
3.569418787956237793e-01
3.449124693870544434e-01
3.804455697536468506e-01
3.585952222347259521e-01
3.918336927890777588e-01
3.767545223236083984e-01
3.776473999023437500e-01
4.080266058444976807e-01
4.002497792243957520e-01
4.073852002620697021e-01
4.246289134025573730e-01
4.214081466197967529e-01
4.151271879673004150e-01
4.281222820281982422e-01
4.290856420993804932e-01
4.084876477718353271e-01
4.264129698276519775e-01
4.455970823764801025e-01
4.477796256542205811e-01
4.491741955280303955e-01
4.204816222190856934e-01
4.281742572784423828e-01
4.447856247425079346e-01
4.563382565975189209e-01
4.565116763114929199e-01
4.471654295921325684e-01
4.319509863853454590e-01
4.317638278007507324e-01
4.293474853038787842e-01
4.478147625923156738e-01
4.813151657581329346e-01
4.836798310279846191e-01
4.654518663883209229e-01
4.393652677536010742e-01
4.783319234848022461e-01
4.624424278736114502e-01
4.459733664989471436e-01
4.682606160640716553e-01
4.816083312034606934e-01
4.808503389358520508e-01
4.716399013996124268e-01
4.597620368003845215e-01
4.594044387340545654e-01
4.805954694747924805e-01
4.559089839458465576e-01
5.092993378639221191e-01
5.036911964416503906e-01
5.025642514228820801e-01
4.876160621643066406e-01
5.356554985046386719e-01
5.011393427848815918e-01
5.058824419975280762e-01
5.182591676712036133e-01
5.397871732711791992e-01
5.201451778411865234e-01
4.619102776050567627e-01
5.102707147598266602e-01
5.475860238075256348e-01
4.874349832534790039e-01
5.141298770904541016e-01
5.189903974533081055e-01
4.752401113510131836e-01
5.064517855644226074e-01
4.731025099754333496e-01
5.143364071846008301e-01
5.267287492752075195e-01
5.136632323265075684e-01
5.334455370903015137e-01
4.789994955062866211e-01
5.114445686340332031e-01
5.134475231170654297e-01
5.812987685203552246e-01
5.213934183120727539e-01
4.661954343318939209e-01
4.650205671787261963e-01
5.394578576087951660e-01
5.129977464675903320e-01
5.077298879623413086e-01
4.702203869819641113e-01
5.184382200241088867e-01
5.122026801109313965e-01
4.694980978965759277e-01
5.862129926681518555e-01
4.762840270996093750e-01
5.621335506439208984e-01
4.959715306758880615e-01
4.999551475048065186e-01
4.797739088535308838e-01
5.220313072204589844e-01
5.060888528823852539e-01
4.257332086563110352e-01
4.772048294544219971e-01
5.335935354232788086e-01
4.852566123008728027e-01
4.851288497447967529e-01
5.367683172225952148e-01
4.971767663955688477e-01
4.965720176696777344e-01
5.079406499862670898e-01
4.880888760089874268e-01
4.921809136867523193e-01
5.136395096778869629e-01
6.032472848892211914e-01
4.923132359981536865e-01
5.068405866622924805e-01
4.700056016445159912e-01
4.914108514785766602e-01
5.108966231346130371e-01
5.556937456130981445e-01
4.934408962726593018e-01
4.841773808002471924e-01
5.394126176834106445e-01
5.155355334281921387e-01
5.103159546852111816e-01
5.084906816482543945e-01
5.261203646659851074e-01
4.951373636722564697e-01
5.141006112098693848e-01
5.186175704002380371e-01
5.677333474159240723e-01
5.100785493850708008e-01
4.928617179393768311e-01
5.375405550003051758e-01
5.371452569961547852e-01
5.506721735000610352e-01
5.408249497413635254e-01
5.411475896835327148e-01
5.017091035842895508e-01
5.044412612915039062e-01
5.337270498275756836e-01
5.504946708679199219e-01
5.324696302413940430e-01
5.564005970954895020e-01
5.425934195518493652e-01
5.760324597358703613e-01
4.587690830230712891e-01
5.137824416160583496e-01
6.273519396781921387e-01
5.493071079254150391e-01
4.741363525390625000e-01
5.812059640884399414e-01
5.140110850334167480e-01
5.590974092483520508e-01
6.116768121719360352e-01
4.871551096439361572e-01
5.218898653984069824e-01
5.648369789123535156e-01
5.302579998970031738e-01
5.331311821937561035e-01
5.298885703086853027e-01
5.314566493034362793e-01
5.548620223999023438e-01
5.160707235336303711e-01
5.470573902130126953e-01
5.724923014640808105e-01
5.923168659210205078e-01
5.584233999252319336e-01
5.535062551498413086e-01
5.248507261276245117e-01
6.038479208946228027e-01
6.374353170394897461e-01
6.251272559165954590e-01
5.376575589179992676e-01
6.023734211921691895e-01
5.911441445350646973e-01
6.764312982559204102e-01
5.814210176467895508e-01
5.927469134330749512e-01
6.025687456130981445e-01
6.654539704322814941e-01
6.171178221702575684e-01
6.245719194412231445e-01
6.424235701560974121e-01
6.234144568443298340e-01
5.988016128540039062e-01
6.088082790374755859e-01
6.273489594459533691e-01
5.879623889923095703e-01
5.625726580619812012e-01
6.411158442497253418e-01
6.037758588790893555e-01
6.445938944816589355e-01
6.206938028335571289e-01
5.753061175346374512e-01
5.562803149223327637e-01
5.903052091598510742e-01
6.412513852119445801e-01
6.170272231101989746e-01
6.812378168106079102e-01
5.633226037025451660e-01
6.099827289581298828e-01
6.776396632194519043e-01
6.334826946258544922e-01
6.733501553535461426e-01
6.586467027664184570e-01
6.577228307723999023e-01
7.192234992980957031e-01
6.079164743423461914e-01
7.340427637100219727e-01
6.229403018951416016e-01
6.224496960639953613e-01
6.460660696029663086e-01
7.535818815231323242e-01
6.787435412406921387e-01
6.430909633636474609e-01
6.558271646499633789e-01
6.447952985763549805e-01
6.288414597511291504e-01
6.039860844612121582e-01
6.465291976928710938e-01
6.556844711303710938e-01
6.076463460922241211e-01
6.443415284156799316e-01
6.886970400810241699e-01
6.739436984062194824e-01
7.489832639694213867e-01
6.381760835647583008e-01
6.164716482162475586e-01
7.040719985961914062e-01
7.286895513534545898e-01
6.900344491004943848e-01
7.336723804473876953e-01
6.922096610069274902e-01
7.222253680229187012e-01
6.342816352844238281e-01
7.038103342056274414e-01
7.246201038360595703e-01
6.624540686607360840e-01
7.322748303413391113e-01
6.305524706840515137e-01
6.315166354179382324e-01
6.968768239021301270e-01
7.062911391258239746e-01
7.346568703651428223e-01
6.852805018424987793e-01
6.701445579528808594e-01
6.039378643035888672e-01
7.708003520965576172e-01
7.365602254867553711e-01
7.221044898033142090e-01
8.067821264266967773e-01
7.264537811279296875e-01
7.521027922630310059e-01
6.434093117713928223e-01
7.364059090614318848e-01
6.928669214248657227e-01
7.071291208267211914e-01
6.937370896339416504e-01
6.944127082824707031e-01
6.852907538414001465e-01
7.009845376014709473e-01
8.206955194473266602e-01
6.939569711685180664e-01
6.918035149574279785e-01
7.268835306167602539e-01
7.209094166755676270e-01
7.305321097373962402e-01
6.779927611351013184e-01
7.010784745216369629e-01
7.407822012901306152e-01
6.961997151374816895e-01
7.558507919311523438e-01
8.212215304374694824e-01
6.499866843223571777e-01
6.740119457244873047e-01
6.872867941856384277e-01
6.851347684860229492e-01
8.034702539443969727e-01
7.960867881774902344e-01
6.712470650672912598e-01
8.004310727119445801e-01
7.182070016860961914e-01
7.044033408164978027e-01
6.963392496109008789e-01
7.326074838638305664e-01
7.576425671577453613e-01
7.387935519218444824e-01
7.586780786514282227e-01
6.579394340515136719e-01
8.276776075363159180e-01
7.439728975296020508e-01
7.410714030265808105e-01
7.256806492805480957e-01
7.576124072074890137e-01
6.818502545356750488e-01
7.756589651107788086e-01
8.120241165161132812e-01
8.449813127517700195e-01
8.385360240936279297e-01
8.475819826126098633e-01
7.828326225280761719e-01
7.389671206474304199e-01
7.493020296096801758e-01
7.907641530036926270e-01
8.478572964668273926e-01
8.165919184684753418e-01
7.783416509628295898e-01
7.935018539428710938e-01
7.538309097290039062e-01
9.315493702888488770e-01
8.397926092147827148e-01
8.416237235069274902e-01
7.147014737129211426e-01
7.846308946609497070e-01
8.261900544166564941e-01
6.984558105468750000e-01
7.658101916313171387e-01
8.023133873939514160e-01
8.096964955329895020e-01
7.800457477569580078e-01
7.368416786193847656e-01
7.867687940597534180e-01
7.104293107986450195e-01
8.601368665695190430e-01
8.498033881187438965e-01
7.279227375984191895e-01
8.388367891311645508e-01
8.638167381286621094e-01
8.452870249748229980e-01
8.233380317687988281e-01
7.207067608833312988e-01
8.138792514801025391e-01
8.784239292144775391e-01
7.645485997200012207e-01
7.925781607627868652e-01
7.600788474082946777e-01
9.113389849662780762e-01
8.221895694732666016e-01
8.102154731750488281e-01
7.699664235115051270e-01
7.081873416900634766e-01
8.058730363845825195e-01
9.118375778198242188e-01
7.140566110610961914e-01
7.885377407073974609e-01
8.840413689613342285e-01
7.978407740592956543e-01
8.034674525260925293e-01
9.018498659133911133e-01
8.117089867591857910e-01
8.149458169937133789e-01
9.169043302536010742e-01
8.217250704765319824e-01
7.123721837997436523e-01
7.717979550361633301e-01
8.829677104949951172e-01
8.070898652076721191e-01
6.883475780487060547e-01
8.100803494453430176e-01
7.805243134498596191e-01
7.043055891990661621e-01
8.124639987945556641e-01
8.479467630386352539e-01
7.967721223831176758e-01
7.842233777046203613e-01
8.471430540084838867e-01
7.323296666145324707e-01
8.015004992485046387e-01
7.830202579498291016e-01
8.340575098991394043e-01
7.140231728553771973e-01
9.074642062187194824e-01
8.790755867958068848e-01
8.155347108840942383e-01
8.364542126655578613e-01
8.570105433464050293e-01
8.018953800201416016e-01
8.020231723785400391e-01
8.238554596900939941e-01
8.201925158500671387e-01
8.243206739425659180e-01
8.094269037246704102e-01
9.058725833892822266e-01
8.677235245704650879e-01
8.121663928031921387e-01
8.675759434700012207e-01
8.767330050468444824e-01
8.012465834617614746e-01
9.185885190963745117e-01
7.730793356895446777e-01
9.208038449287414551e-01
7.519863843917846680e-01
7.792450785636901855e-01
8.170589804649353027e-01
9.369931221008300781e-01
7.565696239471435547e-01
8.831734657287597656e-01
7.338715791702270508e-01
8.300126791000366211e-01
7.916922569274902344e-01
8.020613789558410645e-01
9.149217605590820312e-01
8.609060645103454590e-01
8.449564576148986816e-01
8.364846110343933105e-01
9.150043129920959473e-01
8.577113747596740723e-01
8.909600973129272461e-01
8.233851194381713867e-01
9.549912214279174805e-01
9.410043954849243164e-01
8.900402784347534180e-01
9.498929977416992188e-01
8.975269794464111328e-01
8.155598044395446777e-01
7.999190092086791992e-01
9.122295975685119629e-01
8.832657933235168457e-01
9.038490056991577148e-01
9.373301863670349121e-01
8.850894570350646973e-01
1.024433732032775879e+00
8.247452974319458008e-01
8.864407539367675781e-01
8.682761192321777344e-01
8.442289829254150391e-01
8.578915596008300781e-01
7.862673401832580566e-01
9.319764375686645508e-01
8.913342356681823730e-01
8.008589148521423340e-01
8.820623159408569336e-01
8.134551048278808594e-01
9.254119992256164551e-01
8.950438499450683594e-01
1.023428440093994141e+00
9.371662735939025879e-01
9.544167518615722656e-01
7.295390367507934570e-01
9.648459553718566895e-01
9.793486595153808594e-01
9.014130830764770508e-01
9.949051737785339355e-01
1.053529977798461914e+00
8.172865509986877441e-01
8.980103731155395508e-01
9.854159355163574219e-01
1.091510295867919922e+00
9.967703819274902344e-01
9.130911827087402344e-01
9.099521636962890625e-01
9.412671923637390137e-01
9.458128809928894043e-01
8.973898291587829590e-01
9.161323308944702148e-01
8.360478281974792480e-01
8.840501904487609863e-01
9.928624033927917480e-01
1.029396176338195801e+00
8.867375254631042480e-01
9.204716682434082031e-01
8.130281567573547363e-01
1.053539395332336426e+00
9.235214591026306152e-01
8.651929497718811035e-01
9.552166461944580078e-01
9.807082414627075195e-01
8.947265148162841797e-01
8.834695816040039062e-01
1.062739372253417969e+00
8.693102002143859863e-01
8.663386106491088867e-01
9.450327754020690918e-01
8.182603716850280762e-01
9.680460095405578613e-01
1.005539894104003906e+00
9.144499897956848145e-01
1.009152650833129883e+00
9.101603031158447266e-01
9.587518572807312012e-01
8.697978258132934570e-01
1.113392114639282227e+00
8.868143558502197266e-01
9.949855804443359375e-01
1.077421665191650391e+00
1.110475182533264160e+00
1.104510545730590820e+00
1.091168642044067383e+00
9.079906344413757324e-01
1.005286216735839844e+00
9.027134776115417480e-01
1.039783954620361328e+00
1.053279161453247070e+00
9.731817841529846191e-01
9.966591596603393555e-01
9.338045716285705566e-01
9.764958024024963379e-01
9.885976910591125488e-01
9.344512820243835449e-01
8.975416421890258789e-01
9.900024533271789551e-01
1.038789272308349609e+00
9.698449969291687012e-01
1.023337006568908691e+00
8.975123763084411621e-01
9.411772489547729492e-01
9.593771696090698242e-01
9.242690205574035645e-01
1.165086030960083008e+00
1.018186450004577637e+00
9.948385953903198242e-01
9.886651635169982910e-01
1.018955230712890625e+00
1.192442417144775391e+00
9.941293001174926758e-01
1.065177440643310547e+00
9.851475954055786133e-01
8.800494670867919922e-01
9.316722750663757324e-01
1.186749219894409180e+00
1.053615570068359375e+00
1.140320897102355957e+00
9.483340382575988770e-01
1.025646805763244629e+00
1.045356631278991699e+00
1.221324920654296875e+00
1.028162837028503418e+00
9.370031356811523438e-01
9.576013088226318359e-01
1.052250504493713379e+00
8.775750994682312012e-01
9.569492340087890625e-01
1.001976490020751953e+00
9.213983416557312012e-01
9.856691360473632812e-01
9.976186752319335938e-01
1.026033639907836914e+00
9.930019974708557129e-01
1.048308610916137695e+00
9.559017419815063477e-01
1.042006134986877441e+00
9.691987037658691406e-01
1.038171529769897461e+00
9.564399123191833496e-01
9.872013926506042480e-01
1.078392982482910156e+00
9.321888685226440430e-01
1.007951378822326660e+00
1.014988422393798828e+00
1.007969260215759277e+00
1.045664310455322266e+00
1.087615132331848145e+00
1.020045876502990723e+00
1.064427971839904785e+00
9.197437763214111328e-01
1.036297798156738281e+00
1.033222317695617676e+00
1.044864892959594727e+00
1.038833975791931152e+00
1.039579987525939941e+00
1.106244325637817383e+00
1.049451470375061035e+00
9.787600040435791016e-01
1.006119966506958008e+00
9.074181914329528809e-01
1.063162803649902344e+00
1.137180447578430176e+00
9.551312923431396484e-01
1.044889807701110840e+00
1.114907979965209961e+00
1.002206325531005859e+00
1.096457839012145996e+00
1.019703507423400879e+00
1.089842438697814941e+00
1.196663379669189453e+00
1.061170458793640137e+00
1.066804766654968262e+00
1.008774042129516602e+00
9.846188426017761230e-01
1.097551703453063965e+00
9.382653832435607910e-01
1.004822850227355957e+00
9.721990823745727539e-01
1.074030756950378418e+00
1.052892327308654785e+00
9.757257103919982910e-01
9.324659109115600586e-01
1.015719771385192871e+00
1.115063786506652832e+00
1.092171072959899902e+00
1.078665256500244141e+00
1.026000618934631348e+00
1.061470150947570801e+00
1.093350052833557129e+00
9.589601755142211914e-01
1.070979952812194824e+00
9.284182786941528320e-01
9.388606548309326172e-01
1.084181785583496094e+00
1.098198771476745605e+00
1.035567879676818848e+00
9.688394665718078613e-01
1.003693342208862305e+00
9.668864607810974121e-01
1.037179589271545410e+00
1.044515490531921387e+00
1.044246554374694824e+00
1.080647945404052734e+00
1.041658759117126465e+00
1.001851797103881836e+00
9.448525309562683105e-01
1.026097178459167480e+00
1.026252627372741699e+00
1.020176410675048828e+00
1.224925994873046875e+00
8.831890821456909180e-01
1.187204480171203613e+00
1.086100578308105469e+00
9.324085116386413574e-01
1.054387927055358887e+00
1.002060770988464355e+00
1.027909994125366211e+00
1.060323953628540039e+00
9.678338170051574707e-01
1.054529547691345215e+00
1.017246842384338379e+00
9.195911884307861328e-01
1.029199004173278809e+00
1.096040844917297363e+00
1.077313303947448730e+00
1.034759998321533203e+00
1.129056692123413086e+00
1.044414401054382324e+00
1.152508974075317383e+00
1.091331839561462402e+00
1.031831860542297363e+00
1.057865500450134277e+00
1.004791378974914551e+00
1.158190131187438965e+00
1.190868735313415527e+00
1.102652549743652344e+00
9.960336089134216309e-01
1.078634262084960938e+00
1.008012294769287109e+00
9.956009387969970703e-01
1.196902513504028320e+00
1.107599854469299316e+00
1.134466767311096191e+00
1.016284823417663574e+00
1.170724391937255859e+00
1.083156704902648926e+00
1.159551501274108887e+00
1.062276601791381836e+00
1.116387963294982910e+00
1.034025788307189941e+00
1.124952912330627441e+00
1.107035160064697266e+00
1.047386527061462402e+00
1.043581843376159668e+00
1.078085899353027344e+00
1.136381864547729492e+00
1.163467884063720703e+00
1.006929159164428711e+00
1.074220418930053711e+00
1.055469512939453125e+00
1.176917195320129395e+00
1.124262928962707520e+00
1.003540039062500000e+00
1.160722851753234863e+00
1.156444311141967773e+00
9.961789846420288086e-01
1.283304691314697266e+00
1.172783255577087402e+00
1.118660330772399902e+00
1.075581908226013184e+00
1.171572089195251465e+00
1.251616954803466797e+00
1.097218275070190430e+00
1.072108149528503418e+00
1.106425762176513672e+00
1.153998136520385742e+00
1.074547290802001953e+00
1.099470734596252441e+00
1.190552473068237305e+00
9.185718297958374023e-01
9.629135131835937500e-01
1.085516214370727539e+00
1.134159207344055176e+00
1.177152156829833984e+00
1.073862314224243164e+00
1.184589862823486328e+00
1.213071942329406738e+00
1.018837571144104004e+00
1.094394207000732422e+00
1.243897914886474609e+00
1.105384469032287598e+00
1.164168477058410645e+00
1.084965825080871582e+00
1.037937283515930176e+00
1.196209907531738281e+00
1.119259715080261230e+00
1.121243000030517578e+00
1.182620525360107422e+00
1.244286894798278809e+00
1.048729538917541504e+00
1.039817333221435547e+00
1.043478727340698242e+00
1.106250762939453125e+00
1.268383979797363281e+00
1.156439423561096191e+00
1.296347618103027344e+00
1.095437288284301758e+00
1.128164291381835938e+00
1.251094102859497070e+00
1.165019273757934570e+00
1.256378412246704102e+00
1.030802130699157715e+00
1.278160452842712402e+00
1.133452892303466797e+00
1.251278400421142578e+00
1.173673391342163086e+00
1.081755161285400391e+00
1.219589233398437500e+00
1.303174257278442383e+00
1.072904109954833984e+00
1.117002248764038086e+00
1.172524929046630859e+00
1.223207235336303711e+00
1.342956781387329102e+00
1.186384797096252441e+00
1.325888633728027344e+00
1.122087001800537109e+00
1.197386384010314941e+00
1.258813977241516113e+00
1.081376194953918457e+00
1.247875809669494629e+00
1.287206649780273438e+00
1.211791872978210449e+00
1.176520586013793945e+00
1.328395247459411621e+00
1.075051784515380859e+00
1.385173082351684570e+00
1.327264904975891113e+00
1.159501552581787109e+00
1.366709232330322266e+00
1.280817866325378418e+00
1.271848440170288086e+00
1.256906032562255859e+00
1.101178407669067383e+00
1.244000554084777832e+00
1.292574286460876465e+00
1.483262658119201660e+00
1.282243728637695312e+00
1.331784963607788086e+00
1.321130394935607910e+00
1.409063577651977539e+00
1.378528356552124023e+00
1.392409682273864746e+00
1.514028072357177734e+00
1.213681459426879883e+00
1.066041231155395508e+00
1.463032007217407227e+00
1.180470466613769531e+00
1.444162368774414062e+00
1.376749753952026367e+00
1.221865534782409668e+00
1.268168687820434570e+00
1.240591526031494141e+00
1.282154798507690430e+00
1.291525363922119141e+00
1.250213384628295898e+00
1.378688216209411621e+00
1.329682469367980957e+00
1.275938749313354492e+00
1.243468761444091797e+00
1.584272503852844238e+00
1.132489800453186035e+00
1.200701117515563965e+00
1.156942844390869141e+00
1.341251254081726074e+00
1.239650130271911621e+00
1.272779822349548340e+00
1.184306144714355469e+00
1.312849879264831543e+00
1.315907716751098633e+00
1.528987884521484375e+00
1.301977992057800293e+00
1.216611981391906738e+00
1.184674978256225586e+00
1.215278387069702148e+00
1.436472296714782715e+00
1.135412573814392090e+00
1.311855077743530273e+00
1.301964998245239258e+00
1.362252235412597656e+00
1.340149641036987305e+00
1.469502925872802734e+00
1.383486270904541016e+00
1.305725455284118652e+00
1.346221446990966797e+00
1.383281230926513672e+00
1.405125498771667480e+00
1.327950835227966309e+00
1.227060437202453613e+00
1.295041918754577637e+00
1.264683246612548828e+00
1.482377290725708008e+00
1.328740835189819336e+00
1.483407855033874512e+00
1.291166543960571289e+00
1.186579823493957520e+00
1.358452916145324707e+00
1.572778582572937012e+00
1.124625682830810547e+00
1.517105937004089355e+00
1.394343018531799316e+00
1.377345323562622070e+00
1.314997434616088867e+00
1.325049638748168945e+00
1.434744477272033691e+00
1.254660725593566895e+00
1.443186283111572266e+00
1.227311372756958008e+00
