0.000000000000000000e+00
0.000000000000000000e+00
0.000000000000000000e+00
6.079807281494140625e-01
6.272451281547546387e-01
2.826405465602874756e-01
2.738685309886932373e-01
2.141736447811126709e-01
1.777865290641784668e-01
1.316880434751510620e-01
1.357571780681610107e-01
9.270611405372619629e-02
9.404253959655761719e-02
9.139391779899597168e-02
8.605891466140747070e-02
8.956927806138992310e-02
8.833589404821395874e-02
8.947149664163589478e-02
7.940109819173812866e-02
7.370083034038543701e-02
7.089556008577346802e-02
8.137142658233642578e-02
8.079003542661666870e-02
7.296493649482727051e-02
7.071022689342498779e-02
6.802545487880706787e-02
9.162703156471252441e-02
8.437663316726684570e-02
8.200511336326599121e-02
7.799806445837020874e-02
7.854660600423812866e-02
8.870329707860946655e-02
7.042486220598220825e-02
7.938577979803085327e-02
6.790316849946975708e-02
7.325123250484466553e-02
7.115725427865982056e-02
6.837659329175949097e-02
6.629747152328491211e-02
7.294872403144836426e-02
7.000976800918579102e-02
6.816536188125610352e-02
6.598670780658721924e-02
6.993304193019866943e-02
7.014265656471252441e-02
7.219514250755310059e-02
7.197521626949310303e-02
7.109060138463973999e-02
7.177948206663131714e-02
7.461929321289062500e-02
7.201385498046875000e-02
7.130040228366851807e-02
7.736884802579879761e-02
7.522497326135635376e-02
7.165252417325973511e-02
6.930835545063018799e-02
6.654991954565048218e-02
6.413426995277404785e-02
6.103632971644401550e-02
5.879016220569610596e-02
6.090134382247924805e-02
6.152898073196411133e-02
5.919001623988151550e-02
6.327468156814575195e-02
6.384167075157165527e-02
6.717910617589950562e-02
6.977849453687667847e-02
7.116572558879852295e-02
7.300245016813278198e-02
7.349728047847747803e-02
7.352261245250701904e-02
7.405746728181838989e-02
7.361119985580444336e-02
7.215259969234466553e-02
7.022163271903991699e-02
7.031437754631042480e-02
7.024355977773666382e-02
6.990853697061538696e-02
7.165981829166412354e-02
7.211259752511978149e-02
7.209644466638565063e-02
7.186517864465713501e-02
7.166583091020584106e-02
7.108502089977264404e-02
7.173224538564682007e-02
7.040528953075408936e-02
7.223777472972869873e-02
7.505354285240173340e-02
7.490685582160949707e-02
7.621421664953231812e-02
7.667411863803863525e-02
7.571053504943847656e-02
7.506474107503890991e-02
7.457312196493148804e-02
7.442631572484970093e-02
7.536595314741134644e-02
7.464343309402465820e-02
7.296518236398696899e-02
7.231222093105316162e-02
7.185339182615280151e-02
7.027974724769592285e-02
6.884995847940444946e-02
6.742909550666809082e-02
6.526961922645568848e-02
6.480563431978225708e-02
6.244499608874320984e-02
6.182489916682243347e-02
6.093509495258331299e-02
5.912616103887557983e-02
5.805633217096328735e-02
5.669733136892318726e-02
5.553612485527992249e-02
5.424448847770690918e-02
5.425820127129554749e-02
5.296071246266365051e-02
5.306185781955718994e-02
5.355245247483253479e-02
5.275442823767662048e-02
5.458975210785865784e-02
5.275252461433410645e-02
5.521801859140396118e-02
5.368525534868240356e-02
5.295445397496223450e-02
5.295010283589363098e-02
5.387592315673828125e-02
5.356645956635475159e-02
5.466458573937416077e-02
5.312507227063179016e-02
5.456587299704551697e-02
5.520187690854072571e-02
5.612701922655105591e-02
5.670581012964248657e-02
5.632343143224716187e-02
5.649932846426963806e-02
5.819035694003105164e-02
5.783006921410560608e-02
5.651844665408134460e-02
5.961661413311958313e-02
6.049117073416709900e-02
6.199280545115470886e-02
6.227792426943778992e-02
6.203488633036613464e-02
6.287134438753128052e-02
6.435895711183547974e-02
6.266402453184127808e-02
6.328941136598587036e-02
6.366751343011856079e-02
6.442932784557342529e-02
6.351282447576522827e-02
6.559634208679199219e-02
6.705062091350555420e-02
6.851819902658462524e-02
6.855059415102005005e-02
6.958955526351928711e-02
7.111085206270217896e-02
7.191970944404602051e-02
7.180134952068328857e-02
7.278101146221160889e-02
7.376623898744583130e-02
7.405052334070205688e-02
7.470238953828811646e-02
7.371903955936431885e-02
7.501057535409927368e-02
7.496403902769088745e-02
7.947430759668350220e-02
8.012501895427703857e-02
8.058497309684753418e-02
8.280605822801589966e-02
8.116795122623443604e-02
8.120658993721008301e-02
8.408094197511672974e-02
8.090204000473022461e-02
8.163662999868392944e-02
8.320388197898864746e-02
8.462148904800415039e-02
8.290074020624160767e-02
8.456648141145706177e-02
8.428145200014114380e-02
8.656013756990432739e-02
8.754800260066986084e-02
8.857449889183044434e-02
8.983892947435379028e-02
8.878584206104278564e-02
8.999247848987579346e-02
9.128884226083755493e-02
9.197761863470077515e-02
9.215430170297622681e-02
9.648109227418899536e-02
9.563096612691879272e-02
9.586520493030548096e-02
9.727032482624053955e-02
9.820635616779327393e-02
9.787517040967941284e-02
9.912931919097900391e-02
9.748398512601852417e-02
1.006181016564369202e-01
1.003488451242446899e-01
1.001297906041145325e-01
9.608618170022964478e-02
9.725230187177658081e-02
9.809394180774688721e-02
9.829016029834747314e-02
1.017161682248115540e-01
1.015391871333122253e-01
1.053841114044189453e-01
1.064084768295288086e-01
1.088145077228546143e-01
1.053257435560226440e-01
1.074450463056564331e-01
1.036489531397819519e-01
1.038491353392601013e-01
1.121046319603919983e-01
1.134678199887275696e-01
1.110807806253433228e-01
1.103602722287178040e-01
1.133341863751411438e-01
1.099102795124053955e-01
1.142822578549385071e-01
1.186513751745223999e-01
1.154169216752052307e-01
1.117424890398979187e-01
1.180377453565597534e-01
1.148255467414855957e-01
1.196939498186111450e-01
1.185035854578018188e-01
1.205323636531829834e-01
1.192190274596214294e-01
1.240006238222122192e-01
1.206241175532341003e-01
1.255076825618743896e-01
1.240119487047195435e-01
1.304482370615005493e-01
1.288710087537765503e-01
1.248107776045799255e-01
1.266250014305114746e-01
1.311726570129394531e-01
1.386819481849670410e-01
1.346918493509292603e-01
1.348095238208770752e-01
1.410632282495498657e-01
1.470942199230194092e-01
1.385296881198883057e-01
1.508323401212692261e-01
1.566836237907409668e-01
1.469220072031021118e-01
1.542854458093643188e-01
1.584088206291198730e-01
1.507553756237030029e-01
1.619334965944290161e-01
1.650916486978530884e-01
1.611620783805847168e-01
1.717056781053543091e-01
1.712318807840347290e-01
1.592867076396942139e-01
2.008670866489410400e-01
1.617462933063507080e-01
1.777338385581970215e-01
1.750343143939971924e-01
1.761497706174850464e-01
1.887544542551040649e-01
1.781206727027893066e-01
1.852189898490905762e-01
1.830260902643203735e-01
1.986167132854461670e-01
1.788671463727951050e-01
1.911807954311370850e-01
1.929809898138046265e-01
2.317038327455520630e-01
2.005327194929122925e-01
1.936702579259872437e-01
1.860444694757461548e-01
2.112867236137390137e-01
2.154826670885086060e-01
2.090673148632049561e-01
2.214636653661727905e-01
2.300437986850738525e-01
1.907233893871307373e-01
2.125919759273529053e-01
2.339394539594650269e-01
2.012293636798858643e-01
2.304627895355224609e-01
2.251942455768585205e-01
2.083021849393844604e-01
2.055854797363281250e-01
2.374074310064315796e-01
2.354695200920104980e-01
2.339592576026916504e-01
2.476881593465805054e-01
2.366297543048858643e-01
2.057439088821411133e-01
2.438671141862869263e-01
2.552734911441802979e-01
2.440019249916076660e-01
2.390587180852890015e-01
2.454072833061218262e-01
2.612684071063995361e-01
2.720316648483276367e-01
2.367298007011413574e-01
2.593310773372650146e-01
2.415339946746826172e-01
2.507233917713165283e-01
2.706547379493713379e-01
2.497905790805816650e-01
1.967847794294357300e-01
2.691605687141418457e-01
2.623313665390014648e-01
2.829849720001220703e-01
2.381954342126846313e-01
2.209235280752182007e-01
2.406231462955474854e-01
2.661269307136535645e-01
2.417196631431579590e-01
2.406609058380126953e-01
2.878077328205108643e-01
2.756247520446777344e-01
2.756085693836212158e-01
2.856364846229553223e-01
2.790068387985229492e-01
2.927486002445220947e-01
2.577981650829315186e-01
2.764287590980529785e-01
2.607019543647766113e-01
3.049883544445037842e-01
2.700127065181732178e-01
2.599703967571258545e-01
3.243285417556762695e-01
2.601029574871063232e-01
3.068843483924865723e-01
2.800299823284149170e-01
2.874433398246765137e-01
2.788582742214202881e-01
3.439526855945587158e-01
2.996595203876495361e-01
2.866836488246917725e-01
3.235768377780914307e-01
3.362377285957336426e-01
3.402387201786041260e-01
2.938625514507293701e-01
3.315055966377258301e-01
3.367599546909332275e-01
2.863517701625823975e-01
3.558862209320068359e-01
3.089600801467895508e-01
3.348856866359710693e-01
3.145933449268341064e-01
2.947731912136077881e-01
3.265050649642944336e-01
3.472238779067993164e-01
2.887051403522491455e-01
3.389674723148345947e-01
3.163393437862396240e-01
3.408642113208770752e-01
3.331081271171569824e-01
3.435585498809814453e-01
3.444849848747253418e-01
3.592400550842285156e-01
3.120054900646209717e-01
3.711143732070922852e-01
3.108768761157989502e-01
3.464781641960144043e-01
3.092219531536102295e-01
3.142614662647247314e-01
3.249433636665344238e-01
3.463639020919799805e-01
3.514342308044433594e-01
3.177733123302459717e-01
3.466035723686218262e-01
3.501698076725006104e-01
4.001542329788208008e-01
3.190193772315979004e-01
3.932958841323852539e-01
3.490702211856842041e-01
3.027590215206146240e-01
3.850941658020019531e-01
3.308328390121459961e-01
3.097634911537170410e-01
3.565137386322021484e-01
3.538491725921630859e-01
3.821028470993041992e-01
3.460067510604858398e-01
4.166824817657470703e-01
3.517480492591857910e-01
3.281111121177673340e-01
3.569502532482147217e-01
3.758264482021331787e-01
3.532248437404632568e-01
3.311965465545654297e-01
4.022629261016845703e-01
3.710604906082153320e-01
3.414689600467681885e-01
3.804432451725006104e-01
3.538756668567657471e-01
3.954120576381683350e-01
3.667354881763458252e-01
3.979534208774566650e-01
3.988364040851593018e-01
4.036699235439300537e-01
3.697409629821777344e-01
3.363945782184600830e-01
3.646996319293975830e-01
3.941898047924041748e-01
3.459442555904388428e-01
4.249820411205291748e-01
3.736801147460937500e-01
3.656677305698394775e-01
3.302430212497711182e-01
3.707817494869232178e-01
4.220977723598480225e-01
3.446049094200134277e-01
3.898625969886779785e-01
3.783625960350036621e-01
4.293300807476043701e-01
3.758518397808074951e-01
3.931926488876342773e-01
4.108162820339202881e-01
3.613723814487457275e-01
3.612327575683593750e-01
3.551698327064514160e-01
3.900669515132904053e-01
4.091796278953552246e-01
3.832536041736602783e-01
3.749865591526031494e-01
4.043899476528167725e-01
3.935441374778747559e-01
3.366724848747253418e-01
4.367754161357879639e-01
3.439010679721832275e-01
3.720086812973022461e-01
3.808881342411041260e-01
3.939515948295593262e-01
4.129741787910461426e-01
3.886171877384185791e-01
4.275178313255310059e-01
3.897106945514678955e-01
4.296572804450988770e-01
4.006767272949218750e-01
3.829888999462127686e-01
3.957377374172210693e-01
4.212412536144256592e-01
3.578162193298339844e-01
4.286705255508422852e-01
4.026720225811004639e-01
3.845108151435852051e-01
3.795315623283386230e-01
4.130964875221252441e-01
3.972106277942657471e-01
3.931480348110198975e-01
4.196248352527618408e-01
4.082359075546264648e-01
4.236494004726409912e-01
3.908063471317291260e-01
4.017226696014404297e-01
3.932003676891326904e-01
4.769466221332550049e-01
4.574390351772308350e-01
4.178766012191772461e-01
5.101612210273742676e-01
4.427063465118408203e-01
4.271577894687652588e-01
4.315674304962158203e-01
4.222584366798400879e-01
3.857160508632659912e-01
3.889943957328796387e-01
4.059508740901947021e-01
4.548646509647369385e-01
4.673351645469665527e-01
4.535311758518218994e-01
4.295907616615295410e-01
4.210656285285949707e-01
4.272817075252532959e-01
4.497402310371398926e-01
4.956528842449188232e-01
4.756142497062683105e-01
4.576400220394134521e-01
4.695897996425628662e-01
4.512279629707336426e-01
4.300639629364013672e-01
4.709477424621582031e-01
4.348425269126892090e-01
4.064415991306304932e-01
5.640258789062500000e-01
4.500406086444854736e-01
4.448385536670684814e-01
4.578977227210998535e-01
4.607149064540863037e-01
4.598460495471954346e-01
4.538260996341705322e-01
4.536890387535095215e-01
4.527595937252044678e-01
4.604980349540710449e-01
4.479095041751861572e-01
4.394844472408294678e-01
4.995515048503875732e-01
4.743013381958007812e-01
4.569482505321502686e-01
4.586794674396514893e-01
5.332608819007873535e-01
4.431710839271545410e-01
4.197384715080261230e-01
4.752116799354553223e-01
5.540627241134643555e-01
4.984571635723114014e-01
3.880663216114044189e-01
5.237595438957214355e-01
4.979632496833801270e-01
5.236030220985412598e-01
5.183010101318359375e-01
4.684692919254302979e-01
5.102071166038513184e-01
4.766604006290435791e-01
4.509115517139434814e-01
5.453820228576660156e-01
4.861345887184143066e-01
5.142133831977844238e-01
4.804894328117370605e-01
5.169019699096679688e-01
4.767507910728454590e-01
4.624586403369903564e-01
4.814326465129852295e-01
5.408766865730285645e-01
5.177797675132751465e-01
5.262495875358581543e-01
4.841684997081756592e-01
5.701036453247070312e-01
5.400207638740539551e-01
5.766857862472534180e-01
5.356448292732238770e-01
6.238837838172912598e-01
6.197564005851745605e-01
4.982069730758666992e-01
5.334547162055969238e-01
5.004231333732604980e-01
6.127505898475646973e-01
5.456345081329345703e-01
6.280621886253356934e-01
5.821796655654907227e-01
5.937636494636535645e-01
5.240049958229064941e-01
5.922310948371887207e-01
6.056210398674011230e-01
5.651118755340576172e-01
5.889111161231994629e-01
6.617742776870727539e-01
5.212052464485168457e-01
6.292367577552795410e-01
6.401140093803405762e-01
4.877231121063232422e-01
6.251652836799621582e-01
5.203233361244201660e-01
6.254541277885437012e-01
6.099868416786193848e-01
6.320461630821228027e-01
5.601733326911926270e-01
6.095997095108032227e-01
6.037045121192932129e-01
5.492544174194335938e-01
5.941312909126281738e-01
5.729614496231079102e-01
5.889738798141479492e-01
6.427384018898010254e-01
5.560529232025146484e-01
5.565094947814941406e-01
6.360042691230773926e-01
7.303899526596069336e-01
6.478142142295837402e-01
7.236810326576232910e-01
5.883295536041259766e-01
5.773608684539794922e-01
6.354671716690063477e-01
7.431336641311645508e-01
7.552552223205566406e-01
7.006538510322570801e-01
6.931856870651245117e-01
5.914020538330078125e-01
6.033324599266052246e-01
6.678504347801208496e-01
6.925407052040100098e-01
7.175727486610412598e-01
6.071611046791076660e-01
6.381419897079467773e-01
6.111105680465698242e-01
6.989740133285522461e-01
7.353154420852661133e-01
6.773501038551330566e-01
7.050511240959167480e-01
6.703891754150390625e-01
6.686322093009948730e-01
7.178456783294677734e-01
8.088129758834838867e-01
6.709500551223754883e-01
7.143675684928894043e-01
7.611633539199829102e-01
6.551337242126464844e-01
7.501184344291687012e-01
7.706428170204162598e-01
7.240726351737976074e-01
7.447780966758728027e-01
8.021951913833618164e-01
6.106891632080078125e-01
5.792723298072814941e-01
6.723157763481140137e-01
6.796632409095764160e-01
7.560420036315917969e-01
8.260166049003601074e-01
8.347508907318115234e-01
8.429335951805114746e-01
7.912691831588745117e-01
7.446953058242797852e-01
8.033697605133056641e-01
6.814259290695190430e-01
8.064189553260803223e-01
6.822094321250915527e-01
6.692535281181335449e-01
7.454757094383239746e-01
7.163718938827514648e-01
7.355322241783142090e-01
7.074618935585021973e-01
7.930669188499450684e-01
7.667444944381713867e-01
8.775137662887573242e-01
8.289145827293395996e-01
8.615258932113647461e-01
7.748245000839233398e-01
8.484697341918945312e-01
7.516479492187500000e-01
7.973896265029907227e-01
8.696575760841369629e-01
8.868775367736816406e-01
7.838708162307739258e-01
9.081465005874633789e-01
7.576215863227844238e-01
7.270982861518859863e-01
8.575887680053710938e-01
7.885277271270751953e-01
9.335741400718688965e-01
9.023286104202270508e-01
8.344742655754089355e-01
8.077088594436645508e-01
7.839623093605041504e-01
8.683722019195556641e-01
8.641671538352966309e-01
8.844502568244934082e-01
7.770751714706420898e-01
7.768580913543701172e-01
8.346863985061645508e-01
7.346714138984680176e-01
8.412404656410217285e-01
8.727108836174011230e-01
8.288460969924926758e-01
9.096054434776306152e-01
7.968125939369201660e-01
8.211174607276916504e-01
8.622047305107116699e-01
8.700858354568481445e-01
9.429447054862976074e-01
9.826008081436157227e-01
9.851295351982116699e-01
9.080812931060791016e-01
9.819761514663696289e-01
8.635180592536926270e-01
1.000204682350158691e+00
8.594604730606079102e-01
8.242557644844055176e-01
7.879632711410522461e-01
7.932276725769042969e-01
7.988024950027465820e-01
8.541612625122070312e-01
8.390960693359375000e-01
9.342027306556701660e-01
8.466622233390808105e-01
9.655184149742126465e-01
8.623335361480712891e-01
8.899421095848083496e-01
9.071037769317626953e-01
9.724230170249938965e-01
9.077372550964355469e-01
1.023721933364868164e+00
9.207628369331359863e-01
8.088313937187194824e-01
9.112657308578491211e-01
9.669721722602844238e-01
8.732866644859313965e-01
9.311491847038269043e-01
9.027858376502990723e-01
1.034218072891235352e+00
9.077845215797424316e-01
8.865044116973876953e-01
9.621863365173339844e-01
9.293476343154907227e-01
8.279656171798706055e-01
1.017316937446594238e+00
9.603049159049987793e-01
1.003038883209228516e+00
1.039735317230224609e+00
9.856101274490356445e-01
8.907216191291809082e-01
1.006209731101989746e+00
9.432252049446105957e-01
1.045930147171020508e+00
9.168873429298400879e-01
8.825058937072753906e-01
9.358515739440917969e-01
8.895251750946044922e-01
9.942782521247863770e-01
1.016476511955261230e+00
9.240086674690246582e-01
1.075297117233276367e+00
9.562693238258361816e-01
9.283405542373657227e-01
9.876956939697265625e-01
9.830839037895202637e-01
1.109012246131896973e+00
1.055764198303222656e+00
1.043273448944091797e+00
9.512558579444885254e-01
1.009659051895141602e+00
9.806618690490722656e-01
1.095850110054016113e+00
9.983358383178710938e-01
1.155946016311645508e+00
1.054634332656860352e+00
1.072796583175659180e+00
1.011831879615783691e+00
1.020103335380554199e+00
1.055052518844604492e+00
1.048178672790527344e+00
9.713906049728393555e-01
9.752094745635986328e-01
8.965598940849304199e-01
9.980476498603820801e-01
1.024827241897583008e+00
9.897599816322326660e-01
1.031445026397705078e+00
1.178320050239562988e+00
1.053312301635742188e+00
1.065865516662597656e+00
1.121729969978332520e+00
1.081402420997619629e+00
9.910445809364318848e-01
1.172118425369262695e+00
1.024627089500427246e+00
9.711322784423828125e-01
1.043245553970336914e+00
9.641992449760437012e-01
1.114753603935241699e+00
9.420157670974731445e-01
1.075507998466491699e+00
1.070929408073425293e+00
1.021287679672241211e+00
8.360113501548767090e-01
1.101590037345886230e+00
1.086158156394958496e+00
1.017883419990539551e+00
1.039104938507080078e+00
1.063279032707214355e+00
1.089860558509826660e+00
1.157816171646118164e+00
1.045893669128417969e+00
1.077716588973999023e+00
1.056999087333679199e+00
1.083867669105529785e+00
1.084389209747314453e+00
1.014736890792846680e+00
9.847859144210815430e-01
1.179926276206970215e+00
1.324713349342346191e+00
1.244210004806518555e+00
1.073925852775573730e+00
1.097114801406860352e+00
1.194707512855529785e+00
1.044686317443847656e+00
1.080676674842834473e+00
1.167737841606140137e+00
1.224483847618103027e+00
1.079452872276306152e+00
1.178468942642211914e+00
1.266862630844116211e+00
1.268592238426208496e+00
1.175161600112915039e+00
1.058600783348083496e+00
1.063612222671508789e+00
1.187646031379699707e+00
1.291651487350463867e+00
1.016472101211547852e+00
1.212529420852661133e+00
1.080250263214111328e+00
1.238674759864807129e+00
1.152656793594360352e+00
1.124339461326599121e+00
1.207948684692382812e+00
1.047356843948364258e+00
1.209249019622802734e+00
1.308694839477539062e+00
1.067623853683471680e+00
1.238091111183166504e+00
1.256729245185852051e+00
1.221793770790100098e+00
1.221405386924743652e+00
1.070640802383422852e+00
1.311854481697082520e+00
1.176667332649230957e+00
1.194990754127502441e+00
1.145339012145996094e+00
1.267631292343139648e+00
1.190642714500427246e+00
1.171876907348632812e+00
1.151573657989501953e+00
1.211936235427856445e+00
1.212668776512145996e+00
1.188305974006652832e+00
1.270779013633728027e+00
1.227638483047485352e+00
1.187722921371459961e+00
1.138003230094909668e+00
1.160359978675842285e+00
1.248425722122192383e+00
1.277532577514648438e+00
1.398452639579772949e+00
1.312373518943786621e+00
1.231032609939575195e+00
1.284453272819519043e+00
1.308280229568481445e+00
1.175714373588562012e+00
1.165511965751647949e+00
1.198745608329772949e+00
1.275636196136474609e+00
1.113479137420654297e+00
1.319284796714782715e+00
1.223595142364501953e+00
1.211424112319946289e+00
1.331265926361083984e+00
1.019584417343139648e+00
1.356125950813293457e+00
1.289512991905212402e+00
1.317081570625305176e+00
1.285266399383544922e+00
1.219295620918273926e+00
1.233520984649658203e+00
1.347370624542236328e+00
1.154826760292053223e+00
1.159544467926025391e+00
1.180619597434997559e+00
1.356361627578735352e+00
1.437338948249816895e+00
1.186293482780456543e+00
1.352228283882141113e+00
1.159335494041442871e+00
1.302236557006835938e+00
1.213471531867980957e+00
1.155102252960205078e+00
1.388325691223144531e+00
1.186913847923278809e+00
1.285019040107727051e+00
1.289025902748107910e+00
1.299226760864257812e+00
1.291377663612365723e+00
1.384417533874511719e+00
1.161976456642150879e+00
1.193510770797729492e+00
1.293914079666137695e+00
1.353791713714599609e+00
1.216615915298461914e+00
1.426117300987243652e+00
1.103994846343994141e+00
1.404463648796081543e+00
1.053010821342468262e+00
1.242840051651000977e+00
1.393391132354736328e+00
1.206141591072082520e+00
1.409757137298583984e+00
1.300306916236877441e+00
1.324584245681762695e+00
1.228653073310852051e+00
1.371600151062011719e+00
1.303977012634277344e+00
1.211656570434570312e+00
1.273370146751403809e+00
1.296111226081848145e+00
1.248889684677124023e+00
1.396442294120788574e+00
1.274248480796813965e+00
1.326560258865356445e+00
1.344449996948242188e+00
1.208749532699584961e+00
1.234276890754699707e+00
1.213844895362854004e+00
1.136397004127502441e+00
1.403654575347900391e+00
1.440301299095153809e+00
1.204021930694580078e+00
1.434861540794372559e+00
1.321118593215942383e+00
1.301630377769470215e+00
1.357893705368041992e+00
1.253937959671020508e+00
1.392455101013183594e+00
1.226141929626464844e+00
1.354515433311462402e+00
1.423355460166931152e+00
1.333341598510742188e+00
1.164289712905883789e+00
1.338978052139282227e+00
1.360531210899353027e+00
1.263972640037536621e+00
1.297674536705017090e+00
1.279447555541992188e+00
1.254385948181152344e+00
1.315997600555419922e+00
1.339160442352294922e+00
1.321468830108642578e+00
1.316613554954528809e+00
1.279779553413391113e+00
1.378893613815307617e+00
1.340367674827575684e+00
1.368584990501403809e+00
1.347028613090515137e+00
1.465892076492309570e+00
1.441102623939514160e+00
1.272811770439147949e+00
1.375000715255737305e+00
1.354465126991271973e+00
1.308119654655456543e+00
1.271311521530151367e+00
1.218255996704101562e+00
1.200502634048461914e+00
1.382559776306152344e+00
1.406795620918273926e+00
1.360187172889709473e+00
1.342674851417541504e+00
1.485517382621765137e+00
1.506476521492004395e+00
1.356787562370300293e+00
1.383082509040832520e+00
1.472593784332275391e+00
1.459067583084106445e+00
1.365895748138427734e+00
1.304643511772155762e+00
1.240260243415832520e+00
1.386052489280700684e+00
1.480237841606140137e+00
1.444782018661499023e+00
1.285995841026306152e+00
1.477714061737060547e+00
1.311172962188720703e+00
1.311992764472961426e+00
1.484615206718444824e+00
1.391795635223388672e+00
1.388363957405090332e+00
1.354804635047912598e+00
1.403037428855895996e+00
1.495179653167724609e+00
1.496914863586425781e+00
1.595983386039733887e+00
1.429056406021118164e+00
1.415223121643066406e+00
1.417552471160888672e+00
1.239436507225036621e+00
1.413558125495910645e+00
1.417106986045837402e+00
1.304956912994384766e+00
1.342831015586853027e+00
1.479376196861267090e+00
1.364970684051513672e+00
1.444705009460449219e+00
1.377841830253601074e+00
1.415028572082519531e+00
1.312268257141113281e+00
1.506461620330810547e+00
1.402161598205566406e+00
1.492785215377807617e+00
1.444344520568847656e+00
1.540613293647766113e+00
1.434509515762329102e+00
1.521252393722534180e+00
1.487146258354187012e+00
1.506816029548645020e+00
1.400596976280212402e+00
1.305653572082519531e+00
1.452910184860229492e+00
1.383675098419189453e+00
1.501152873039245605e+00
1.438857078552246094e+00
1.622813224792480469e+00
1.356771230697631836e+00
1.355919718742370605e+00
1.325718045234680176e+00
1.444538354873657227e+00
1.269412398338317871e+00
1.309673786163330078e+00
1.409144282341003418e+00
1.523630857467651367e+00
1.313380360603332520e+00
1.514964222908020020e+00
1.432321786880493164e+00
1.497442007064819336e+00
1.318699121475219727e+00
1.287544727325439453e+00
1.399410247802734375e+00
1.494666695594787598e+00
1.598418712615966797e+00
