0.000000000000000000e+00
0.000000000000000000e+00
4.947895407676696777e-01
4.522657990455627441e-01
2.845422923564910889e-01
8.662269264459609985e-02
2.122071832418441772e-01
1.422344297170639038e-01
1.139450967311859131e-01
1.666102856397628784e-01
9.635755419731140137e-02
8.482617139816284180e-02
8.497805893421173096e-02
5.736743658781051636e-02
9.161812812089920044e-02
7.593285292387008667e-02
9.315351396799087524e-02
8.737605065107345581e-02
7.834626734256744385e-02
7.378106564283370972e-02
7.411725074052810669e-02
7.515856623649597168e-02
7.378398627042770386e-02
7.647999376058578491e-02
7.650105655193328857e-02
7.376284897327423096e-02
7.513301074504852295e-02
7.183478772640228271e-02
7.346770167350769043e-02
7.785200327634811401e-02
7.970063388347625732e-02
8.036941289901733398e-02
7.528803497552871704e-02
6.643474102020263672e-02
5.962886661291122437e-02
5.473437905311584473e-02
5.261500552296638489e-02
4.810404032468795776e-02
4.744529351592063904e-02
4.842211306095123291e-02
4.779804870486259460e-02
4.752855747938156128e-02
4.721862450242042542e-02
4.615291580557823181e-02
4.663441330194473267e-02
4.634883999824523926e-02
4.747867956757545471e-02
4.720383137464523315e-02
4.615013301372528076e-02
4.550127312541007996e-02
4.524271190166473389e-02
4.590479657053947449e-02
4.443816095590591431e-02
4.224769771099090576e-02
4.122441262006759644e-02
4.108537361025810242e-02
4.064241796731948853e-02
4.037951678037643433e-02
3.993136435747146606e-02
3.979989513754844666e-02
4.028364270925521851e-02
3.891550377011299133e-02
3.779767081141471863e-02
3.729565441608428955e-02
3.724361211061477661e-02
3.596611320972442627e-02
3.655895218253135681e-02
3.692109510302543640e-02
3.774499893188476562e-02
3.711202368140220642e-02
3.756740689277648926e-02
3.616306558251380920e-02
3.586622327566146851e-02
3.691393509507179260e-02
3.820969909429550171e-02
4.036330431699752808e-02
4.137140139937400818e-02
4.173543304204940796e-02
4.197353869676589966e-02
4.312539845705032349e-02
4.277185723185539246e-02
4.329800233244895935e-02
4.789606109261512756e-02
4.743693768978118896e-02
4.828378930687904358e-02
4.959102720022201538e-02
5.198578163981437683e-02
5.144324898719787598e-02
5.180468782782554626e-02
5.257276818156242371e-02
5.356321111321449280e-02
5.289635434746742249e-02
5.550702288746833801e-02
5.584862828254699707e-02
5.451564863324165344e-02
5.495041236281394958e-02
5.580743029713630676e-02
5.571887269616127014e-02
5.566944554448127747e-02
5.623567849397659302e-02
5.732365325093269348e-02
5.659997090697288513e-02
5.621052533388137817e-02
5.560838431119918823e-02
5.660987272858619690e-02
5.602085217833518982e-02
5.556925758719444275e-02
5.596001073718070984e-02
5.568330734968185425e-02
5.589642375707626343e-02
5.651661008596420288e-02
5.734304338693618774e-02
5.807912349700927734e-02
5.612978711724281311e-02
5.860777199268341064e-02
5.864993110299110413e-02
5.870914831757545471e-02
5.937433615326881409e-02
6.117501109838485718e-02
6.018844991922378540e-02
6.219298392534255981e-02
6.331713497638702393e-02
6.331208348274230957e-02
6.521593779325485229e-02
6.709626317024230957e-02
6.866363435983657837e-02
6.936962902545928955e-02
6.960959732532501221e-02
7.074786722660064697e-02
7.123339921236038208e-02
7.390061765909194946e-02
7.302053272724151611e-02
7.473806291818618774e-02
7.379880547523498535e-02
7.364880293607711792e-02
7.583712786436080933e-02
7.646360248327255249e-02
7.639218121767044067e-02
7.603470981121063232e-02
7.636246830224990845e-02
7.821746170520782471e-02
7.976805418729782104e-02
8.038555830717086792e-02
8.232823759317398071e-02
7.869165390729904175e-02
8.006745576858520508e-02
7.914420962333679199e-02
8.231637626886367798e-02
8.164797723293304443e-02
8.125936239957809448e-02
8.219274878501892090e-02
8.167459815740585327e-02
8.130544424057006836e-02
8.211361616849899292e-02
8.283707499504089355e-02
8.478061109781265259e-02
8.495654165744781494e-02
8.464706689119338989e-02
8.689052611589431763e-02
8.938630670309066772e-02
8.721338212490081787e-02
9.097049385309219360e-02
8.704600483179092407e-02
8.809080719947814941e-02
9.002478420734405518e-02
9.169080853462219238e-02
9.334860742092132568e-02
9.286910295486450195e-02
9.266461431980133057e-02
9.243483841419219971e-02
9.450796991586685181e-02
9.407003968954086304e-02
9.363189339637756348e-02
9.486138820648193359e-02
9.534043818712234497e-02
9.889550507068634033e-02
9.686617553234100342e-02
9.894708544015884399e-02
9.991034120321273804e-02
9.911465644836425781e-02
1.003379747271537781e-01
1.034596189856529236e-01
1.005718782544136047e-01
1.016536653041839600e-01
9.819319099187850952e-02
1.042825207114219666e-01
1.071075722575187683e-01
1.038124114274978638e-01
1.062673777341842651e-01
1.059106066823005676e-01
1.045308560132980347e-01
1.084286049008369446e-01
1.071673631668090820e-01
1.059479191899299622e-01
1.083771809935569763e-01
1.068117469549179077e-01
1.056082993745803833e-01
1.068767234683036804e-01
1.071002036333084106e-01
1.062501072883605957e-01
1.072921827435493469e-01
1.077862754464149475e-01
1.087870001792907715e-01
1.108501404523849487e-01
1.087592467665672302e-01
1.079901829361915588e-01
1.071380153298377991e-01
1.077388450503349304e-01
1.082547828555107117e-01
1.073808893561363220e-01
1.061355471611022949e-01
1.096678972244262695e-01
1.086514964699745178e-01
1.117919757962226868e-01
1.081389710307121277e-01
1.107026115059852600e-01
1.090706288814544678e-01
1.136369332671165466e-01
1.124300658702850342e-01
1.118480041623115540e-01
1.075165569782257080e-01
1.106854230165481567e-01
1.099997088313102722e-01
1.112769097089767456e-01
1.136128306388854980e-01
1.109220534563064575e-01
1.120816767215728760e-01
1.127526089549064636e-01
1.168684065341949463e-01
1.130802407860755920e-01
1.122513860464096069e-01
1.148564592003822327e-01
1.141547635197639465e-01
1.149620041251182556e-01
1.168928295373916626e-01
1.155335530638694763e-01
1.206885725259780884e-01
1.170486137270927429e-01
1.190390363335609436e-01
1.170770972967147827e-01
1.198971495032310486e-01
1.176667362451553345e-01
1.178714483976364136e-01
1.179132685065269470e-01
1.169861927628517151e-01
1.204142421483993530e-01
1.172469034790992737e-01
1.198449283838272095e-01
1.170995980501174927e-01
1.175149679183959961e-01
1.184209436178207397e-01
1.175950169563293457e-01
1.168982535600662231e-01
1.167112588882446289e-01
1.195306777954101562e-01
1.156550571322441101e-01
1.161865293979644775e-01
1.195790171623229980e-01
1.166980564594268799e-01
1.221180856227874756e-01
1.200162842869758606e-01
1.223096922039985657e-01
1.221946030855178833e-01
1.206329017877578735e-01
1.198002323508262634e-01
1.221408769488334656e-01
1.200545430183410645e-01
1.289171427488327026e-01
1.202511712908744812e-01
1.246129795908927917e-01
1.205346658825874329e-01
1.246909648180007935e-01
1.213085055351257324e-01
1.237322092056274414e-01
1.210695356130599976e-01
1.346513628959655762e-01
1.205016672611236572e-01
1.258614957332611084e-01
1.237447932362556458e-01
1.215714141726493835e-01
1.246113553643226624e-01
1.333578228950500488e-01
1.338984966278076172e-01
1.249751970171928406e-01
1.249209418892860413e-01
1.324242204427719116e-01
1.359363347291946411e-01
1.224070712924003601e-01
1.324736028909683228e-01
1.359218209981918335e-01
1.303558200597763062e-01
1.309257000684738159e-01
1.267123967409133911e-01
1.544481217861175537e-01
1.528721898794174194e-01
1.189999431371688843e-01
1.536265611648559570e-01
1.457043439149856567e-01
1.567580550909042358e-01
1.418984681367874146e-01
1.548436582088470459e-01
1.333793699741363525e-01
1.598249971866607666e-01
1.391528695821762085e-01
1.657408624887466431e-01
1.355017423629760742e-01
1.347561776638031006e-01
1.335772871971130371e-01
1.442480385303497314e-01
1.547155529260635376e-01
1.369426995515823364e-01
1.515274494886398315e-01
1.393242776393890381e-01
1.477918922901153564e-01
1.509902179241180420e-01
1.542337387800216675e-01
1.358246654272079468e-01
1.514534354209899902e-01
1.713573932647705078e-01
1.541803926229476929e-01
1.528595536947250366e-01
1.501542478799819946e-01
1.564891040325164795e-01
1.651256978511810303e-01
1.435202062129974365e-01
1.512727290391921997e-01
1.416519433259963989e-01
1.661417931318283081e-01
1.856746375560760498e-01
1.689782887697219849e-01
1.732351630926132202e-01
1.511945128440856934e-01
1.497735232114791870e-01
1.834607869386672974e-01
1.586820930242538452e-01
1.682534515857696533e-01
1.593815386295318604e-01
1.721339374780654907e-01
1.465221196413040161e-01
1.676044762134552002e-01
1.915276050567626953e-01
1.669621467590332031e-01
1.902969181537628174e-01
1.780128479003906250e-01
1.796553581953048706e-01
1.640162020921707153e-01
1.991572678089141846e-01
1.813552528619766235e-01
1.575618088245391846e-01
1.646405607461929321e-01
1.830235868692398071e-01
1.573091745376586914e-01
1.712848991155624390e-01
1.989274919033050537e-01
1.730562895536422729e-01
1.712295711040496826e-01
1.818357706069946289e-01
1.857067346572875977e-01
1.806267946958541870e-01
1.819809675216674805e-01
1.668426543474197388e-01
1.603019088506698608e-01
1.585215181112289429e-01
1.826515495777130127e-01
1.805277019739151001e-01
1.724451333284378052e-01
1.723699718713760376e-01
1.786773055791854858e-01
1.695911735296249390e-01
2.161569148302078247e-01
1.905405819416046143e-01
1.975434273481369019e-01
1.786628514528274536e-01
1.928632855415344238e-01
1.814977377653121948e-01
2.044773250818252563e-01
1.870761364698410034e-01
1.963784992694854736e-01
2.068706899881362915e-01
1.612804532051086426e-01
1.697223186492919922e-01
1.644471138715744019e-01
1.950496882200241089e-01
1.981923878192901611e-01
1.999519020318984985e-01
1.983481347560882568e-01
1.964299529790878296e-01
1.943919658660888672e-01
2.136906087398529053e-01
2.215112447738647461e-01
2.295516431331634521e-01
2.133201360702514648e-01
2.038281410932540894e-01
1.955713629722595215e-01
2.032030671834945679e-01
1.810823529958724976e-01
2.102120667695999146e-01
2.272954881191253662e-01
2.290028631687164307e-01
2.105088382959365845e-01
2.346014380455017090e-01
2.236574590206146240e-01
1.782226562500000000e-01
1.863503456115722656e-01
2.067205756902694702e-01
1.698730736970901489e-01
2.144911885261535645e-01
2.183397859334945679e-01
1.962847858667373657e-01
2.048582732677459717e-01
2.062595486640930176e-01
2.010945230722427368e-01
2.542368769645690918e-01
1.765942424535751343e-01
2.174307405948638916e-01
2.130482792854309082e-01
1.903749406337738037e-01
1.952196657657623291e-01
2.155253440141677856e-01
2.051412016153335571e-01
2.396092563867568970e-01
2.057817131280899048e-01
1.925514787435531616e-01
2.082100808620452881e-01
2.087278217077255249e-01
1.896537691354751587e-01
1.970158070325851440e-01
2.035274803638458252e-01
2.100384831428527832e-01
2.017462402582168579e-01
2.531572580337524414e-01
2.120014280080795288e-01
2.715348601341247559e-01
2.176984101533889771e-01
2.098389863967895508e-01
1.936188787221908569e-01
1.924151182174682617e-01
2.278127819299697876e-01
2.277556061744689941e-01
1.984736621379852295e-01
2.313586622476577759e-01
2.377855032682418823e-01
2.617112994194030762e-01
2.511270046234130859e-01
2.321215271949768066e-01
2.036127597093582153e-01
2.587040662765502930e-01
2.111907303333282471e-01
2.456714510917663574e-01
2.212185412645339966e-01
1.845745444297790527e-01
2.359978705644607544e-01
1.965197473764419556e-01
2.035506963729858398e-01
2.213901132345199585e-01
2.230225056409835815e-01
2.142735868692398071e-01
2.762362062931060791e-01
2.179755568504333496e-01
2.350184917449951172e-01
2.297357767820358276e-01
2.167414575815200806e-01
2.310671359300613403e-01
2.407903075218200684e-01
2.357672154903411865e-01
2.203194946050643921e-01
2.206755578517913818e-01
2.346017211675643921e-01
2.446054518222808838e-01
2.157236933708190918e-01
2.377518564462661743e-01
1.975785493850708008e-01
2.563458979129791260e-01
2.343261986970901489e-01
2.377836257219314575e-01
2.259821444749832153e-01
2.369307875633239746e-01
2.301681786775588989e-01
2.444832623004913330e-01
2.332091480493545532e-01
2.305379807949066162e-01
2.270137667655944824e-01
2.242570221424102783e-01
2.090510576963424683e-01
2.949877977371215820e-01
2.529213726520538330e-01
2.001774460077285767e-01
2.582114636898040771e-01
2.163815796375274658e-01
2.923382520675659180e-01
2.373627871274948120e-01
2.542701661586761475e-01
2.377907782793045044e-01
2.469539791345596313e-01
2.549557387828826904e-01
2.556005716323852539e-01
2.654812633991241455e-01
2.521892189979553223e-01
2.512426674365997314e-01
2.835242450237274170e-01
2.416471093893051147e-01
2.899975478649139404e-01
2.765874564647674561e-01
2.511107623577117920e-01
2.797028124332427979e-01
2.093698531389236450e-01
2.607988417148590088e-01
2.631000280380249023e-01
2.735016644001007080e-01
2.991599142551422119e-01
2.531795203685760498e-01
2.513746023178100586e-01
2.872437536716461182e-01
2.548419833183288574e-01
2.675974369049072266e-01
2.478193938732147217e-01
2.184945046901702881e-01
2.407909035682678223e-01
2.481076121330261230e-01
2.870712280273437500e-01
2.866186499595642090e-01
2.725106179714202881e-01
2.730422317981719971e-01
2.420661002397537231e-01
2.699744701385498047e-01
2.907660603523254395e-01
2.483464628458023071e-01
2.565418183803558350e-01
2.299687713384628296e-01
2.909033000469207764e-01
3.210057616233825684e-01
2.638880014419555664e-01
2.432293295860290527e-01
2.552368044853210449e-01
3.167320787906646729e-01
3.027151525020599365e-01
2.776984572410583496e-01
2.712768912315368652e-01
2.888453602790832520e-01
2.300903648138046265e-01
2.652157545089721680e-01
2.979441583156585693e-01
2.705603539943695068e-01
2.604647576808929443e-01
2.582230269908905029e-01
3.129715323448181152e-01
2.588668167591094971e-01
2.850850224494934082e-01
2.715120613574981689e-01
2.823631763458251953e-01
2.979707419872283936e-01
2.921928167343139648e-01
2.713989913463592529e-01
2.818610668182373047e-01
2.657831311225891113e-01
2.728626132011413574e-01
3.079812526702880859e-01
3.270662128925323486e-01
2.868447899818420410e-01
2.835275232791900635e-01
3.072343170642852783e-01
2.646303176879882812e-01
2.593414187431335449e-01
2.886819839477539062e-01
2.592674195766448975e-01
2.668155431747436523e-01
2.796911001205444336e-01
2.446142286062240601e-01
3.253813087940216064e-01
2.742764353752136230e-01
2.544398307800292969e-01
2.690817713737487793e-01
2.859786450862884521e-01
3.460731208324432373e-01
3.454239368438720703e-01
2.854738533496856689e-01
3.181323707103729248e-01
2.861048877239227295e-01
3.291287124156951904e-01
2.989332377910614014e-01
3.032230734825134277e-01
3.101705014705657959e-01
2.897006571292877197e-01
3.354141116142272949e-01
3.267914354801177979e-01
3.426345288753509521e-01
2.967998087406158447e-01
3.177253901958465576e-01
3.137281537055969238e-01
2.999286353588104248e-01
2.799463570117950439e-01
3.353184759616851807e-01
2.825092971324920654e-01
3.128309845924377441e-01
2.568159103393554688e-01
2.740538716316223145e-01
3.175695836544036865e-01
3.170390725135803223e-01
3.083184063434600830e-01
3.550847768783569336e-01
2.974530756473541260e-01
3.208208680152893066e-01
3.811431229114532471e-01
2.912963330745697021e-01
2.721923887729644775e-01
2.839960157871246338e-01
2.972967922687530518e-01
3.509358465671539307e-01
3.017505407333374023e-01
3.401242196559906006e-01
3.001669943332672119e-01
3.920952677726745605e-01
3.060060441493988037e-01
2.698593735694885254e-01
3.253760337829589844e-01
3.100758194923400879e-01
2.783674299716949463e-01
2.700600028038024902e-01
3.217696547508239746e-01
3.253964185714721680e-01
3.240255713462829590e-01
3.451827466487884521e-01
2.677128314971923828e-01
3.004345595836639404e-01
3.230526447296142578e-01
3.203211128711700439e-01
3.223594427108764648e-01
2.893686294555664062e-01
3.595025539398193359e-01
3.663518726825714111e-01
3.676301836967468262e-01
3.470075130462646484e-01
3.175989985466003418e-01
3.119329214096069336e-01
3.580732047557830811e-01
3.372755050659179688e-01
3.488473594188690186e-01
3.229273557662963867e-01
3.430770337581634521e-01
3.695922791957855225e-01
3.743920326232910156e-01
3.042016029357910156e-01
2.947106957435607910e-01
3.673750758171081543e-01
3.643108904361724854e-01
3.017944395542144775e-01
3.995924592018127441e-01
3.606743216514587402e-01
3.193508684635162354e-01
3.424275219440460205e-01
2.869691550731658936e-01
3.322834372520446777e-01
3.449096083641052246e-01
3.389092981815338135e-01
3.963546156883239746e-01
3.547115027904510498e-01
3.392185270786285400e-01
3.667465448379516602e-01
3.681668639183044434e-01
3.423343300819396973e-01
3.240765333175659180e-01
3.474501371383666992e-01
3.415786027908325195e-01
3.832524120807647705e-01
3.368446528911590576e-01
3.275343775749206543e-01
2.838552296161651611e-01
3.893678486347198486e-01
3.102647364139556885e-01
3.322463333606719971e-01
3.460983335971832275e-01
3.542263805866241455e-01
3.377476930618286133e-01
3.617421984672546387e-01
3.511174321174621582e-01
3.661517500877380371e-01
3.713113963603973389e-01
3.620345592498779297e-01
3.621163368225097656e-01
3.368373513221740723e-01
3.241727054119110107e-01
3.222095966339111328e-01
3.668439984321594238e-01
3.281054794788360596e-01
3.490864634513854980e-01
3.339594602584838867e-01
3.585768043994903564e-01
3.642382621765136719e-01
3.856996595859527588e-01
3.266249299049377441e-01
3.822204172611236572e-01
3.232245743274688721e-01
3.502234816551208496e-01
3.260436952114105225e-01
3.389423191547393799e-01
3.328566551208496094e-01
3.567653894424438477e-01
3.324405550956726074e-01
3.565297722816467285e-01
3.553180992603302002e-01
4.292415678501129150e-01
3.678822517395019531e-01
3.427028357982635498e-01
3.131932616233825684e-01
4.009412527084350586e-01
3.002551496028900146e-01
3.540423810482025146e-01
3.620037138462066650e-01
3.402839899063110352e-01
3.836453557014465332e-01
3.659889698028564453e-01
3.980298340320587158e-01
3.270560204982757568e-01
3.453966081142425537e-01
3.393875062465667725e-01
3.714203536510467529e-01
3.517256379127502441e-01
3.583089113235473633e-01
3.880302608013153076e-01
3.657069802284240723e-01
3.998069465160369873e-01
4.071066379547119141e-01
3.997973501682281494e-01
4.383877515792846680e-01
4.785994887351989746e-01
4.200362265110015869e-01
3.923272788524627686e-01
3.793222308158874512e-01
3.960006833076477051e-01
4.024810194969177246e-01
3.728060126304626465e-01
3.535316884517669678e-01
3.443021178245544434e-01
3.515527248382568359e-01
4.168046712875366211e-01
4.195388257503509521e-01
3.832030594348907471e-01
4.234511256217956543e-01
4.424243271350860596e-01
4.140736162662506104e-01
3.379248082637786865e-01
3.923701047897338867e-01
4.704202413558959961e-01
3.498163521289825439e-01
3.985458910465240479e-01
4.004186987876892090e-01
4.272964894771575928e-01
3.616693317890167236e-01
4.189750850200653076e-01
3.439830839633941650e-01
4.318663775920867920e-01
3.967092037200927734e-01
4.095116257667541504e-01
3.840517699718475342e-01
4.130313694477081299e-01
4.012283980846405029e-01
4.865742623805999756e-01
3.397344052791595459e-01
4.218978881835937500e-01
4.106407463550567627e-01
4.345808029174804688e-01
3.850732743740081787e-01
4.001845419406890869e-01
3.233540058135986328e-01
3.934800326824188232e-01
4.434137046337127686e-01
3.352760374546051025e-01
3.575656116008758545e-01
4.215698838233947754e-01
4.700712859630584717e-01
3.742976784706115723e-01
3.990384042263031006e-01
4.093488156795501709e-01
4.074253141880035400e-01
4.268917441368103027e-01
4.599407911300659180e-01
4.129719734191894531e-01
4.647910892963409424e-01
4.398947358131408691e-01
4.698352515697479248e-01
3.756974339485168457e-01
4.240263998508453369e-01
4.359805881977081299e-01
4.556753635406494141e-01
4.579664468765258789e-01
4.667666256427764893e-01
3.638612329959869385e-01
4.186436831951141357e-01
4.187360703945159912e-01
4.281909167766571045e-01
3.531872630119323730e-01
4.345050156116485596e-01
3.732239305973052979e-01
4.073113501071929932e-01
3.907635807991027832e-01
3.829689621925354004e-01
3.911536335945129395e-01
3.924238383769989014e-01
3.943794667720794678e-01
4.859459102153778076e-01
4.084047377109527588e-01
4.459237456321716309e-01
3.848439157009124756e-01
4.032111763954162598e-01
4.606395363807678223e-01
3.921350240707397461e-01
4.331460893154144287e-01
4.123790264129638672e-01
4.136627912521362305e-01
4.431552290916442871e-01
4.077607989311218262e-01
4.144622683525085449e-01
4.631794691085815430e-01
3.782970011234283447e-01
4.056952595710754395e-01
4.442847967147827148e-01
4.049965441226959229e-01
4.242880344390869141e-01
4.000864326953887939e-01
4.543771445751190186e-01
4.852585494518280029e-01
4.538599848747253418e-01
4.321932494640350342e-01
4.159373641014099121e-01
5.131735205650329590e-01
4.244683384895324707e-01
4.553994536399841309e-01
4.161283373832702637e-01
4.170479178428649902e-01
4.340132474899291992e-01
4.045514762401580811e-01
4.110122919082641602e-01
4.256904721260070801e-01
4.792594611644744873e-01
4.848380088806152344e-01
4.426284432411193848e-01
4.845349192619323730e-01
4.442737698554992676e-01
4.288112223148345947e-01
4.449087381362915039e-01
3.858787119388580322e-01
4.636345505714416504e-01
4.382106065750122070e-01
4.261296391487121582e-01
4.639979302883148193e-01
4.217413067817687988e-01
4.156433343887329102e-01
4.970270693302154541e-01
4.611483812332153320e-01
4.765922129154205322e-01
4.292231202125549316e-01
4.768233895301818848e-01
4.459835290908813477e-01
4.352071881294250488e-01
5.328721404075622559e-01
4.519716501235961914e-01
4.047852158546447754e-01
4.843811392784118652e-01
4.716995358467102051e-01
4.874213337898254395e-01
4.557150304317474365e-01
4.911639690399169922e-01
4.744897484779357910e-01
3.878481984138488770e-01
5.118154883384704590e-01
4.169908165931701660e-01
4.713288247585296631e-01
4.573698043823242188e-01
5.550245642662048340e-01
4.475046992301940918e-01
4.849089384078979492e-01
4.261516034603118896e-01
3.905033469200134277e-01
4.628827571868896484e-01
4.673514068126678467e-01
5.464594364166259766e-01
4.574454128742218018e-01
4.220761060714721680e-01
5.005329251289367676e-01
4.772615432739257812e-01
4.175975918769836426e-01
4.075473845005035400e-01
4.593604803085327148e-01
4.288461804389953613e-01
5.168022513389587402e-01
4.006503820419311523e-01
4.478968679904937744e-01
4.425765275955200195e-01
4.458459913730621338e-01
4.330983459949493408e-01
4.648793041706085205e-01
4.073052406311035156e-01
4.796742498874664307e-01
4.443999826908111572e-01
4.867675602436065674e-01
4.785320162773132324e-01
4.618437588214874268e-01
4.425775408744812012e-01
4.841153025627136230e-01
3.985598087310791016e-01
5.259496569633483887e-01
5.290860533714294434e-01
5.452614426612854004e-01
5.037354826927185059e-01
5.253390073776245117e-01
5.010038018226623535e-01
5.470100641250610352e-01
5.533103346824645996e-01
4.310025274753570557e-01
5.575587749481201172e-01
4.798058867454528809e-01
4.960474967956542969e-01
4.736597836017608643e-01
5.578172802925109863e-01
4.544492959976196289e-01
5.321300029754638672e-01
5.004745125770568848e-01
4.488411843776702881e-01
4.720349013805389404e-01
5.940894484519958496e-01
4.339470267295837402e-01
5.270301103591918945e-01
4.644177854061126709e-01
4.504062235355377197e-01
5.583043098449707031e-01
5.237094163894653320e-01
4.851648509502410889e-01
4.616075754165649414e-01
5.084490776062011719e-01
4.809687435626983643e-01
5.222325325012207031e-01
5.406941771507263184e-01
5.179620385169982910e-01
4.697914421558380127e-01
5.504027009010314941e-01
4.363802373409271240e-01
5.108286142349243164e-01
5.404258966445922852e-01
6.046691536903381348e-01
4.525073766708374023e-01
5.526862144470214844e-01
5.053677558898925781e-01
5.245321989059448242e-01
5.676432847976684570e-01
5.714048147201538086e-01
5.204089283943176270e-01
5.376299023628234863e-01
4.938956201076507568e-01
5.313702225685119629e-01
5.234729051589965820e-01
4.990402758121490479e-01
5.137140154838562012e-01
5.700117349624633789e-01
4.584212601184844971e-01
5.460188984870910645e-01
4.855517446994781494e-01
5.750935673713684082e-01
5.441086888313293457e-01
4.593901038169860840e-01
5.667290091514587402e-01
5.709940195083618164e-01
5.399001240730285645e-01
5.642942190170288086e-01
5.160328149795532227e-01
4.688427150249481201e-01
4.938043355941772461e-01
5.206030011177062988e-01
5.584316253662109375e-01
5.619958043098449707e-01
5.551887154579162598e-01
4.907937049865722656e-01
5.553630590438842773e-01
4.755971133708953857e-01
5.556483268737792969e-01
5.621997714042663574e-01
5.076490044593811035e-01
5.494707226753234863e-01
5.891303420066833496e-01
5.403969287872314453e-01
5.584439635276794434e-01
4.645570814609527588e-01
5.143786668777465820e-01
5.961342453956604004e-01
5.372698903083801270e-01
5.176998376846313477e-01
5.356439352035522461e-01
5.598351359367370605e-01
5.353991985321044922e-01
5.440809726715087891e-01
5.069137811660766602e-01
5.916573405265808105e-01
4.946400225162506104e-01
5.465719699859619141e-01
5.363662242889404297e-01
5.645288228988647461e-01
4.356626570224761963e-01
5.545679330825805664e-01
5.481100082397460938e-01
5.286647677421569824e-01
5.963569283485412598e-01
