-7.021671027688621791e+01
-1.138838358185804083e+02
-1.079116176171032464e+02
-9.863200079351923932e+01
-1.013974744737707994e+02
-9.684224060394295464e+01
-1.055373731053866067e+02
-1.035168682689611330e+02
-7.727754638833793877e+01
-2.179825211177686484e+01
-3.261280797216368654e+01
-6.341159661769289357e+01
-1.000215001904968091e+02
1.794563989478197072e+02
1.533843994292308253e+02
1.854155666963371516e+02
1.852180653308719513e+02
2.262425102433117843e+02
1.585507585758269613e+02
2.400244063278010742e+02
2.002932095354080388e+02
2.185890020522262489e+02
2.641502007658310731e+02
2.857819607195499430e+02
2.049059615412898552e+02
8.479991897241856691e+01
2.236210044403528627e+02
6.666598521094869056e+01
1.604372154164112203e+02
2.112978215771769896e+02
2.314208757847359266e+02
-1.087273274122422251e+01
1.449144867721363461e+01
5.985712885336156575e+01
7.777372890308559761e+01
4.644193900704244982e+01
1.031557472495468062e+02
1.437307877655168227e+02
2.621792160052740428e+02
2.266312575315391769e+02
7.977881405034452200e+01
2.139788212723697143e+02
2.319199079796594560e+02
2.650769524151965584e+02
1.692714778626328211e+02
1.592467086081000787e+02
2.356669102763849821e+02
2.796932334446529467e+02
1.701409500537375266e+02
2.400022397409188102e+02
2.851669230019668930e+02
1.639046614602066541e+02
1.921265763155221009e+02
2.629721985265643411e+02
1.621170207342819651e+02
2.410540269821923687e+02
2.600382383080183217e+02
2.708755914219233318e+02
2.248859352796385451e+02
3.019487270724765722e+02
2.518027448402339701e+02
2.717720906096609497e+02
2.936623048524632509e+02
2.690848845037943988e+02
2.202615084090815287e+02
2.508262982654941027e+02
2.063719053262501006e+02
2.187693976916242207e+02
2.164496433720588016e+02
1.362527291677380958e+02
1.713992850365476386e+02
1.937737141753090384e+02
1.274622983305730486e+02
3.033042145431408017e+02
2.197312734134559946e+02
2.274834629334731630e+02
2.059974612719941831e+02
2.424786788928354326e+02
2.522946940976063104e+02
2.283510874632075343e+02
1.371403840589121614e+02
1.959740940365634003e+02
1.954502533635276507e+02
1.438371963546214261e+02
1.668324209118288195e+02
1.658551858408622479e+02
2.316926498512103478e+02
2.269517425518419600e+02
2.239819173566688733e+02
2.763194646295902430e+02
2.859327628748779375e+02
1.882545947129168837e+02
2.787654803304286588e+02
2.335790214233925894e+02
2.811426218547181861e+02
2.328026277973776246e+02
2.299312583290440273e+02
2.836803031135498827e+02
3.135803425814498837e+02
2.435893083920503557e+02
2.916677934217973984e+02
