-1.039903579767749306e+02
-5.523411228174985865e+01
-9.546443268951286143e+01
-8.465554337025011478e+01
-5.485067810026163393e+00
2.768717131349405847e+01
3.075272099586915076e+01
8.998014130644622810e+01
1.274237037180514136e+02
1.632445388062438099e+02
7.532650972287623858e+01
1.420187230204009552e+02
1.187109509303429178e+02
1.800971288875856260e+02
2.294912755291415465e+02
2.534829878730962776e+02
2.568861564101346744e+02
2.248187284545624607e+02
1.268993453563848277e+02
9.746374855920669233e+01
1.762502885560668915e+02
9.642136763217440887e+01
1.944388028551943250e+02
2.414884744620122490e+02
1.291597462842472339e+02
8.109410778884799242e+01
2.066282412427860891e+02
1.252464298932239188e+02
1.771053097427390242e+02
2.472159085130877543e+02
1.984022122925492226e+02
1.886766840986499005e+02
2.536428282975838897e+02
2.207089623856509206e+02
2.729427636304906173e+02
2.348915969313787571e+02
2.903857556032536422e+02
1.912510769860467690e+02
2.705672229428976152e+02
2.505166166381698645e+02
1.615221235407550751e+02
1.927704068370515529e+02
2.712711838083532712e+02
2.351217833377484112e+02
2.952590139976928185e+02
1.952880372648464800e+02
2.152426177533222358e+02
2.596106937778605470e+02
2.549827550185410132e+02
2.740190012905106300e+02
2.402719959715284972e+02
2.230950139813304247e+02
1.917809864861753226e+02
2.095382726565259759e+02
2.315187143886015804e+02
1.889153097517989295e+02
2.177869039196471874e+02
1.456420203926795125e+02
2.712245575846494603e+02
2.228197164666392496e+02
2.188478501639253295e+02
1.515793471753600556e+02
8.564038543351239241e+01
1.879087903920726035e+02
2.104509797003427991e+02
1.739597208602357625e+02
2.129675238251867597e+02
2.007888525186513675e+02
3.603115702529209585e+01
1.795809775636457744e+02
9.219160475186201609e+01
1.570671800248321404e+02
3.059523745333640932e+01
2.808405782572989295e+01
3.766654148773083932e+01
1.374952284970184451e+02
1.227151901543106476e+02
1.725843537425921568e+02
1.374895482118008943e+02
6.820919958672735106e+01
1.398821331552181277e+02
8.423859553242004949e+01
4.512696859549778594e+01
1.224911822675448292e+02
7.503162711506550409e+01
6.029054966663093040e+01
9.721248210720978022e+01
1.466773597024226774e+02
5.797107688177370477e+01
5.847507230465812889e+00
9.825276939444582069e+01
2.593242380919897982e+02
1.519229035324035522e+02
1.420907237019724789e+02
7.968442763878702806e+01
6.388538084946856088e+01
1.390479265445083570e+02
1.902886168405388787e+02
2.177815082250816943e+02
2.277402180800281712e+02
1.897419092298417524e+02
