-1.376399651513294202e+02
-1.097052471120111079e+02
-1.034415776825729125e+02
-6.251093650860731543e+01
-8.517212685511816517e+01
-6.609161536444464957e+01
-3.549064265751396618e+01
-5.820398271790105582e+01
-5.114635124972603641e+00
-2.614511246744948636e+01
-1.662670093285228301e+00
2.516852339773670977e+01
-6.917245795525323615e+01
9.049907101470810744e+01
1.270868661920527245e+02
1.711405837716736755e+02
1.926496672739711471e+02
1.748678831321884104e+02
2.101649042805267982e+02
2.182871019274958542e+02
1.394616253413423408e+02
-4.754016991526169278e+01
2.081775133130754085e+01
9.769257699050569954e+01
8.913468127875887603e+01
1.301913325778046442e+02
2.174284416994534297e+02
2.970485912194523053e+02
2.718298042806621879e+02
2.445534480169715152e+02
1.929359463637848080e+02
2.028306813521627987e+02
2.202487020279808689e+02
2.720849789376857188e+02
2.800260899830780659e+02
2.979461419544009004e+02
2.967587677767199921e+02
2.625590537239932019e+02
2.040626142973791559e+02
2.994985471889309565e+02
2.996710302412266174e+02
2.706851285715439417e+02
2.994603736028808498e+02
3.028219337558373923e+02
3.050440659232327789e+02
3.044785969865130824e+02
2.926437000784211477e+02
2.816998861890293711e+02
3.062404756597653659e+02
3.081209584287505550e+02
2.916416062279431003e+02
2.526984519133433764e+02
3.064754273879614175e+02
3.063944098176374382e+02
3.056858222813638690e+02
2.955858810161663541e+02
3.097196580208334922e+02
3.079501938368010201e+02
2.929016060411901208e+02
3.081425361807032459e+02
2.679417033726502950e+02
3.064049434022423952e+02
3.075602200775385882e+02
3.078915252067005213e+02
3.090692307970074353e+02
3.111756443990217917e+02
3.083273569403914394e+02
3.093723538811577782e+02
3.062617793930642733e+02
2.751084244483987504e+02
3.062435854673140625e+02
3.076324637389190002e+02
3.074553408491318010e+02
3.082961200017108467e+02
3.080724217496435244e+02
2.463188833098020893e+02
3.041658005440360171e+02
2.771655429732473976e+02
2.668216138223672829e+02
3.071216931745703960e+02
2.794156377065183960e+02
3.059834012136798833e+02
2.790294579620209561e+02
3.105884597673431244e+02
3.101616485697595635e+02
3.096384672477197455e+02
3.076518137354602231e+02
2.960621258147793924e+02
2.802418820669671504e+02
3.099809389970935172e+02
3.080678199353604896e+02
3.113203171971302368e+02
2.539928463015083366e+02
3.095599988228220809e+02
2.818588140517239822e+02
2.825150530719020026e+02
3.073945381544710358e+02
3.105425743226647910e+02
3.126676446105945502e+02
2.739692011440144483e+02
2.862401499976503487e+02
