-1.096333537876012372e+02
-1.254842824907033645e+02
-4.475924894230475104e+01
-3.130150970333605187e+01
-9.694087342186257672e+01
-1.202068687752780960e+02
1.755688253264232657e+01
2.617092787638720353e+01
-3.725605797591065027e+01
1.024592832361810935e+02
1.318662001539258881e+02
6.680915499680504865e+01
-1.127351573892820227e+02
-7.552667715838614981e+01
2.683802296675714274e+02
2.121303032656799132e+02
1.394535246732856990e+02
-1.790815245277934054e+01
-1.403441576219279874e+01
-4.254461186164014919e+01
-4.656075165929263449e+01
-3.857614401381959368e+01
1.524012940274819883e+01
1.509016785497909439e+02
1.998457962449971603e+02
1.159113811474935147e+02
1.823737732096277284e+02
-3.165245194936852524e+00
1.482869898166730422e+02
1.479586617565654194e+02
6.719294123771730654e+01
1.256703703769549065e+02
1.022014167050667055e+02
1.562177377684185764e+01
3.829494159683837040e+01
5.938997314521562743e+01
1.312352860164944843e+02
1.042691948497592165e+02
2.297052287719569392e+02
2.231754379059467794e+02
2.434807021306318404e+02
3.111338572713057715e+02
2.824478172869792729e+02
2.457647214891853764e+02
2.781108848211101190e+02
3.094485163809035839e+02
2.329285301065404781e+02
2.511546298706452944e+02
3.134239565981158080e+02
2.985246924973817499e+02
2.763520466905126227e+02
2.972005290645906825e+02
2.983429587667731084e+02
2.499493040037217213e+02
2.772834216164569057e+02
2.594188619319151030e+02
2.704671101427213671e+02
2.697251836016076822e+02
7.742069926860270357e+01
2.458197644589154720e+02
3.128745477134877433e+02
2.285736050523282756e+02
2.540500020469243339e+02
2.977268985106360333e+02
3.016198153806184337e+02
3.130918471958165128e+02
2.669784544865278235e+02
2.710970693944767618e+02
2.624319739237685667e+02
2.961998670596432248e+02
2.833655547882261772e+02
2.637307723027110455e+02
2.850066422419682794e+02
3.011405399712894564e+02
2.981629979915953186e+02
2.546509352141656564e+02
3.152164900479516518e+02
2.964995132181116446e+02
2.937492884781249813e+02
2.915938417622982115e+02
2.857255929775041068e+02
2.171582890919989381e+02
3.150456319189675014e+02
3.011540941226556924e+02
-7.004281495253093226e+01
3.147286859864474877e+02
2.368362858095136687e+02
3.161236897279852087e+02
2.979952722306071564e+02
3.127130206322559047e+02
3.131007734796002069e+02
3.108290809311886278e+02
3.157664654651915157e+02
3.140932176146681059e+02
3.154757091861976050e+02
3.171178135324184382e+02
2.920123916304929708e+02
2.795310633486137704e+02
3.141398627483230257e+02
3.143301097431498192e+02
3.128569234431936934e+02
