-8.442092895219909110e+01
-9.947064073988342159e+01
-9.975030064045384393e+01
-1.016028104741064624e+02
-1.003013096115659550e+02
-9.788730547194208498e+01
-7.403571082457742136e+01
-2.772980731669324683e+01
-5.755048808594342802e+01
-7.140092956692990356e+01
-6.537367458048154845e+01
-8.724255387413457186e+01
-9.556109835532278396e+01
-5.851519179766778223e+01
-1.572929100892569032e+01
-4.359720204734549753e+01
2.178975695038944238e+01
4.856738599940447187e+01
1.676420032301367087e+02
1.731914235456089557e+02
1.435635460280694247e+02
1.079255538113192472e+02
2.303885879930218294e+01
4.358691782333252007e+01
2.219447795634561658e+02
1.741342208581634452e+02
8.752165009958358155e+01
1.919875949708827534e+02
-2.949831850098663111e+01
7.125237893192277738e+01
4.572315561019773611e+01
1.883841922104600428e+02
1.150674157376492985e+02
5.454700446966114669e+01
1.036161958831557115e+02
1.649370068044316895e+01
2.566038090309044151e+01
7.789285954195017325e+01
7.032030585625332719e+01
5.660220993944025558e+00
2.210902790995687042e+02
1.708512356590121328e+02
7.097801607841734040e+01
9.783611648677825201e+01
1.411406700089202388e+02
1.157995118533206096e+02
2.247623673018259183e+02
1.347870440146903661e+02
1.579404900861445071e+02
1.066016379719380893e+02
2.354884677679268350e+02
2.324100965237381899e+02
1.309830413756170913e+02
2.436671292889147722e+01
2.428901736407521526e+02
1.817949341440116200e+02
1.269122450305832217e+02
2.441498630181784790e+02
1.672272663057925115e+02
1.823133429401099193e+02
2.623367367753272674e+02
1.737147520276283501e+02
3.032084254051324024e+02
3.032581332231818010e+02
2.108386002832238830e+02
2.304587861109158098e+02
2.638977312143129552e+02
3.060759000196049442e+02
1.913666218163892836e+02
2.838756506247165134e+02
2.693258190061561095e+02
2.023833294913642931e+02
2.893955412988987064e+02
3.082262814443229217e+02
3.065069792094064951e+02
3.093584777294548758e+02
3.100300542364390139e+02
2.850588256251933217e+02
3.052937728971953675e+02
1.916040420744282358e+02
1.901988557189071969e+02
1.904768417925634765e+02
1.100223631393680108e+02
3.104474770271349371e+02
3.085802979756572313e+02
1.838262629660952712e+02
2.314210328416744744e+02
2.839053848602134735e+02
2.366210266428712714e+02
2.487797235375663547e+02
2.308411004459304081e+02
2.146044117018767849e+02
2.581203229669458210e+02
2.957313663014863891e+02
2.592402132351077171e+02
3.108824207474282275e+02
2.930726629369806915e+02
2.677946566340752383e+02
3.090251112677879064e+02
2.874421165416616759e+02
1.819189216206717674e+02
