0.000000000000000000e+00
0.000000000000000000e+00
0.000000000000000000e+00
0.000000000000000000e+00
0.000000000000000000e+00
0.000000000000000000e+00
0.000000000000000000e+00
3.310120478272438049e-02
1.092920452356338501e-01
3.572538495063781738e-01
1.032377839088439941e+00
2.647291421890258789e+00
5.272300720214843750e+00
6.483151912689208984e+00
5.430473804473876953e+00
7.111646652221679688e+00
9.208537101745605469e+00
9.323743820190429688e+00
1.951767158508300781e+01
1.937969207763671875e+01
2.383057403564453125e+01
2.549316596984863281e+01
3.040655899047851562e+01
3.032044601440429688e+01
3.408600616455078125e+01
3.613079071044921875e+01
3.534129333496093750e+01
3.504607009887695312e+01
4.280463409423828125e+01
3.724956893920898438e+01
3.622120285034179688e+01
3.165700721740722656e+01
2.980053901672363281e+01
2.840025329589843750e+01
2.697895240783691406e+01
2.591793060302734375e+01
2.384662818908691406e+01
2.768928909301757812e+01
2.809996795654296875e+01
2.615765953063964844e+01
2.379602432250976562e+01
2.298515701293945312e+01
2.247215461730957031e+01
2.240337181091308594e+01
2.137345314025878906e+01
2.024300384521484375e+01
2.019772148132324219e+01
1.903613281250000000e+01
1.725560569763183594e+01
1.795462417602539062e+01
1.920267105102539062e+01
1.822335815429687500e+01
1.903939056396484375e+01
1.944018173217773438e+01
2.455711555480957031e+01
2.207484054565429688e+01
2.451107978820800781e+01
2.339004516601562500e+01
2.383410072326660156e+01
2.787322807312011719e+01
5.004953002929687500e+01
3.996157836914062500e+01
3.558686065673828125e+01
3.233382415771484375e+01
3.055263710021972656e+01
2.943016815185546875e+01
2.760366439819335938e+01
2.668364143371582031e+01
2.640149879455566406e+01
2.523798370361328125e+01
2.513874816894531250e+01
2.451015663146972656e+01
2.409739494323730469e+01
2.411558341979980469e+01
2.389508438110351562e+01
2.382036209106445312e+01
2.672861671447753906e+01
2.773624801635742188e+01
2.847197723388671875e+01
2.746188926696777344e+01
2.810108947753906250e+01
2.734492683410644531e+01
3.023859786987304688e+01
3.109299087524414062e+01
2.887164878845214844e+01
2.926811790466308594e+01
2.817201614379882812e+01
2.897800827026367188e+01
2.851470375061035156e+01
3.001712799072265625e+01
2.803502464294433594e+01
2.890151596069335938e+01
2.761092567443847656e+01
2.843344879150390625e+01
2.814008522033691406e+01
2.763012886047363281e+01
2.785842514038085938e+01
2.749739074707031250e+01
2.770008277893066406e+01
2.689135360717773438e+01
2.665024375915527344e+01
2.724903869628906250e+01
2.729272651672363281e+01
2.687433815002441406e+01
2.598731994628906250e+01
2.600062561035156250e+01
2.592227554321289062e+01
2.628281402587890625e+01
2.744205474853515625e+01
2.663550949096679688e+01
2.625365066528320312e+01
2.587964820861816406e+01
2.577439117431640625e+01
2.631472587585449219e+01
2.627979660034179688e+01
2.673898506164550781e+01
2.686267662048339844e+01
2.640014839172363281e+01
2.819168663024902344e+01
2.751316070556640625e+01
2.769327545166015625e+01
2.874840545654296875e+01
2.809333992004394531e+01
2.857348251342773438e+01
2.938905906677246094e+01
3.069538879394531250e+01
3.075202941894531250e+01
3.007951164245605469e+01
3.063656234741210938e+01
3.182701492309570312e+01
3.417522811889648438e+01
3.597813796997070312e+01
3.531494522094726562e+01
3.657810592651367188e+01
3.496701812744140625e+01
3.391801452636718750e+01
3.321994781494140625e+01
3.201364898681640625e+01
3.179978561401367188e+01
3.514404678344726562e+01
3.339518737792968750e+01
3.468151855468750000e+01
3.557755279541015625e+01
3.633079147338867188e+01
3.605962371826171875e+01
3.693082046508789062e+01
3.568476486206054688e+01
3.741273498535156250e+01
3.614797592163085938e+01
3.534253692626953125e+01
3.738643646240234375e+01
3.653399276733398438e+01
3.672727966308593750e+01
3.972426605224609375e+01
3.748447799682617188e+01
3.789504623413085938e+01
3.792371368408203125e+01
4.228186035156250000e+01
4.364468002319335938e+01
4.626271820068359375e+01
4.471913909912109375e+01
4.509689712524414062e+01
4.557229232788085938e+01
4.533052444458007812e+01
4.702319717407226562e+01
4.701805114746093750e+01
4.903798294067382812e+01
4.625591659545898438e+01
4.633637619018554688e+01
4.895389175415039062e+01
4.657033538818359375e+01
4.697141647338867188e+01
4.733813858032226562e+01
4.575986099243164062e+01
4.502394485473632812e+01
4.616137313842773438e+01
4.546442794799804688e+01
4.566854476928710938e+01
4.696823501586914062e+01
4.541321945190429688e+01
4.576182937622070312e+01
4.495323944091796875e+01
4.806320190429687500e+01
4.511732864379882812e+01
4.880527496337890625e+01
5.169834518432617188e+01
5.196081924438476562e+01
4.904492568969726562e+01
4.739706802368164062e+01
4.795331192016601562e+01
5.073236846923828125e+01
4.917165756225585938e+01
4.863450622558593750e+01
4.768321228027343750e+01
4.878235244750976562e+01
4.575550079345703125e+01
4.680502319335937500e+01
5.018472671508789062e+01
4.873477172851562500e+01
4.896120071411132812e+01
4.951782989501953125e+01
4.778330612182617188e+01
5.008973693847656250e+01
4.855554962158203125e+01
4.702122879028320312e+01
4.855976486206054688e+01
4.715364456176757812e+01
4.627145385742187500e+01
4.998438262939453125e+01
4.783246231079101562e+01
4.804431152343750000e+01
5.051390457153320312e+01
4.546542358398437500e+01
4.615779876708984375e+01
4.991296768188476562e+01
4.422171401977539062e+01
4.910053253173828125e+01
4.522914505004882812e+01
4.646090316772460938e+01
4.651189804077148438e+01
4.609720611572265625e+01
4.607967758178710938e+01
4.923903656005859375e+01
4.474399185180664062e+01
4.392996597290039062e+01
4.507030487060546875e+01
4.962974166870117188e+01
4.688936996459960938e+01
4.362346649169921875e+01
4.566156387329101562e+01
4.550009918212890625e+01
4.659890747070312500e+01
4.575229263305664062e+01
4.824250793457031250e+01
4.597594833374023438e+01
4.485150909423828125e+01
4.255550765991210938e+01
4.965830612182617188e+01
4.467861557006835938e+01
4.487700653076171875e+01
4.702827453613281250e+01
4.600193023681640625e+01
4.820358276367187500e+01
4.690185165405273438e+01
4.733566665649414062e+01
4.670846557617187500e+01
4.528833389282226562e+01
4.776559448242187500e+01
4.641994857788085938e+01
4.795381546020507812e+01
4.903542327880859375e+01
5.050312423706054688e+01
4.726156997680664062e+01
4.552632904052734375e+01
4.573351287841796875e+01
4.814197921752929688e+01
4.771546936035156250e+01
4.774258804321289062e+01
4.830198287963867188e+01
4.514654922485351562e+01
4.774036026000976562e+01
4.528175735473632812e+01
4.618823623657226562e+01
4.660248565673828125e+01
4.464727401733398438e+01
4.374093627929687500e+01
5.054605102539062500e+01
4.467834472656250000e+01
4.334040069580078125e+01
4.864183807373046875e+01
4.801506423950195312e+01
4.048150634765625000e+01
4.579335021972656250e+01
4.314990997314453125e+01
4.540746688842773438e+01
4.235093688964843750e+01
4.221233367919921875e+01
4.152246475219726562e+01
4.307838058471679688e+01
4.383837127685546875e+01
4.239907073974609375e+01
4.021892929077148438e+01
4.337207031250000000e+01
4.273874282836914062e+01
4.515462875366210938e+01
4.151467132568359375e+01
4.480436325073242188e+01
3.931292343139648438e+01
4.396308898925781250e+01
4.279299163818359375e+01
4.046175003051757812e+01
3.719025039672851562e+01
4.378274536132812500e+01
4.087376785278320312e+01
3.718545150756835938e+01
4.031542205810546875e+01
3.818878936767578125e+01
3.919545364379882812e+01
4.039638137817382812e+01
4.134701538085937500e+01
4.537924194335937500e+01
3.497688674926757812e+01
4.197568893432617188e+01
4.287257766723632812e+01
3.790176010131835938e+01
3.799511718750000000e+01
3.935296630859375000e+01
3.838409423828125000e+01
3.966737365722656250e+01
3.896025085449218750e+01
4.100785064697265625e+01
4.004564666748046875e+01
3.654606246948242188e+01
4.238773345947265625e+01
3.931352996826171875e+01
3.941371917724609375e+01
3.683814239501953125e+01
4.064322662353515625e+01
4.129581451416015625e+01
3.869701385498046875e+01
3.531730651855468750e+01
4.108929824829101562e+01
3.871193313598632812e+01
3.939819717407226562e+01
3.915408706665039062e+01
3.841885757446289062e+01
4.150143814086914062e+01
3.962700653076171875e+01
4.001204681396484375e+01
4.019007110595703125e+01
3.457212066650390625e+01
3.631977844238281250e+01
3.746062469482421875e+01
3.685511779785156250e+01
3.732141494750976562e+01
3.252271270751953125e+01
4.106680679321289062e+01
3.928150939941406250e+01
4.184389495849609375e+01
3.720667266845703125e+01
3.898548507690429688e+01
3.786215591430664062e+01
3.628377532958984375e+01
3.665404510498046875e+01
3.646317672729492188e+01
3.259532546997070312e+01
3.897817611694335938e+01
3.624400711059570312e+01
3.810619354248046875e+01
4.263032913208007812e+01
3.801367187500000000e+01
3.688005447387695312e+01
3.672247695922851562e+01
3.641855621337890625e+01
3.986785888671875000e+01
3.994799041748046875e+01
4.048481369018554688e+01
3.696071243286132812e+01
3.687163162231445312e+01
3.575637817382812500e+01
3.888282012939453125e+01
3.345858001708984375e+01
3.644758987426757812e+01
3.572426223754882812e+01
3.840359878540039062e+01
3.926086044311523438e+01
3.771710586547851562e+01
3.552874374389648438e+01
3.714799880981445312e+01
3.719508743286132812e+01
3.633224487304687500e+01
3.657786560058593750e+01
3.848288345336914062e+01
3.769018173217773438e+01
4.023666381835937500e+01
3.625021743774414062e+01
3.671583175659179688e+01
3.206663513183593750e+01
3.387134170532226562e+01
3.796634292602539062e+01
3.473456954956054688e+01
3.617275619506835938e+01
3.359835052490234375e+01
3.284798049926757812e+01
3.674407196044921875e+01
3.659597396850585938e+01
3.755017852783203125e+01
3.199953079223632812e+01
3.438069152832031250e+01
3.720540618896484375e+01
3.267877960205078125e+01
3.355678176879882812e+01
3.696589660644531250e+01
3.466336822509765625e+01
3.208036041259765625e+01
3.223970794677734375e+01
3.289407730102539062e+01
3.422648620605468750e+01
3.283198547363281250e+01
3.231824493408203125e+01
3.362837982177734375e+01
3.290837478637695312e+01
3.162149047851562500e+01
3.170365524291992188e+01
3.536146163940429688e+01
3.506381225585937500e+01
3.159493255615234375e+01
2.945869445800781250e+01
3.465056228637695312e+01
3.153606986999511719e+01
3.394337463378906250e+01
2.871453666687011719e+01
3.723372650146484375e+01
3.363848495483398438e+01
2.908923530578613281e+01
3.279784011840820312e+01
3.090882492065429688e+01
3.162980461120605469e+01
3.188872337341308594e+01
3.567676544189453125e+01
2.786365890502929688e+01
3.275076675415039062e+01
3.097790145874023438e+01
3.376520156860351562e+01
2.987647628784179688e+01
2.919710159301757812e+01
2.968746566772460938e+01
2.958862304687500000e+01
3.174367523193359375e+01
2.992768287658691406e+01
2.965958404541015625e+01
3.000979995727539062e+01
2.786711120605468750e+01
3.028424835205078125e+01
2.965139770507812500e+01
2.871779632568359375e+01
2.905211067199707031e+01
2.446519851684570312e+01
2.822166633605957031e+01
3.104576492309570312e+01
2.867698860168457031e+01
3.095728492736816406e+01
3.038063240051269531e+01
2.683774948120117188e+01
3.129211807250976562e+01
2.934038352966308594e+01
3.245059967041015625e+01
2.761005020141601562e+01
3.106472206115722656e+01
2.846590614318847656e+01
2.670952033996582031e+01
3.086710929870605469e+01
2.737902069091796875e+01
2.947608757019042969e+01
2.939544486999511719e+01
2.915188407897949219e+01
2.899552536010742188e+01
2.670158576965332031e+01
2.608853530883789062e+01
2.770182418823242188e+01
2.992049598693847656e+01
2.602218055725097656e+01
2.587570571899414062e+01
2.949331855773925781e+01
2.760341072082519531e+01
2.706338500976562500e+01
2.956973075866699219e+01
2.933533668518066406e+01
2.460291671752929688e+01
2.909062957763671875e+01
2.753074645996093750e+01
2.794598007202148438e+01
2.548583412170410156e+01
3.250124740600585938e+01
2.379990386962890625e+01
2.740521621704101562e+01
2.324607276916503906e+01
2.671080398559570312e+01
2.754814338684082031e+01
2.746628761291503906e+01
2.746580505371093750e+01
3.093913841247558594e+01
2.809395217895507812e+01
2.823917007446289062e+01
2.548461341857910156e+01
2.355197334289550781e+01
2.543292617797851562e+01
2.814472198486328125e+01
2.722657012939453125e+01
2.772814369201660156e+01
2.623025131225585938e+01
2.907184791564941406e+01
2.757677841186523438e+01
2.805560493469238281e+01
2.513875770568847656e+01
2.579324150085449219e+01
2.730936050415039062e+01
2.384741783142089844e+01
2.666840553283691406e+01
2.472779464721679688e+01
2.625761604309082031e+01
2.709146881103515625e+01
2.865272712707519531e+01
2.617193984985351562e+01
2.965226173400878906e+01
2.381300735473632812e+01
2.326746559143066406e+01
2.660285949707031250e+01
2.570027160644531250e+01
2.853515625000000000e+01
2.707951927185058594e+01
2.661164093017578125e+01
2.450934028625488281e+01
2.583227157592773438e+01
2.726869964599609375e+01
2.883322334289550781e+01
2.729582786560058594e+01
2.764376449584960938e+01
2.622138786315917969e+01
2.753320312500000000e+01
2.569883728027343750e+01
2.611148643493652344e+01
2.389841461181640625e+01
2.966010284423828125e+01
2.264732742309570312e+01
2.720919418334960938e+01
2.835104370117187500e+01
2.441408729553222656e+01
2.517797660827636719e+01
2.594457054138183594e+01
2.481675720214843750e+01
2.395193862915039062e+01
2.473499107360839844e+01
2.720167160034179688e+01
2.408708572387695312e+01
2.491119575500488281e+01
2.891575241088867188e+01
2.460647010803222656e+01
2.622834968566894531e+01
2.416338348388671875e+01
2.534280204772949219e+01
2.234828186035156250e+01
2.645200347900390625e+01
2.332031822204589844e+01
2.493842124938964844e+01
2.629888725280761719e+01
2.660270690917968750e+01
2.616820335388183594e+01
2.612985610961914062e+01
2.535523414611816406e+01
2.415828895568847656e+01
2.411273765563964844e+01
2.382373237609863281e+01
2.632287025451660156e+01
2.378499794006347656e+01
2.489889144897460938e+01
2.648250579833984375e+01
2.370522308349609375e+01
2.421318054199218750e+01
2.653114509582519531e+01
2.425746536254882812e+01
2.775024604797363281e+01
2.605352401733398438e+01
2.559019088745117188e+01
2.406221389770507812e+01
2.839817619323730469e+01
2.544490623474121094e+01
2.516008186340332031e+01
2.359281539916992188e+01
2.431835746765136719e+01
2.582720375061035156e+01
2.502983665466308594e+01
2.327002716064453125e+01
2.490825462341308594e+01
2.491285896301269531e+01
2.555671501159667969e+01
2.210519981384277344e+01
2.291520309448242188e+01
2.345468711853027344e+01
2.369818687438964844e+01
2.345555114746093750e+01
2.518701553344726562e+01
2.286716079711914062e+01
2.496807098388671875e+01
2.469904327392578125e+01
2.482447814941406250e+01
2.560935783386230469e+01
2.486809158325195312e+01
2.384457015991210938e+01
2.443956565856933594e+01
2.793762969970703125e+01
2.409454345703125000e+01
2.580188941955566406e+01
2.458896255493164062e+01
2.521715927124023438e+01
2.366368865966796875e+01
2.300440979003906250e+01
2.622025871276855469e+01
2.226742172241210938e+01
2.729011344909667969e+01
2.262986373901367188e+01
2.483545875549316406e+01
2.539423370361328125e+01
2.517379760742187500e+01
2.598846435546875000e+01
2.310134696960449219e+01
2.438368034362792969e+01
2.209713172912597656e+01
2.508391761779785156e+01
2.428956985473632812e+01
2.327264976501464844e+01
2.376608467102050781e+01
2.491767692565917969e+01
2.153744506835937500e+01
2.186974906921386719e+01
2.150727272033691406e+01
2.641150474548339844e+01
2.377773857116699219e+01
2.331801605224609375e+01
2.437312889099121094e+01
2.507455444335937500e+01
2.311392974853515625e+01
2.342453575134277344e+01
2.248489379882812500e+01
2.334703254699707031e+01
2.419670867919921875e+01
2.547317123413085938e+01
2.180276489257812500e+01
2.337211799621582031e+01
2.177948379516601562e+01
2.330270957946777344e+01
2.081970024108886719e+01
2.255686759948730469e+01
2.290037727355957031e+01
2.239229583740234375e+01
2.426572036743164062e+01
2.228367805480957031e+01
2.243399620056152344e+01
2.443961524963378906e+01
2.494212341308593750e+01
2.178400993347167969e+01
2.358938980102539062e+01
2.347019577026367188e+01
2.236897468566894531e+01
2.330076599121093750e+01
2.274753952026367188e+01
2.595352172851562500e+01
2.571393013000488281e+01
2.302464485168457031e+01
2.552784729003906250e+01
2.323036766052246094e+01
2.616337585449218750e+01
2.487131690979003906e+01
2.440861320495605469e+01
2.710960388183593750e+01
2.390499305725097656e+01
2.471613121032714844e+01
2.237471008300781250e+01
2.532104110717773438e+01
2.144720077514648438e+01
2.362430953979492188e+01
2.282616424560546875e+01
2.222296905517578125e+01
2.228953552246093750e+01
2.193545150756835938e+01
2.468779945373535156e+01
2.226848602294921875e+01
2.261381530761718750e+01
2.299437904357910156e+01
2.208361244201660156e+01
2.520960998535156250e+01
2.193512916564941406e+01
2.372037887573242188e+01
2.300774765014648438e+01
2.615414428710937500e+01
2.126636123657226562e+01
2.293968009948730469e+01
2.245898056030273438e+01
2.421450233459472656e+01
2.350531196594238281e+01
2.414381599426269531e+01
2.366676139831542969e+01
2.219932174682617188e+01
2.253305053710937500e+01
2.305526542663574219e+01
2.503349113464355469e+01
2.227731323242187500e+01
2.619558143615722656e+01
2.276304626464843750e+01
2.662976264953613281e+01
2.317872810363769531e+01
2.191549110412597656e+01
2.535579681396484375e+01
2.418466758728027344e+01
2.320429229736328125e+01
2.499942207336425781e+01
2.322234344482421875e+01
2.449690628051757812e+01
2.313435363769531250e+01
2.016651153564453125e+01
2.222469520568847656e+01
2.327070617675781250e+01
2.307866477966308594e+01
2.369437026977539062e+01
2.063412857055664062e+01
2.091327857971191406e+01
2.425911712646484375e+01
2.114352798461914062e+01
2.242812156677246094e+01
2.316768264770507812e+01
2.313152885437011719e+01
2.544089317321777344e+01
2.131218338012695312e+01
2.533666229248046875e+01
2.121711540222167969e+01
2.150297737121582031e+01
2.156963920593261719e+01
2.310687446594238281e+01
2.314562797546386719e+01
2.419333648681640625e+01
2.179445648193359375e+01
2.220180702209472656e+01
2.549975204467773438e+01
1.978878593444824219e+01
2.114816284179687500e+01
2.378207778930664062e+01
2.026157951354980469e+01
2.159220504760742188e+01
2.369731903076171875e+01
2.602482223510742188e+01
2.176619911193847656e+01
2.105556678771972656e+01
2.179121398925781250e+01
2.042259597778320312e+01
2.019953918457031250e+01
2.079587364196777344e+01
2.263717079162597656e+01
2.038908195495605469e+01
2.024511337280273438e+01
2.162551116943359375e+01
2.611766815185546875e+01
2.040643501281738281e+01
2.067638397216796875e+01
2.238290977478027344e+01
2.285321807861328125e+01
1.955470275878906250e+01
2.140122985839843750e+01
2.119898033142089844e+01
2.575072669982910156e+01
2.121926689147949219e+01
2.169064331054687500e+01
2.247002220153808594e+01
2.308733940124511719e+01
2.190551948547363281e+01
2.235724258422851562e+01
2.140091705322265625e+01
2.210782814025878906e+01
2.297732734680175781e+01
2.169423866271972656e+01
2.230604362487792969e+01
2.005965614318847656e+01
2.054781341552734375e+01
2.197566413879394531e+01
2.287032890319824219e+01
2.084286689758300781e+01
2.030417251586914062e+01
2.248545837402343750e+01
2.226205825805664062e+01
2.277344894409179688e+01
2.020904350280761719e+01
2.074678039550781250e+01
2.211289596557617188e+01
2.436355018615722656e+01
1.899484825134277344e+01
2.131492233276367188e+01
1.969390678405761719e+01
2.070522117614746094e+01
2.212801551818847656e+01
2.170368003845214844e+01
1.884331512451171875e+01
1.958576583862304688e+01
2.327854728698730469e+01
2.373134994506835938e+01
1.973003959655761719e+01
2.214129257202148438e+01
2.067421913146972656e+01
2.183063316345214844e+01
2.137237930297851562e+01
2.340997695922851562e+01
1.888879013061523438e+01
2.359636306762695312e+01
2.574509239196777344e+01
2.169473266601562500e+01
2.026554107666015625e+01
1.914740562438964844e+01
2.100177955627441406e+01
1.923797988891601562e+01
1.848390579223632812e+01
2.185474586486816406e+01
1.793673896789550781e+01
1.736608123779296875e+01
2.262688255310058594e+01
2.212084007263183594e+01
2.087639427185058594e+01
2.058009719848632812e+01
1.999176597595214844e+01
2.155876541137695312e+01
1.753939056396484375e+01
2.098445892333984375e+01
1.938142013549804688e+01
2.122522354125976562e+01
1.986971092224121094e+01
1.760489463806152344e+01
2.021351051330566406e+01
2.223194122314453125e+01
2.079197883605957031e+01
2.100401115417480469e+01
2.162705421447753906e+01
2.041797065734863281e+01
2.039261627197265625e+01
2.073420906066894531e+01
2.355157089233398438e+01
1.992802047729492188e+01
2.124995040893554688e+01
1.930532073974609375e+01
2.191469573974609375e+01
2.026804924011230469e+01
2.059151649475097656e+01
2.183415222167968750e+01
2.018594551086425781e+01
2.074357795715332031e+01
2.095998382568359375e+01
2.180521011352539062e+01
2.099629592895507812e+01
2.053779220581054688e+01
2.228052711486816406e+01
1.903914070129394531e+01
2.219145774841308594e+01
1.909245681762695312e+01
1.877001190185546875e+01
2.516016006469726562e+01
1.886039924621582031e+01
2.577451515197753906e+01
2.285667228698730469e+01
1.969032096862792969e+01
1.913159942626953125e+01
2.120376586914062500e+01
1.823556900024414062e+01
2.184637832641601562e+01
1.929053688049316406e+01
2.197923660278320312e+01
1.962020874023437500e+01
1.827276992797851562e+01
2.006603813171386719e+01
2.030210113525390625e+01
2.064051055908203125e+01
1.871966361999511719e+01
1.982939338684082031e+01
1.950813293457031250e+01
2.127413749694824219e+01
2.017358970642089844e+01
1.892191696166992188e+01
2.089990997314453125e+01
2.122501945495605469e+01
2.151501655578613281e+01
2.317772293090820312e+01
1.989645767211914062e+01
1.847527313232421875e+01
2.111846160888671875e+01
2.046515655517578125e+01
2.037702751159667969e+01
2.396216583251953125e+01
2.266480255126953125e+01
2.041441726684570312e+01
1.995181274414062500e+01
2.138448905944824219e+01
1.877353668212890625e+01
1.894804763793945312e+01
2.043889808654785156e+01
2.067374610900878906e+01
2.028709602355957031e+01
1.965938568115234375e+01
1.994116973876953125e+01
1.856618881225585938e+01
1.988188552856445312e+01
2.007602119445800781e+01
2.086794853210449219e+01
2.181624794006347656e+01
2.056438255310058594e+01
2.053717613220214844e+01
1.880836486816406250e+01
1.982074928283691406e+01
2.023332977294921875e+01
1.902234458923339844e+01
2.055516624450683594e+01
1.956803894042968750e+01
1.920589447021484375e+01
1.902861976623535156e+01
2.089098548889160156e+01
1.972023963928222656e+01
1.988480758666992188e+01
1.903794097900390625e+01
1.994174957275390625e+01
1.865752792358398438e+01
1.709827423095703125e+01
1.951959991455078125e+01
1.886977005004882812e+01
1.707127380371093750e+01
1.930098342895507812e+01
2.122706604003906250e+01
2.012161064147949219e+01
2.033639717102050781e+01
1.856006622314453125e+01
1.904103469848632812e+01
2.240632629394531250e+01
1.978152275085449219e+01
1.948658180236816406e+01
2.019945526123046875e+01
1.972279739379882812e+01
2.017422294616699219e+01
2.067239189147949219e+01
1.731795120239257812e+01
1.887288665771484375e+01
2.101028633117675781e+01
1.917171669006347656e+01
1.952230453491210938e+01
2.122726631164550781e+01
2.082082748413085938e+01
1.914571762084960938e+01
2.027864837646484375e+01
1.710642242431640625e+01
2.248344230651855469e+01
2.052929687500000000e+01
1.805128288269042969e+01
1.842214393615722656e+01
1.937788200378417969e+01
2.111672210693359375e+01
2.042132949829101562e+01
1.977624130249023438e+01
1.800143051147460938e+01
1.770859527587890625e+01
1.946709632873535156e+01
2.074390220642089844e+01
2.008781433105468750e+01
1.784502029418945312e+01
1.796307373046875000e+01
2.030139541625976562e+01
1.929992485046386719e+01
1.919750785827636719e+01
1.790689086914062500e+01
2.030707740783691406e+01
2.035237503051757812e+01
1.894896125793457031e+01
2.025112915039062500e+01
1.947198867797851562e+01
1.933082199096679688e+01
1.766448020935058594e+01
1.852724075317382812e+01
1.743725395202636719e+01
1.852383041381835938e+01
1.833855819702148438e+01
1.857058143615722656e+01
2.103991508483886719e+01
1.765073966979980469e+01
2.023686790466308594e+01
2.141172790527343750e+01
2.107811355590820312e+01
1.790603637695312500e+01
1.901418113708496094e+01
1.625363159179687500e+01
1.798869895935058594e+01
1.901737213134765625e+01
1.585913753509521484e+01
1.784678459167480469e+01
1.760063171386718750e+01
1.763475418090820312e+01
1.911361122131347656e+01
1.886548995971679688e+01
1.935362815856933594e+01
2.015719985961914062e+01
1.830530548095703125e+01
1.990227699279785156e+01
1.696298027038574219e+01
1.848375701904296875e+01
1.562989997863769531e+01
1.930299568176269531e+01
1.912000656127929688e+01
1.570311737060546875e+01
1.647151184082031250e+01
1.959636306762695312e+01
1.770519447326660156e+01
1.765666389465332031e+01
1.758194160461425781e+01
1.474389839172363281e+01
1.904449653625488281e+01
1.736827659606933594e+01
1.950347328186035156e+01
2.042222595214843750e+01
2.026271438598632812e+01
1.816476249694824219e+01
