0.000000000000000000e+00
0.000000000000000000e+00
0.000000000000000000e+00
0.000000000000000000e+00
0.000000000000000000e+00
0.000000000000000000e+00
0.000000000000000000e+00
4.934651032090187073e-02
1.743042320013046265e-01
5.803847908973693848e-01
2.664814472198486328e+00
5.541237354278564453e+00
7.642086029052734375e+00
1.198175621032714844e+01
1.800059127807617188e+01
1.959335517883300781e+01
1.933674240112304688e+01
1.772757339477539062e+01
1.693913650512695312e+01
2.677834320068359375e+01
3.665065002441406250e+01
4.092968750000000000e+01
3.742572021484375000e+01
3.659527969360351562e+01
4.469384765625000000e+01
4.360369491577148438e+01
4.349559402465820312e+01
4.303752899169921875e+01
4.513343048095703125e+01
4.373133850097656250e+01
4.759014892578125000e+01
4.318664169311523438e+01
5.072185897827148438e+01
4.635854339599609375e+01
4.958014678955078125e+01
4.412861633300781250e+01
4.956707763671875000e+01
5.056361007690429688e+01
5.060867309570312500e+01
4.667836761474609375e+01
4.413592910766601562e+01
4.264393615722656250e+01
4.195068740844726562e+01
4.520360183715820312e+01
4.128501510620117188e+01
3.726364517211914062e+01
4.279504776000976562e+01
3.615620422363281250e+01
3.317034530639648438e+01
3.072860908508300781e+01
2.920484352111816406e+01
2.713201332092285156e+01
2.593502998352050781e+01
2.408179664611816406e+01
2.407871055603027344e+01
2.242685508728027344e+01
2.144712448120117188e+01
1.963067817687988281e+01
1.880200958251953125e+01
1.811480522155761719e+01
1.807481193542480469e+01
1.730097007751464844e+01
1.671453475952148438e+01
1.535745716094970703e+01
1.558491325378417969e+01
1.483853435516357422e+01
1.858653831481933594e+01
1.626329421997070312e+01
1.711656570434570312e+01
1.636979103088378906e+01
1.649253082275390625e+01
1.595334720611572266e+01
1.535480403900146484e+01
1.522573661804199219e+01
1.421101570129394531e+01
1.433908367156982422e+01
1.428191661834716797e+01
1.392409133911132812e+01
1.340191745758056641e+01
1.326271915435791016e+01
1.339575576782226562e+01
1.312718486785888672e+01
1.373963832855224609e+01
1.277365970611572266e+01
1.247403144836425781e+01
1.205691337585449219e+01
1.245923805236816406e+01
1.210046482086181641e+01
1.153213500976562500e+01
1.145007419586181641e+01
1.151616001129150391e+01
1.096074104309082031e+01
1.098984336853027344e+01
1.062129878997802734e+01
1.027084541320800781e+01
1.016561031341552734e+01
1.000909233093261719e+01
1.018153190612792969e+01
1.004897594451904297e+01
1.022066974639892578e+01
1.036432647705078125e+01
1.015542221069335938e+01
9.735321998596191406e+00
1.063474845886230469e+01
1.030827522277832031e+01
9.901412010192871094e+00
9.389663696289062500e+00
9.420886993408203125e+00
9.274412155151367188e+00
9.518950462341308594e+00
9.129867553710937500e+00
9.245611190795898438e+00
9.444904327392578125e+00
9.012354850769042969e+00
9.008418083190917969e+00
1.028386211395263672e+01
9.533876419067382812e+00
1.005232238769531250e+01
1.026009273529052734e+01
9.984829902648925781e+00
9.343306541442871094e+00
9.074470520019531250e+00
9.168648719787597656e+00
9.423433303833007812e+00
1.059019756317138672e+01
1.025739383697509766e+01
9.840950965881347656e+00
9.757442474365234375e+00
9.906323432922363281e+00
9.744874954223632812e+00
1.070471858978271484e+01
1.246270179748535156e+01
1.182539272308349609e+01
1.149383163452148438e+01
1.226931762695312500e+01
1.312053108215332031e+01
1.514293384552001953e+01
1.501497745513916016e+01
1.719110107421875000e+01
1.788606643676757812e+01
1.683474349975585938e+01
1.767188262939453125e+01
1.824843025207519531e+01
1.795160102844238281e+01
1.830553054809570312e+01
1.962103462219238281e+01
1.948652839660644531e+01
1.861394882202148438e+01
1.780386352539062500e+01
1.844927787780761719e+01
2.002249717712402344e+01
1.785770797729492188e+01
1.860275459289550781e+01
1.884278106689453125e+01
2.045371055603027344e+01
2.316757965087890625e+01
2.216295051574707031e+01
2.479716491699218750e+01
2.307144927978515625e+01
2.487833595275878906e+01
2.453561782836914062e+01
2.440462875366210938e+01
2.500917243957519531e+01
2.436088943481445312e+01
2.552624702453613281e+01
2.543055534362792969e+01
2.648659324645996094e+01
2.555894660949707031e+01
2.786443138122558594e+01
2.847928237915039062e+01
2.767922019958496094e+01
2.930070304870605469e+01
2.921266746520996094e+01
3.012897300720214844e+01
3.068814086914062500e+01
2.884249305725097656e+01
3.116875457763671875e+01
3.172796821594238281e+01
3.412742233276367188e+01
3.438632965087890625e+01
3.432886886596679688e+01
3.848906326293945312e+01
4.193103408813476562e+01
4.408689880371093750e+01
4.503202819824218750e+01
4.703050613403320312e+01
4.849360275268554688e+01
4.838830566406250000e+01
5.533181762695312500e+01
5.601999282836914062e+01
5.388596343994140625e+01
5.538764953613281250e+01
6.196689224243164062e+01
5.446270751953125000e+01
6.008691787719726562e+01
6.055035018920898438e+01
6.414585113525390625e+01
6.479095458984375000e+01
6.585523223876953125e+01
6.300585937500000000e+01
7.010500335693359375e+01
6.794735717773437500e+01
6.161473464965820312e+01
6.854447937011718750e+01
6.495459747314453125e+01
6.868956756591796875e+01
6.480644226074218750e+01
6.501645660400390625e+01
6.886732482910156250e+01
6.664398193359375000e+01
6.991011810302734375e+01
6.888462829589843750e+01
7.430638885498046875e+01
6.911793518066406250e+01
6.588023376464843750e+01
6.521448516845703125e+01
7.256027984619140625e+01
7.478089141845703125e+01
6.783287811279296875e+01
6.857709503173828125e+01
6.888631439208984375e+01
6.709287261962890625e+01
6.827408599853515625e+01
6.801137542724609375e+01
7.022883605957031250e+01
6.672637939453125000e+01
6.210356903076171875e+01
6.258216476440429688e+01
6.626441955566406250e+01
6.569420623779296875e+01
6.492340087890625000e+01
6.661465454101562500e+01
6.673329925537109375e+01
6.188863372802734375e+01
6.150080871582031250e+01
6.140409469604492188e+01
6.090797805786132812e+01
5.954903411865234375e+01
6.312476348876953125e+01
6.509471130371093750e+01
5.525759506225585938e+01
5.770636749267578125e+01
5.703618621826171875e+01
5.475296020507812500e+01
5.503710174560546875e+01
5.588298034667968750e+01
5.155423736572265625e+01
5.062763977050781250e+01
5.110677337646484375e+01
5.422419357299804688e+01
5.051707839965820312e+01
5.307517623901367188e+01
5.340645217895507812e+01
4.871318817138671875e+01
4.788537216186523438e+01
4.890343093872070312e+01
4.817546081542968750e+01
4.546373367309570312e+01
5.276804351806640625e+01
4.913699340820312500e+01
4.723402404785156250e+01
4.709518814086914062e+01
4.472295761108398438e+01
4.779550552368164062e+01
4.410678100585937500e+01
4.937337493896484375e+01
4.272208023071289062e+01
4.398095321655273438e+01
4.490078735351562500e+01
4.301773071289062500e+01
4.508216476440429688e+01
4.464553451538085938e+01
4.098791885375976562e+01
4.439377975463867188e+01
4.151330947875976562e+01
4.346330642700195312e+01
4.181142425537109375e+01
4.060787582397460938e+01
4.011573791503906250e+01
4.266530990600585938e+01
4.378595352172851562e+01
3.867869567871093750e+01
3.932335281372070312e+01
3.733715057373046875e+01
3.989721298217773438e+01
4.085720443725585938e+01
4.062781524658203125e+01
3.839275741577148438e+01
3.695232772827148438e+01
3.511606216430664062e+01
3.991624450683593750e+01
3.978265762329101562e+01
3.390272140502929688e+01
3.750125122070312500e+01
3.471714782714843750e+01
3.517742156982421875e+01
3.656381988525390625e+01
3.616420364379882812e+01
3.264716339111328125e+01
3.682906341552734375e+01
3.444518280029296875e+01
3.054691314697265625e+01
3.634858322143554688e+01
3.538705825805664062e+01
3.221839904785156250e+01
3.519279861450195312e+01
3.162450408935546875e+01
3.334932708740234375e+01
3.049302291870117188e+01
3.113540649414062500e+01
3.242559051513671875e+01
3.139719963073730469e+01
3.377931213378906250e+01
3.416910171508789062e+01
3.242695999145507812e+01
3.080785179138183594e+01
3.285106277465820312e+01
3.232439804077148438e+01
3.088549232482910156e+01
3.427094650268554688e+01
3.174729728698730469e+01
3.105957794189453125e+01
3.030669593811035156e+01
3.223170852661132812e+01
3.125667762756347656e+01
3.345597839355468750e+01
3.074110603332519531e+01
3.342249679565429688e+01
3.546816253662109375e+01
3.290074157714843750e+01
3.236700439453125000e+01
3.134188842773437500e+01
3.097289085388183594e+01
3.146322631835937500e+01
2.708361625671386719e+01
3.177707481384277344e+01
3.311989212036132812e+01
2.853220176696777344e+01
2.938069152832031250e+01
3.179162025451660156e+01
3.132904052734375000e+01
3.051859855651855469e+01
2.936601257324218750e+01
3.285795211791992188e+01
2.946422958374023438e+01
2.893215560913085938e+01
2.860009765625000000e+01
2.790913581848144531e+01
2.834463310241699219e+01
2.810534286499023438e+01
3.122555923461914062e+01
2.710110473632812500e+01
3.052248382568359375e+01
3.095496177673339844e+01
2.545047378540039062e+01
2.689145469665527344e+01
3.132632255554199219e+01
2.896870803833007812e+01
2.726378440856933594e+01
2.760748672485351562e+01
2.927177429199218750e+01
2.679570388793945312e+01
2.883879470825195312e+01
2.817303466796875000e+01
2.904656982421875000e+01
2.969389343261718750e+01
2.404204368591308594e+01
2.761347007751464844e+01
2.469694137573242188e+01
3.315359115600585938e+01
2.685520172119140625e+01
2.910430145263671875e+01
2.769649887084960938e+01
3.219900131225585938e+01
2.566881179809570312e+01
3.044718360900878906e+01
3.125632476806640625e+01
2.813573265075683594e+01
2.790787506103515625e+01
3.221636962890625000e+01
2.951500892639160156e+01
2.854017066955566406e+01
2.471198081970214844e+01
2.721307754516601562e+01
2.817897415161132812e+01
2.944911003112792969e+01
2.870071792602539062e+01
2.516403198242187500e+01
2.823406410217285156e+01
2.694359397888183594e+01
2.691128921508789062e+01
2.702203178405761719e+01
2.546413040161132812e+01
2.571839523315429688e+01
2.484547424316406250e+01
2.497541618347167969e+01
2.743519973754882812e+01
2.684141349792480469e+01
2.510342597961425781e+01
2.761856460571289062e+01
2.685836410522460938e+01
2.447384262084960938e+01
2.637479209899902344e+01
2.663888549804687500e+01
2.494380187988281250e+01
2.611437797546386719e+01
2.659159851074218750e+01
2.908559799194335938e+01
2.760498809814453125e+01
2.448689079284667969e+01
2.328101921081542969e+01
2.493469619750976562e+01
2.534405708312988281e+01
2.605720901489257812e+01
2.462942695617675781e+01
2.838232040405273438e+01
2.286698150634765625e+01
2.362548065185546875e+01
2.416789054870605469e+01
2.444360733032226562e+01
2.467212295532226562e+01
2.397888374328613281e+01
2.667535591125488281e+01
2.273418807983398438e+01
2.442347717285156250e+01
2.545822334289550781e+01
2.604803085327148438e+01
2.324843406677246094e+01
2.592325210571289062e+01
2.274000358581542969e+01
2.393866920471191406e+01
2.388041877746582031e+01
2.424735832214355469e+01
2.438991355895996094e+01
2.344469070434570312e+01
2.326461791992187500e+01
2.712567138671875000e+01
2.236758232116699219e+01
2.379251480102539062e+01
2.417717552185058594e+01
2.260853576660156250e+01
2.064330863952636719e+01
2.213322639465332031e+01
2.472097587585449219e+01
2.599471282958984375e+01
2.549209785461425781e+01
2.106769752502441406e+01
2.248461532592773438e+01
2.223850440979003906e+01
2.312224197387695312e+01
2.130997467041015625e+01
2.263508224487304688e+01
2.365257263183593750e+01
2.135575866699218750e+01
2.302338409423828125e+01
2.122365951538085938e+01
2.496461296081542969e+01
2.123129653930664062e+01
2.308281326293945312e+01
2.222850036621093750e+01
2.182193756103515625e+01
2.010278511047363281e+01
2.211341667175292969e+01
2.169226264953613281e+01
2.174129676818847656e+01
2.184125328063964844e+01
2.118312454223632812e+01
2.173485946655273438e+01
2.115693473815917969e+01
2.335053253173828125e+01
2.014632415771484375e+01
2.208913993835449219e+01
2.074896049499511719e+01
2.062507247924804688e+01
2.053496932983398438e+01
2.279788589477539062e+01
2.137362098693847656e+01
2.026362419128417969e+01
2.022286224365234375e+01
2.004981422424316406e+01
2.325898170471191406e+01
2.261639022827148438e+01
2.051954650878906250e+01
2.159692764282226562e+01
2.114449310302734375e+01
2.113124275207519531e+01
2.060421943664550781e+01
2.023634719848632812e+01
2.153536987304687500e+01
2.121540641784667969e+01
2.252326202392578125e+01
2.100947952270507812e+01
2.182137107849121094e+01
2.009115219116210938e+01
1.973073768615722656e+01
2.296660995483398438e+01
2.212231826782226562e+01
2.294504356384277344e+01
2.169522094726562500e+01
1.874979782104492188e+01
2.280780410766601562e+01
2.223067855834960938e+01
1.986992073059082031e+01
2.047837066650390625e+01
2.196029281616210938e+01
2.063527297973632812e+01
1.836695289611816406e+01
2.151411056518554688e+01
2.328141403198242188e+01
1.913683891296386719e+01
2.220478820800781250e+01
2.034857177734375000e+01
1.909249305725097656e+01
2.061725807189941406e+01
2.236786270141601562e+01
1.927350807189941406e+01
2.249928092956542969e+01
1.915835189819335938e+01
2.239976882934570312e+01
1.994485473632812500e+01
2.045580482482910156e+01
2.041417884826660156e+01
1.991101264953613281e+01
1.856493377685546875e+01
1.992197608947753906e+01
1.836820220947265625e+01
1.938817596435546875e+01
2.024177742004394531e+01
1.626889419555664062e+01
1.767950439453125000e+01
1.868029022216796875e+01
1.943112945556640625e+01
2.021199607849121094e+01
1.920737075805664062e+01
1.865997505187988281e+01
1.884053993225097656e+01
2.052131652832031250e+01
1.951114082336425781e+01
1.835559654235839844e+01
1.979721069335937500e+01
1.928980445861816406e+01
1.789041709899902344e+01
2.243186950683593750e+01
2.019635391235351562e+01
1.752023696899414062e+01
2.148467636108398438e+01
1.622470283508300781e+01
1.901993560791015625e+01
2.067503929138183594e+01
1.937671470642089844e+01
1.844977760314941406e+01
2.007501029968261719e+01
1.949222564697265625e+01
1.822393035888671875e+01
2.123823738098144531e+01
1.935190963745117188e+01
1.819203567504882812e+01
1.830050277709960938e+01
1.934479331970214844e+01
1.851914978027343750e+01
1.621874237060546875e+01
1.809676933288574219e+01
1.788613319396972656e+01
1.922691726684570312e+01
1.949119949340820312e+01
1.790708732604980469e+01
1.994874954223632812e+01
2.013988304138183594e+01
1.902446937561035156e+01
1.991794204711914062e+01
1.752810287475585938e+01
1.910531425476074219e+01
1.663648986816406250e+01
1.931033134460449219e+01
1.712219810485839844e+01
1.995000648498535156e+01
1.540544033050537109e+01
1.794687080383300781e+01
1.795555305480957031e+01
1.670751953125000000e+01
1.984608459472656250e+01
1.844407653808593750e+01
2.016911125183105469e+01
1.811289024353027344e+01
1.669707870483398438e+01
1.819051551818847656e+01
1.706266784667968750e+01
1.838473510742187500e+01
1.610458564758300781e+01
1.791296768188476562e+01
2.167681694030761719e+01
1.707431411743164062e+01
1.763352012634277344e+01
1.623895454406738281e+01
1.870693778991699219e+01
1.673498916625976562e+01
1.513177585601806641e+01
1.836254692077636719e+01
1.722198677062988281e+01
1.692535972595214844e+01
1.962208938598632812e+01
1.707775688171386719e+01
1.569754409790039062e+01
1.729993820190429688e+01
1.876325416564941406e+01
1.791484451293945312e+01
2.020738792419433594e+01
1.559971427917480469e+01
1.651508140563964844e+01
1.727096557617187500e+01
1.830694007873535156e+01
1.717518806457519531e+01
1.692944908142089844e+01
1.711398887634277344e+01
1.652630043029785156e+01
1.761328887939453125e+01
1.699759101867675781e+01
2.044474220275878906e+01
1.749923515319824219e+01
1.667781639099121094e+01
1.792374229431152344e+01
1.792258644104003906e+01
1.874421882629394531e+01
1.878352737426757812e+01
1.568598842620849609e+01
1.838846588134765625e+01
2.015185928344726562e+01
1.950351333618164062e+01
1.717517471313476562e+01
1.556393337249755859e+01
1.910685539245605469e+01
1.506215667724609375e+01
2.019192886352539062e+01
1.714339447021484375e+01
1.879864311218261719e+01
1.757662963867187500e+01
1.679153251647949219e+01
1.855389595031738281e+01
1.830158615112304688e+01
1.817403030395507812e+01
1.914874076843261719e+01
1.888249206542968750e+01
1.884906005859375000e+01
1.849992752075195312e+01
1.769327163696289062e+01
1.751610183715820312e+01
1.693599319458007812e+01
1.899861717224121094e+01
1.982971382141113281e+01
1.643115615844726562e+01
1.645282554626464844e+01
1.873308372497558594e+01
1.653109169006347656e+01
1.660869979858398438e+01
1.677135086059570312e+01
1.735173416137695312e+01
1.687144851684570312e+01
1.723139762878417969e+01
1.526200389862060547e+01
1.669178771972656250e+01
1.681667900085449219e+01
1.628924751281738281e+01
1.692388534545898438e+01
1.706206893920898438e+01
1.524967765808105469e+01
1.694148826599121094e+01
1.725307846069335938e+01
1.629960441589355469e+01
1.783886146545410156e+01
1.690099906921386719e+01
1.758098411560058594e+01
1.447624397277832031e+01
1.513457775115966797e+01
1.568164539337158203e+01
1.736804008483886719e+01
1.656542968750000000e+01
1.555172348022460938e+01
1.723328590393066406e+01
1.520291233062744141e+01
1.587654113769531250e+01
1.498432350158691406e+01
1.671395301818847656e+01
1.751904869079589844e+01
1.823567199707031250e+01
1.628980064392089844e+01
1.899712562561035156e+01
1.708832740783691406e+01
1.674126625061035156e+01
1.641056442260742188e+01
1.562788581848144531e+01
1.876225471496582031e+01
1.798681640625000000e+01
1.765146446228027344e+01
1.675860595703125000e+01
1.671157455444335938e+01
1.704236793518066406e+01
1.663443756103515625e+01
1.548498249053955078e+01
1.597074794769287109e+01
1.695200157165527344e+01
1.559685707092285156e+01
1.649485588073730469e+01
1.677166175842285156e+01
1.713909339904785156e+01
1.690170478820800781e+01
1.564654922485351562e+01
1.408533477783203125e+01
1.755877494812011719e+01
1.649273109436035156e+01
1.589352035522460938e+01
1.758902549743652344e+01
1.710296058654785156e+01
1.617013740539550781e+01
1.865713500976562500e+01
1.764216804504394531e+01
1.641699218750000000e+01
1.589122104644775391e+01
1.573821830749511719e+01
1.732453155517578125e+01
1.777647972106933594e+01
1.699106979370117188e+01
1.542259407043457031e+01
1.896704864501953125e+01
1.502937507629394531e+01
1.595918750762939453e+01
1.731292724609375000e+01
1.656731796264648438e+01
1.518404483795166016e+01
1.808104324340820312e+01
1.690504455566406250e+01
1.908617591857910156e+01
1.478944301605224609e+01
1.519962596893310547e+01
1.524230098724365234e+01
1.490183639526367188e+01
1.640923118591308594e+01
1.520945358276367188e+01
1.532493782043457031e+01
1.560970020294189453e+01
1.377558612823486328e+01
1.569931221008300781e+01
1.673566436767578125e+01
1.933625984191894531e+01
1.602393341064453125e+01
1.672506332397460938e+01
1.542982482910156250e+01
1.617861366271972656e+01
1.414878749847412109e+01
1.532798194885253906e+01
1.554003524780273438e+01
1.598502540588378906e+01
1.456702613830566406e+01
1.610008811950683594e+01
1.416840839385986328e+01
1.689359283447265625e+01
1.477315902709960938e+01
1.533867549896240234e+01
1.408331871032714844e+01
1.472540855407714844e+01
1.581787395477294922e+01
1.479624366760253906e+01
1.590952301025390625e+01
1.650013160705566406e+01
1.379295635223388672e+01
1.913976097106933594e+01
1.336390399932861328e+01
1.592652320861816406e+01
1.558018779754638672e+01
1.455902004241943359e+01
1.562959766387939453e+01
1.549952125549316406e+01
1.393778228759765625e+01
1.805069732666015625e+01
1.542107582092285156e+01
1.554358863830566406e+01
1.842493820190429688e+01
1.628509330749511719e+01
1.612210655212402344e+01
1.657169914245605469e+01
1.615382194519042969e+01
1.720197868347167969e+01
1.840396881103515625e+01
1.727336311340332031e+01
1.614678764343261719e+01
1.508240604400634766e+01
1.614805603027343750e+01
1.695819091796875000e+01
1.656361389160156250e+01
1.643343353271484375e+01
1.643218803405761719e+01
1.577102375030517578e+01
1.633654785156250000e+01
1.748421669006347656e+01
1.621054077148437500e+01
1.689257049560546875e+01
1.669200897216796875e+01
1.572967815399169922e+01
1.765993690490722656e+01
1.610577774047851562e+01
1.507457256317138672e+01
1.563544082641601562e+01
1.488255691528320312e+01
1.802797317504882812e+01
1.527085113525390625e+01
1.732329368591308594e+01
1.884180831909179688e+01
1.519989395141601562e+01
1.485005092620849609e+01
1.549105644226074219e+01
1.608322143554687500e+01
1.718564796447753906e+01
1.779369544982910156e+01
1.554564476013183594e+01
1.620282936096191406e+01
1.758815956115722656e+01
1.621148490905761719e+01
1.642918777465820312e+01
1.506582546234130859e+01
1.472387504577636719e+01
1.564375782012939453e+01
1.558771133422851562e+01
1.730556297302246094e+01
1.626212692260742188e+01
1.772764778137207031e+01
1.730724143981933594e+01
1.839550781250000000e+01
1.722555351257324219e+01
1.816241455078125000e+01
1.384323215484619141e+01
1.656197357177734375e+01
1.457583618164062500e+01
1.599058437347412109e+01
1.622637557983398438e+01
1.593788051605224609e+01
1.775575065612792969e+01
1.461424160003662109e+01
1.434296321868896484e+01
1.766409683227539062e+01
1.487542057037353516e+01
1.614935874938964844e+01
1.469656562805175781e+01
1.462758445739746094e+01
1.579234981536865234e+01
1.504825115203857422e+01
1.530934047698974609e+01
1.639275741577148438e+01
1.463670063018798828e+01
1.589026165008544922e+01
1.438114261627197266e+01
1.539523696899414062e+01
1.642629623413085938e+01
1.552715015411376953e+01
1.543283843994140625e+01
1.565688705444335938e+01
1.672207641601562500e+01
1.590189456939697266e+01
1.481337642669677734e+01
1.677796173095703125e+01
1.549074172973632812e+01
1.641775321960449219e+01
1.574411964416503906e+01
1.471655368804931641e+01
1.633114433288574219e+01
1.696831130981445312e+01
1.576044273376464844e+01
1.529440021514892578e+01
1.514222431182861328e+01
1.399557018280029297e+01
1.492635345458984375e+01
1.558564853668212891e+01
1.462522220611572266e+01
1.684507560729980469e+01
1.519820785522460938e+01
1.718226242065429688e+01
1.576664829254150391e+01
1.660554313659667969e+01
1.879373550415039062e+01
1.667178153991699219e+01
1.593953990936279297e+01
1.345358371734619141e+01
1.693019294738769531e+01
1.464858150482177734e+01
1.526318168640136719e+01
1.557468032836914062e+01
1.675274467468261719e+01
1.590229511260986328e+01
1.625269889831542969e+01
1.783721160888671875e+01
1.501953792572021484e+01
1.546023559570312500e+01
1.724446296691894531e+01
1.550655364990234375e+01
1.337982559204101562e+01
1.680259704589843750e+01
1.546092987060546875e+01
1.524160480499267578e+01
1.677860069274902344e+01
1.694323921203613281e+01
1.494047451019287109e+01
1.585982418060302734e+01
1.571779918670654297e+01
1.480393314361572266e+01
1.393724250793457031e+01
1.528096961975097656e+01
1.606789207458496094e+01
1.569153690338134766e+01
1.629201507568359375e+01
1.537886047363281250e+01
1.600854682922363281e+01
1.484775924682617188e+01
1.656511116027832031e+01
1.667195320129394531e+01
1.663165283203125000e+01
1.717378044128417969e+01
1.620149993896484375e+01
1.638489723205566406e+01
1.698056983947753906e+01
1.586045265197753906e+01
1.516533565521240234e+01
1.662270355224609375e+01
1.776641845703125000e+01
1.565377140045166016e+01
1.666456222534179688e+01
1.517835140228271484e+01
1.760753250122070312e+01
1.536882209777832031e+01
1.494833946228027344e+01
1.464841651916503906e+01
1.738277816772460938e+01
1.896371841430664062e+01
1.615786361694335938e+01
1.426523113250732422e+01
1.684735870361328125e+01
1.633468246459960938e+01
1.568677711486816406e+01
1.554829883575439453e+01
1.674246788024902344e+01
1.694089126586914062e+01
1.701987266540527344e+01
1.641840171813964844e+01
1.533469772338867188e+01
1.384743309020996094e+01
1.543032646179199219e+01
1.346825599670410156e+01
1.693473815917968750e+01
1.469932842254638672e+01
1.596767807006835938e+01
1.662026596069335938e+01
1.433251476287841797e+01
1.483079528808593750e+01
1.756401252746582031e+01
1.578368377685546875e+01
1.647770690917968750e+01
1.686116027832031250e+01
1.503410911560058594e+01
1.626760673522949219e+01
1.643636131286621094e+01
1.587044429779052734e+01
1.708110237121582031e+01
1.402402877807617188e+01
1.657558441162109375e+01
1.619234657287597656e+01
1.454725551605224609e+01
1.437907409667968750e+01
1.744519615173339844e+01
1.446263694763183594e+01
1.576022624969482422e+01
1.508799457550048828e+01
1.731028747558593750e+01
1.590682983398437500e+01
1.666041564941406250e+01
1.527313518524169922e+01
1.517529869079589844e+01
1.608147048950195312e+01
1.540494441986083984e+01
1.715028762817382812e+01
1.689800453186035156e+01
1.795027732849121094e+01
1.714019775390625000e+01
1.427662944793701172e+01
1.378506469726562500e+01
1.574075412750244141e+01
1.607949256896972656e+01
1.645297241210937500e+01
1.645008659362792969e+01
1.381583023071289062e+01
1.644795417785644531e+01
1.493983364105224609e+01
1.420541381835937500e+01
1.419559478759765625e+01
1.433886718750000000e+01
1.524746322631835938e+01
1.445055770874023438e+01
1.639564514160156250e+01
1.455773448944091797e+01
1.595607662200927734e+01
1.399736881256103516e+01
1.621891784667968750e+01
1.599485778808593750e+01
1.754731178283691406e+01
