0.000000000000000000e+00
0.000000000000000000e+00
0.000000000000000000e+00
0.000000000000000000e+00
0.000000000000000000e+00
0.000000000000000000e+00
5.020599439740180969e-02
1.280266791582107544e-01
6.706462502479553223e-01
1.155223727226257324e+00
2.224165678024291992e+00
3.273171424865722656e+00
3.775246620178222656e+00
4.446418762207031250e+00
6.130200862884521484e+00
1.013012123107910156e+01
2.292763900756835938e+01
2.491799354553222656e+01
2.537146377563476562e+01
3.077731895446777344e+01
3.035582733154296875e+01
3.469291305541992188e+01
3.585889053344726562e+01
3.682117843627929688e+01
4.599597549438476562e+01
5.298106384277343750e+01
5.319822692871093750e+01
5.761731338500976562e+01
6.244245147705078125e+01
5.536600112915039062e+01
4.978431701660156250e+01
5.408597564697265625e+01
5.230053329467773438e+01
4.816206359863281250e+01
4.912079620361328125e+01
4.760166168212890625e+01
5.036610794067382812e+01
4.627655410766601562e+01
4.332595062255859375e+01
3.945155715942382812e+01
3.647593307495117188e+01
3.441080474853515625e+01
3.261558914184570312e+01
3.027463912963867188e+01
2.780708694458007812e+01
2.643419647216796875e+01
2.421397972106933594e+01
2.406341361999511719e+01
2.337681579589843750e+01
2.125038719177246094e+01
2.106305694580078125e+01
1.961654281616210938e+01
1.943719291687011719e+01
1.913469505310058594e+01
1.716978263854980469e+01
1.735855865478515625e+01
1.656863594055175781e+01
1.614275932312011719e+01
1.512604713439941406e+01
1.481522464752197266e+01
1.404933834075927734e+01
1.374059009552001953e+01
1.322573089599609375e+01
1.294492530822753906e+01
1.234262180328369141e+01
1.224247837066650391e+01
1.248779201507568359e+01
1.181453132629394531e+01
1.171271324157714844e+01
1.119069194793701172e+01
1.111817550659179688e+01
1.044025039672851562e+01
1.065958881378173828e+01
1.047752952575683594e+01
1.087267494201660156e+01
1.084502506256103516e+01
1.049327754974365234e+01
1.023204898834228516e+01
1.034243011474609375e+01
9.685352325439453125e+00
9.893430709838867188e+00
9.872742652893066406e+00
9.797048568725585938e+00
9.441146850585937500e+00
9.381519317626953125e+00
9.446447372436523438e+00
9.495204925537109375e+00
9.737393379211425781e+00
9.560237884521484375e+00
9.083242416381835938e+00
8.855542182922363281e+00
8.898791313171386719e+00
8.633112907409667969e+00
8.904447555541992188e+00
9.143430709838867188e+00
9.104751586914062500e+00
1.012040996551513672e+01
9.323351860046386719e+00
9.226122856140136719e+00
9.021916389465332031e+00
8.847899436950683594e+00
8.796844482421875000e+00
8.511819839477539062e+00
8.340369224548339844e+00
8.125316619873046875e+00
8.221919059753417969e+00
7.634981632232666016e+00
7.594336509704589844e+00
7.345231056213378906e+00
7.417811870574951172e+00
7.362800598144531250e+00
7.068415164947509766e+00
7.655273914337158203e+00
7.351178646087646484e+00
7.271467685699462891e+00
6.832492828369140625e+00
6.848383903503417969e+00
6.973571777343750000e+00
6.904596805572509766e+00
6.629519462585449219e+00
7.248937606811523438e+00
6.895653247833251953e+00
7.327863693237304688e+00
7.601806163787841797e+00
7.644067287445068359e+00
7.649842739105224609e+00
7.505667686462402344e+00
7.248814582824707031e+00
8.148664474487304688e+00
8.006455421447753906e+00
7.739963054656982422e+00
7.544377803802490234e+00
7.576063156127929688e+00
7.820246219635009766e+00
8.032978057861328125e+00
7.659755229949951172e+00
7.750545501708984375e+00
8.664156913757324219e+00
8.135349273681640625e+00
7.447977066040039062e+00
7.439818382263183594e+00
7.381752490997314453e+00
8.397612571716308594e+00
6.993445873260498047e+00
7.782618522644042969e+00
7.043107032775878906e+00
7.416898727416992188e+00
7.413366317749023438e+00
7.139660358428955078e+00
6.949800014495849609e+00
7.064775466918945312e+00
7.157417297363281250e+00
6.901208877563476562e+00
7.573556900024414062e+00
7.079618453979492188e+00
6.952512741088867188e+00
7.021405220031738281e+00
7.207851409912109375e+00
6.789881706237792969e+00
7.105165004730224609e+00
6.659398555755615234e+00
6.433547019958496094e+00
6.896780014038085938e+00
6.878242015838623047e+00
6.633644580841064453e+00
6.739677906036376953e+00
6.443399906158447266e+00
6.690595626831054688e+00
6.738413810729980469e+00
6.390474796295166016e+00
6.603994369506835938e+00
6.992164134979248047e+00
7.131289958953857422e+00
7.080527305603027344e+00
7.679910182952880859e+00
7.186038494110107422e+00
7.875820159912109375e+00
6.883348941802978516e+00
7.138897418975830078e+00
7.130796909332275391e+00
6.607516765594482422e+00
7.960252761840820312e+00
7.353643417358398438e+00
7.103554248809814453e+00
7.630201339721679688e+00
7.415401935577392578e+00
8.127300262451171875e+00
8.235174179077148438e+00
7.284316062927246094e+00
7.739655017852783203e+00
8.200344085693359375e+00
8.100666046142578125e+00
8.175587654113769531e+00
8.071347236633300781e+00
8.007099151611328125e+00
7.855597496032714844e+00
8.115219116210937500e+00
7.643455982208251953e+00
8.304947853088378906e+00
8.190927505493164062e+00
8.085426330566406250e+00
8.229605674743652344e+00
8.299930572509765625e+00
8.915994644165039062e+00
8.247035980224609375e+00
8.508092880249023438e+00
7.949438571929931641e+00
8.605262756347656250e+00
7.970697879791259766e+00
8.235039710998535156e+00
8.549568176269531250e+00
8.849464416503906250e+00
8.999232292175292969e+00
9.420309066772460938e+00
9.350340843200683594e+00
1.028176879882812500e+01
1.053454685211181641e+01
1.077972793579101562e+01
1.179183769226074219e+01
1.316275882720947266e+01
1.313763141632080078e+01
1.217809200286865234e+01
1.248562526702880859e+01
1.308368301391601562e+01
1.336994361877441406e+01
1.405272293090820312e+01
1.409183597564697266e+01
1.447205543518066406e+01
1.565842342376708984e+01
1.516351604461669922e+01
1.467117404937744141e+01
1.715511894226074219e+01
1.724746513366699219e+01
1.723605346679687500e+01
1.683525657653808594e+01
1.879764366149902344e+01
1.779424667358398438e+01
1.956682586669921875e+01
1.954042434692382812e+01
2.070145225524902344e+01
2.093459892272949219e+01
2.169491004943847656e+01
2.078171157836914062e+01
2.205243301391601562e+01
2.406484031677246094e+01
2.219419860839843750e+01
2.277086067199707031e+01
2.402974700927734375e+01
2.225137329101562500e+01
2.448686408996582031e+01
2.340150451660156250e+01
2.229724311828613281e+01
2.396038627624511719e+01
2.338926124572753906e+01
2.200639533996582031e+01
2.370942306518554688e+01
2.187896919250488281e+01
2.400301170349121094e+01
2.280235290527343750e+01
2.330712127685546875e+01
2.106902503967285156e+01
2.266132354736328125e+01
2.322165870666503906e+01
2.370005416870117188e+01
2.297048950195312500e+01
2.274723243713378906e+01
2.344046211242675781e+01
2.284769058227539062e+01
2.360248756408691406e+01
2.386264419555664062e+01
2.392003440856933594e+01
2.260707092285156250e+01
2.368956184387207031e+01
2.315426445007324219e+01
2.329623413085937500e+01
2.344314575195312500e+01
2.371668434143066406e+01
2.415543365478515625e+01
2.426819992065429688e+01
2.317347526550292969e+01
2.285119819641113281e+01
2.270977401733398438e+01
2.500629997253417969e+01
2.408950042724609375e+01
2.342187309265136719e+01
2.402159309387207031e+01
2.390318489074707031e+01
2.379732894897460938e+01
2.323774528503417969e+01
2.491063499450683594e+01
2.456728935241699219e+01
2.359598922729492188e+01
2.547200584411621094e+01
2.450532722473144531e+01
2.341764450073242188e+01
2.422440719604492188e+01
2.547248268127441406e+01
2.412351989746093750e+01
2.453363418579101562e+01
2.363438224792480469e+01
2.491929244995117188e+01
2.449526977539062500e+01
2.395812416076660156e+01
2.454695701599121094e+01
2.496072578430175781e+01
2.462398910522460938e+01
2.512698173522949219e+01
2.530446434020996094e+01
2.653923797607421875e+01
2.663922691345214844e+01
2.671180725097656250e+01
2.684826850891113281e+01
2.670848846435546875e+01
2.997998809814453125e+01
3.046931648254394531e+01
3.321359634399414062e+01
3.388948440551757812e+01
3.602036666870117188e+01
3.833748626708984375e+01
3.827431106567382812e+01
3.875252532958984375e+01
4.364053344726562500e+01
4.133277893066406250e+01
4.306023788452148438e+01
4.004782104492187500e+01
4.100674438476562500e+01
4.347789764404296875e+01
4.178777694702148438e+01
4.281605148315429688e+01
4.438974380493164062e+01
4.211756896972656250e+01
4.156511688232421875e+01
4.315979766845703125e+01
4.234382247924804688e+01
4.176888275146484375e+01
3.915446472167968750e+01
4.103189086914062500e+01
4.425135803222656250e+01
4.459140014648437500e+01
4.183699035644531250e+01
4.030722045898437500e+01
3.877341842651367188e+01
3.901128005981445312e+01
3.800699615478515625e+01
4.256546783447265625e+01
3.899186706542968750e+01
4.276811218261718750e+01
3.987221145629882812e+01
3.943788528442382812e+01
4.260739135742187500e+01
4.226553344726562500e+01
4.205568313598632812e+01
4.187509918212890625e+01
4.093531799316406250e+01
4.171095657348632812e+01
4.416742324829101562e+01
4.691025161743164062e+01
4.402006530761718750e+01
4.704490280151367188e+01
4.552177429199218750e+01
4.940530395507812500e+01
4.741090774536132812e+01
4.745714950561523438e+01
5.058034515380859375e+01
4.716245269775390625e+01
4.678179550170898438e+01
4.754012298583984375e+01
5.131613159179687500e+01
4.785951614379882812e+01
4.694011306762695312e+01
4.510208129882812500e+01
4.503805541992187500e+01
4.630770492553710938e+01
4.573850250244140625e+01
4.666405487060546875e+01
4.646956253051757812e+01
4.683205032348632812e+01
4.535719680786132812e+01
4.861191940307617188e+01
4.849336624145507812e+01
5.150389099121093750e+01
4.877180862426757812e+01
5.362073516845703125e+01
5.296453094482421875e+01
5.503645324707031250e+01
5.471642303466796875e+01
5.508716583251953125e+01
5.236778259277343750e+01
5.262942886352539062e+01
5.591161346435546875e+01
5.256681060791015625e+01
5.170538711547851562e+01
5.204995346069335938e+01
5.347563934326171875e+01
5.563339233398437500e+01
5.284500122070312500e+01
5.464052963256835938e+01
5.078012466430664062e+01
5.439387512207031250e+01
5.352538299560546875e+01
5.145984268188476562e+01
5.195164871215820312e+01
5.014421844482421875e+01
5.136938858032226562e+01
4.769974136352539062e+01
5.077914428710937500e+01
4.987080383300781250e+01
4.678639221191406250e+01
4.693155288696289062e+01
4.653411865234375000e+01
4.417992401123046875e+01
4.748075103759765625e+01
4.599766540527343750e+01
4.500137329101562500e+01
4.292175674438476562e+01
4.513837814331054688e+01
4.785023498535156250e+01
4.494423294067382812e+01
4.509366607666015625e+01
4.525468063354492188e+01
4.430654525756835938e+01
4.817823410034179688e+01
4.416444396972656250e+01
4.376988983154296875e+01
4.592189025878906250e+01
4.571519851684570312e+01
4.517057800292968750e+01
4.352855300903320312e+01
4.412167739868164062e+01
4.638819503784179688e+01
4.377000045776367188e+01
4.379167556762695312e+01
4.420829772949218750e+01
4.460086441040039062e+01
4.446677398681640625e+01
4.388801574707031250e+01
4.455266571044921875e+01
4.438433456420898438e+01
4.286114883422851562e+01
4.510849761962890625e+01
4.495443344116210938e+01
4.371978759765625000e+01
4.366375732421875000e+01
4.631726837158203125e+01
4.573725128173828125e+01
4.511843872070312500e+01
4.447155380249023438e+01
4.490263366699218750e+01
4.363071060180664062e+01
4.472325134277343750e+01
4.536832809448242188e+01
4.746561050415039062e+01
4.628453063964843750e+01
4.684477233886718750e+01
4.929320144653320312e+01
4.736702346801757812e+01
4.703245162963867188e+01
5.007132720947265625e+01
5.110945129394531250e+01
4.882570648193359375e+01
5.015377426147460938e+01
4.792416763305664062e+01
4.707307434082031250e+01
5.017371749877929688e+01
5.158994674682617188e+01
5.145258712768554688e+01
5.290893936157226562e+01
4.849831771850585938e+01
5.195071792602539062e+01
5.612276077270507812e+01
5.195410919189453125e+01
5.634987640380859375e+01
5.208441543579101562e+01
5.292640686035156250e+01
5.665289688110351562e+01
5.505432510375976562e+01
5.749720382690429688e+01
5.387163162231445312e+01
5.428421783447265625e+01
5.674185943603515625e+01
5.825296401977539062e+01
5.494855499267578125e+01
5.562354660034179688e+01
5.531660079956054688e+01
5.520528030395507812e+01
5.481946945190429688e+01
5.785138320922851562e+01
5.613758468627929688e+01
5.748505401611328125e+01
5.748945236206054688e+01
5.551828765869140625e+01
5.757029724121093750e+01
5.649934768676757812e+01
5.517534637451171875e+01
5.686492919921875000e+01
5.588684463500976562e+01
5.180634307861328125e+01
5.752867889404296875e+01
5.614142227172851562e+01
5.647157669067382812e+01
5.834570312500000000e+01
5.739562225341796875e+01
6.022696685791015625e+01
5.719082641601562500e+01
5.961444854736328125e+01
5.876568603515625000e+01
5.854521179199218750e+01
5.980184555053710938e+01
5.912680053710937500e+01
5.445624160766601562e+01
5.761621856689453125e+01
5.877180862426757812e+01
5.586789703369140625e+01
5.491208648681640625e+01
5.654691314697265625e+01
5.660461807250976562e+01
5.948682022094726562e+01
5.798167800903320312e+01
5.993549728393554688e+01
6.147925949096679688e+01
5.997567749023437500e+01
5.537099075317382812e+01
5.740302276611328125e+01
5.429339599609375000e+01
5.461073303222656250e+01
5.415901947021484375e+01
5.544290542602539062e+01
5.672358703613281250e+01
5.709219360351562500e+01
5.385097885131835938e+01
5.644306182861328125e+01
5.203163146972656250e+01
5.225613403320312500e+01
5.358710098266601562e+01
5.640211868286132812e+01
5.087711715698242188e+01
5.581414031982421875e+01
5.438705062866210938e+01
5.217592239379882812e+01
5.330910873413085938e+01
5.159210968017578125e+01
5.258962249755859375e+01
5.192604827880859375e+01
5.260140228271484375e+01
4.825694656372070312e+01
5.218220520019531250e+01
5.342855453491210938e+01
5.064627838134765625e+01
5.198101806640625000e+01
5.204027938842773438e+01
5.183668899536132812e+01
4.950904083251953125e+01
4.916977310180664062e+01
5.288949584960937500e+01
5.125860595703125000e+01
4.867385101318359375e+01
5.237998580932617188e+01
5.004829406738281250e+01
4.996961593627929688e+01
4.916521453857421875e+01
5.007432937622070312e+01
4.884310913085937500e+01
4.620296859741210938e+01
4.787331008911132812e+01
4.664216232299804688e+01
5.008643341064453125e+01
4.502070617675781250e+01
5.176763153076171875e+01
4.992155075073242188e+01
4.757070159912109375e+01
4.688256072998046875e+01
4.890265274047851562e+01
4.620964813232421875e+01
4.719009399414062500e+01
4.909829711914062500e+01
4.602896881103515625e+01
4.937969589233398438e+01
4.605541610717773438e+01
4.987440872192382812e+01
4.459993743896484375e+01
4.814317703247070312e+01
4.779244995117187500e+01
4.751065444946289062e+01
5.237728500366210938e+01
4.769414520263671875e+01
4.867559432983398438e+01
5.044235992431640625e+01
4.146914291381835938e+01
4.963358688354492188e+01
4.742255401611328125e+01
4.747209930419921875e+01
4.603241348266601562e+01
4.609098434448242188e+01
4.690660476684570312e+01
4.514734268188476562e+01
4.564106369018554688e+01
4.853125000000000000e+01
4.615163040161132812e+01
4.409865188598632812e+01
4.561825942993164062e+01
4.307311248779296875e+01
4.248568725585937500e+01
4.474157333374023438e+01
4.255291748046875000e+01
4.164569473266601562e+01
4.253733062744140625e+01
4.304252243041992188e+01
4.629522705078125000e+01
4.626274108886718750e+01
4.414884948730468750e+01
4.240272903442382812e+01
4.386159515380859375e+01
4.142904663085937500e+01
4.369049453735351562e+01
4.457226181030273438e+01
4.581071853637695312e+01
4.073104858398437500e+01
4.244214248657226562e+01
4.175152587890625000e+01
4.333516311645507812e+01
4.003701400756835938e+01
4.232881546020507812e+01
4.226633453369140625e+01
4.232852935791015625e+01
4.022211074829101562e+01
4.383718490600585938e+01
4.485347366333007812e+01
4.276615905761718750e+01
4.161232376098632812e+01
4.091997146606445312e+01
4.213463211059570312e+01
3.844402313232421875e+01
4.205564117431640625e+01
3.841714859008789062e+01
3.775510025024414062e+01
4.011656951904296875e+01
4.135988998413085938e+01
4.019743728637695312e+01
3.944358444213867188e+01
3.914801406860351562e+01
4.243027496337890625e+01
3.995431900024414062e+01
4.343519592285156250e+01
4.116612243652343750e+01
4.039178466796875000e+01
3.879606246948242188e+01
4.268994522094726562e+01
4.384547042846679688e+01
4.000585174560546875e+01
4.150518035888671875e+01
4.134678268432617188e+01
3.833709335327148438e+01
3.636389160156250000e+01
3.908094406127929688e+01
3.864270401000976562e+01
3.648029708862304688e+01
3.900313186645507812e+01
3.690728759765625000e+01
4.004029846191406250e+01
4.088664245605468750e+01
4.010079574584960938e+01
4.013411331176757812e+01
3.953633117675781250e+01
4.016643905639648438e+01
4.052052307128906250e+01
3.778313446044921875e+01
4.306194686889648438e+01
3.967910385131835938e+01
4.271031188964843750e+01
3.861365890502929688e+01
4.083334350585937500e+01
4.100991439819335938e+01
3.962149047851562500e+01
4.052407455444335938e+01
4.010901260375976562e+01
3.999600601196289062e+01
3.678915786743164062e+01
3.629959487915039062e+01
3.917426681518554688e+01
4.077744293212890625e+01
3.955307388305664062e+01
3.953660202026367188e+01
3.540044021606445312e+01
3.498211288452148438e+01
3.624868011474609375e+01
3.932764053344726562e+01
3.496193313598632812e+01
3.844611358642578125e+01
3.792217636108398438e+01
3.947654342651367188e+01
4.343227767944335938e+01
4.032171630859375000e+01
3.937839508056640625e+01
3.607341384887695312e+01
4.133310317993164062e+01
3.723882675170898438e+01
3.993287658691406250e+01
3.665272521972656250e+01
3.687735748291015625e+01
3.493601608276367188e+01
3.878704833984375000e+01
4.166746902465820312e+01
4.208103561401367188e+01
3.767992782592773438e+01
4.185765457153320312e+01
3.527234268188476562e+01
4.047410202026367188e+01
4.026253509521484375e+01
3.732549285888671875e+01
3.675327301025390625e+01
3.935163879394531250e+01
3.539376449584960938e+01
3.928924942016601562e+01
3.726525115966796875e+01
3.705213928222656250e+01
3.604764175415039062e+01
3.343278884887695312e+01
3.801742553710937500e+01
3.721706008911132812e+01
3.739024353027343750e+01
3.924209213256835938e+01
3.493893814086914062e+01
3.380363845825195312e+01
3.554879760742187500e+01
3.883409118652343750e+01
3.826126098632812500e+01
3.435755538940429688e+01
3.741258621215820312e+01
3.772193908691406250e+01
3.688979721069335938e+01
3.581332778930664062e+01
3.813732910156250000e+01
3.637374114990234375e+01
4.190485000610351562e+01
3.914638137817382812e+01
3.908684539794921875e+01
3.435321044921875000e+01
3.457799911499023438e+01
3.736142349243164062e+01
3.692635726928710938e+01
3.565708541870117188e+01
3.843136978149414062e+01
3.769764709472656250e+01
3.407761001586914062e+01
3.568691253662109375e+01
3.306370925903320312e+01
3.620315551757812500e+01
3.662453460693359375e+01
3.287813949584960938e+01
3.710155487060546875e+01
3.596179199218750000e+01
3.760024642944335938e+01
3.430390548706054688e+01
3.857145690917968750e+01
3.563871383666992188e+01
3.691747283935546875e+01
3.345280456542968750e+01
3.329590225219726562e+01
3.863430023193359375e+01
3.539781188964843750e+01
3.953295516967773438e+01
3.413948059082031250e+01
3.729137420654296875e+01
3.836982727050781250e+01
3.704143142700195312e+01
3.809272766113281250e+01
3.600790023803710938e+01
3.361125946044921875e+01
3.731462097167968750e+01
3.912076187133789062e+01
3.464387512207031250e+01
3.677292633056640625e+01
3.479897689819335938e+01
3.381538391113281250e+01
3.542044448852539062e+01
3.472642517089843750e+01
3.356906890869140625e+01
3.448768234252929688e+01
3.709832000732421875e+01
3.200058746337890625e+01
3.677569961547851562e+01
3.579366302490234375e+01
3.388405609130859375e+01
3.545040893554687500e+01
3.505822753906250000e+01
3.519855499267578125e+01
3.716197586059570312e+01
3.668094253540039062e+01
3.511234283447265625e+01
3.659026718139648438e+01
3.526929092407226562e+01
3.590540695190429688e+01
3.498387527465820312e+01
3.678443527221679688e+01
3.437295913696289062e+01
3.815626907348632812e+01
3.895079040527343750e+01
3.731340026855468750e+01
3.330230331420898438e+01
3.494742584228515625e+01
3.626772689819335938e+01
3.672446441650390625e+01
3.507570266723632812e+01
3.765246963500976562e+01
3.516649246215820312e+01
3.659383773803710938e+01
3.530132293701171875e+01
3.673595809936523438e+01
3.649274444580078125e+01
3.558729553222656250e+01
3.428946685791015625e+01
3.821274566650390625e+01
3.570019531250000000e+01
3.398781204223632812e+01
3.597799301147460938e+01
3.601774978637695312e+01
3.613257217407226562e+01
3.473561096191406250e+01
3.458768463134765625e+01
3.308529663085937500e+01
3.337587356567382812e+01
3.869260787963867188e+01
3.456610870361328125e+01
3.667279815673828125e+01
3.534391403198242188e+01
3.854042053222656250e+01
3.658079528808593750e+01
3.890523529052734375e+01
3.630669784545898438e+01
3.520926666259765625e+01
3.715109252929687500e+01
3.682432174682617188e+01
3.748218917846679688e+01
3.448056411743164062e+01
3.388787460327148438e+01
3.477785110473632812e+01
4.107130813598632812e+01
3.447226333618164062e+01
3.601953125000000000e+01
3.448556518554687500e+01
3.642232894897460938e+01
3.371427154541015625e+01
3.599669647216796875e+01
3.777404785156250000e+01
3.577563095092773438e+01
3.384319686889648438e+01
3.730893707275390625e+01
3.242010498046875000e+01
3.922710800170898438e+01
3.581692886352539062e+01
3.726723480224609375e+01
3.378985595703125000e+01
3.587901306152343750e+01
3.771268844604492188e+01
3.676028823852539062e+01
3.520064163208007812e+01
3.424836730957031250e+01
3.561793899536132812e+01
3.620389175415039062e+01
3.657187271118164062e+01
3.846568679809570312e+01
3.842297363281250000e+01
3.771422195434570312e+01
3.524063110351562500e+01
3.514817810058593750e+01
3.902900695800781250e+01
3.743639373779296875e+01
3.725055313110351562e+01
3.593869400024414062e+01
3.805284118652343750e+01
3.626191711425781250e+01
3.841027069091796875e+01
3.691643524169921875e+01
3.587630462646484375e+01
3.578807067871093750e+01
3.651132965087890625e+01
3.521582794189453125e+01
3.442787933349609375e+01
3.450402832031250000e+01
3.668686676025390625e+01
3.325245666503906250e+01
3.659773254394531250e+01
3.484206008911132812e+01
3.223092651367187500e+01
3.384229660034179688e+01
3.729537963867187500e+01
3.386620712280273438e+01
3.515554046630859375e+01
3.456287384033203125e+01
3.740461730957031250e+01
3.434622192382812500e+01
3.604035949707031250e+01
3.591455459594726562e+01
3.598102951049804688e+01
3.371886444091796875e+01
3.365060806274414062e+01
3.524383163452148438e+01
3.787167739868164062e+01
3.449629211425781250e+01
3.955158996582031250e+01
3.467089843750000000e+01
3.402716445922851562e+01
3.578373718261718750e+01
3.524560928344726562e+01
3.681499862670898438e+01
3.411054611206054688e+01
3.225813293457031250e+01
3.237968826293945312e+01
3.461805343627929688e+01
3.181433296203613281e+01
3.242387390136718750e+01
3.494954681396484375e+01
3.529642105102539062e+01
3.490496063232421875e+01
3.643195343017578125e+01
3.478405380249023438e+01
3.728927230834960938e+01
3.594430541992187500e+01
3.383465194702148438e+01
3.627666473388671875e+01
3.460993957519531250e+01
3.470049285888671875e+01
3.669120025634765625e+01
3.437111663818359375e+01
3.205852890014648438e+01
3.594771194458007812e+01
3.777133178710937500e+01
3.195757102966308594e+01
3.763339614868164062e+01
3.487297439575195312e+01
3.205242919921875000e+01
3.562446212768554688e+01
3.605912780761718750e+01
3.201346588134765625e+01
3.575253295898437500e+01
3.760862350463867188e+01
3.624619293212890625e+01
3.361880874633789062e+01
3.227414321899414062e+01
3.360333633422851562e+01
3.442012786865234375e+01
3.422703933715820312e+01
3.369782257080078125e+01
3.556328201293945312e+01
3.362640380859375000e+01
3.303596115112304688e+01
3.877558517456054688e+01
3.867144775390625000e+01
3.265818405151367188e+01
3.247717285156250000e+01
3.500264358520507812e+01
3.397489929199218750e+01
3.301165771484375000e+01
3.859102249145507812e+01
3.449616241455078125e+01
3.315865325927734375e+01
3.287106323242187500e+01
3.229064941406250000e+01
3.304990768432617188e+01
2.962154769897460938e+01
3.577378845214843750e+01
3.183135986328125000e+01
3.395246124267578125e+01
3.395262527465820312e+01
3.180372619628906250e+01
3.309893035888671875e+01
3.302540588378906250e+01
3.310927963256835938e+01
3.125742149353027344e+01
3.580206298828125000e+01
3.611564636230468750e+01
3.476055145263671875e+01
3.299610137939453125e+01
3.585737228393554688e+01
3.231959533691406250e+01
3.259863281250000000e+01
3.310068893432617188e+01
3.356916427612304688e+01
3.148540306091308594e+01
3.090058898925781250e+01
3.381829833984375000e+01
3.290159988403320312e+01
3.249517822265625000e+01
3.314277648925781250e+01
3.275335311889648438e+01
3.574199676513671875e+01
2.926433181762695312e+01
3.341831970214843750e+01
3.290211868286132812e+01
3.246334075927734375e+01
3.218532943725585938e+01
3.414060974121093750e+01
3.206902694702148438e+01
3.504932785034179688e+01
3.275283432006835938e+01
3.401665878295898438e+01
3.333999252319335938e+01
3.272996139526367188e+01
3.229919052124023438e+01
3.741077041625976562e+01
