0.000000000000000000e+00
0.000000000000000000e+00
0.000000000000000000e+00
0.000000000000000000e+00
0.000000000000000000e+00
0.000000000000000000e+00
0.000000000000000000e+00
0.000000000000000000e+00
0.000000000000000000e+00
0.000000000000000000e+00
0.000000000000000000e+00
0.000000000000000000e+00
0.000000000000000000e+00
0.000000000000000000e+00
4.647824540734291077e-02
8.476147800683975220e-02
3.669547140598297119e-01
1.313165664672851562e+00
1.593062162399291992e+00
1.957874774932861328e+00
2.854910612106323242e+00
3.066476583480834961e+00
3.911750078201293945e+00
4.378432750701904297e+00
4.455980300903320312e+00
3.810326099395751953e+00
3.908484220504760742e+00
4.335022926330566406e+00
4.392402172088623047e+00
4.015854358673095703e+00
4.530229091644287109e+00
4.782484531402587891e+00
5.176068305969238281e+00
6.278604507446289062e+00
6.154818534851074219e+00
6.497108459472656250e+00
6.975369930267333984e+00
8.259190559387207031e+00
1.206747341156005859e+01
1.449000740051269531e+01
1.529995727539062500e+01
1.629637527465820312e+01
1.774572563171386719e+01
1.744765281677246094e+01
2.215289878845214844e+01
2.485065269470214844e+01
2.341753959655761719e+01
2.555630111694335938e+01
2.651465606689453125e+01
2.688730812072753906e+01
2.693697738647460938e+01
2.540208244323730469e+01
2.371628952026367188e+01
2.329299926757812500e+01
3.766885375976562500e+01
3.432324981689453125e+01
3.421855545043945312e+01
4.607320785522460938e+01
4.573537445068359375e+01
4.814039230346679688e+01
4.570758056640625000e+01
4.464538574218750000e+01
4.776122283935546875e+01
5.179732131958007812e+01
4.576896667480468750e+01
4.287697982788085938e+01
3.859053802490234375e+01
4.099474716186523438e+01
3.872978591918945312e+01
3.778676223754882812e+01
3.715563201904296875e+01
3.700599288940429688e+01
3.653059005737304688e+01
3.584780502319335938e+01
3.494298553466796875e+01
3.393350601196289062e+01
3.256163787841796875e+01
3.168646049499511719e+01
3.129755783081054688e+01
3.060044288635253906e+01
2.959708976745605469e+01
2.949030113220214844e+01
2.817281341552734375e+01
2.783031654357910156e+01
2.746965980529785156e+01
2.770212936401367188e+01
2.652453422546386719e+01
2.615437698364257812e+01
2.542546844482421875e+01
2.610765266418457031e+01
2.680912780761718750e+01
2.638598442077636719e+01
3.180483627319335938e+01
3.393568801879882812e+01
3.183850669860839844e+01
2.877290534973144531e+01
2.711803054809570312e+01
2.631357192993164062e+01
2.878337097167968750e+01
2.605955696105957031e+01
2.430303192138671875e+01
2.312988090515136719e+01
2.124196052551269531e+01
2.129215812683105469e+01
2.013323211669921875e+01
1.902544593811035156e+01
1.865503120422363281e+01
1.839938163757324219e+01
1.846098136901855469e+01
1.835848045349121094e+01
1.782919502258300781e+01
2.030549621582031250e+01
2.481198883056640625e+01
2.343576622009277344e+01
2.336916542053222656e+01
2.113797760009765625e+01
1.978152847290039062e+01
2.235732269287109375e+01
2.049407768249511719e+01
2.027501487731933594e+01
1.928770256042480469e+01
1.875278282165527344e+01
1.865179824829101562e+01
1.788152885437011719e+01
1.751189994812011719e+01
1.756817245483398438e+01
1.732012176513671875e+01
1.762696075439453125e+01
1.805368232727050781e+01
1.712648582458496094e+01
1.752158164978027344e+01
1.734393310546875000e+01
1.895486640930175781e+01
1.825646781921386719e+01
1.767875862121582031e+01
1.743646430969238281e+01
1.758905220031738281e+01
1.710387611389160156e+01
1.743117141723632812e+01
1.834050369262695312e+01
1.844039535522460938e+01
1.856097030639648438e+01
1.784157371520996094e+01
1.746212387084960938e+01
1.709996795654296875e+01
1.683949661254882812e+01
1.685792922973632812e+01
1.716009521484375000e+01
1.635298919677734375e+01
1.658391571044921875e+01
1.700263595581054688e+01
1.663349914550781250e+01
1.699609947204589844e+01
1.645889091491699219e+01
1.658894157409667969e+01
1.621728324890136719e+01
1.553073024749755859e+01
1.536494350433349609e+01
1.508323669433593750e+01
1.644935607910156250e+01
1.503351020812988281e+01
1.530985546112060547e+01
1.541815280914306641e+01
1.563618373870849609e+01
1.650799942016601562e+01
1.522120666503906250e+01
1.529327678680419922e+01
1.538644123077392578e+01
1.558531665802001953e+01
1.799816703796386719e+01
1.599463653564453125e+01
1.668316078186035156e+01
1.622883033752441406e+01
1.608688735961914062e+01
1.561436748504638672e+01
1.544297981262207031e+01
1.493047904968261719e+01
1.521494960784912109e+01
1.494748687744140625e+01
1.575211238861083984e+01
1.553966617584228516e+01
1.476190280914306641e+01
1.516987133026123047e+01
1.524851799011230469e+01
1.502070331573486328e+01
1.575972652435302734e+01
1.488506984710693359e+01
1.474015426635742188e+01
1.554470348358154297e+01
1.473985004425048828e+01
1.476331806182861328e+01
1.488479709625244141e+01
1.439548015594482422e+01
1.514561271667480469e+01
1.433175945281982422e+01
1.482197189331054688e+01
1.468037986755371094e+01
1.443500041961669922e+01
1.445167541503906250e+01
1.456668567657470703e+01
1.467989730834960938e+01
1.507848739624023438e+01
1.482310962677001953e+01
1.502453899383544922e+01
1.578475666046142578e+01
1.578941059112548828e+01
1.580257987976074219e+01
1.533888626098632812e+01
1.859157371520996094e+01
1.585437870025634766e+01
1.629902648925781250e+01
1.728528785705566406e+01
1.600453186035156250e+01
1.532445144653320312e+01
1.727762985229492188e+01
1.821086311340332031e+01
1.738567543029785156e+01
1.763295364379882812e+01
1.732774162292480469e+01
1.723154258728027344e+01
1.721472358703613281e+01
1.688334465026855469e+01
1.966126251220703125e+01
1.876456451416015625e+01
1.865282058715820312e+01
1.816914176940917969e+01
1.785168075561523438e+01
1.771725463867187500e+01
1.838608169555664062e+01
1.964198493957519531e+01
1.937293815612792969e+01
1.929711723327636719e+01
1.933909034729003906e+01
1.936914062500000000e+01
1.948259735107421875e+01
2.062332725524902344e+01
1.916110801696777344e+01
2.005255889892578125e+01
2.061942291259765625e+01
1.999804496765136719e+01
2.000822830200195312e+01
2.124860000610351562e+01
2.203467941284179688e+01
2.130026435852050781e+01
2.224611663818359375e+01
2.172114181518554688e+01
2.266191101074218750e+01
2.277614402770996094e+01
2.247356224060058594e+01
2.410591316223144531e+01
2.242309761047363281e+01
2.392729377746582031e+01
2.302142906188964844e+01
2.328714752197265625e+01
2.491689109802246094e+01
2.383835601806640625e+01
2.343156242370605469e+01
2.363963127136230469e+01
2.437784004211425781e+01
2.412899589538574219e+01
2.382510375976562500e+01
2.362175369262695312e+01
2.439898872375488281e+01
2.367582702636718750e+01
2.450894355773925781e+01
2.249407958984375000e+01
2.415938568115234375e+01
2.362012100219726562e+01
2.283355140686035156e+01
2.469516181945800781e+01
2.290251922607421875e+01
2.363543319702148438e+01
2.378053092956542969e+01
2.281419944763183594e+01
2.454020690917968750e+01
2.478628540039062500e+01
2.511667633056640625e+01
2.510976600646972656e+01
2.360602378845214844e+01
2.624907112121582031e+01
2.559457015991210938e+01
2.554092216491699219e+01
2.478140068054199219e+01
2.499234008789062500e+01
2.596738815307617188e+01
2.552654457092285156e+01
2.627227020263671875e+01
2.522335243225097656e+01
2.565197563171386719e+01
2.700315093994140625e+01
2.777439498901367188e+01
2.655548858642578125e+01
2.815369415283203125e+01
2.779523086547851562e+01
2.801485824584960938e+01
2.718586921691894531e+01
2.842837333679199219e+01
2.858724594116210938e+01
2.957985115051269531e+01
2.894823837280273438e+01
2.891427612304687500e+01
3.129800415039062500e+01
3.045593452453613281e+01
3.105784225463867188e+01
3.026091766357421875e+01
3.191123390197753906e+01
3.040143203735351562e+01
3.075721168518066406e+01
3.083964920043945312e+01
3.019295310974121094e+01
2.955049896240234375e+01
3.136316680908203125e+01
3.072550582885742188e+01
3.117724037170410156e+01
2.979370880126953125e+01
3.134951972961425781e+01
3.154470443725585938e+01
2.995255851745605469e+01
3.238117980957031250e+01
3.094857215881347656e+01
3.085196495056152344e+01
2.907165145874023438e+01
3.103631210327148438e+01
3.046027374267578125e+01
3.063158988952636719e+01
3.061638832092285156e+01
3.045598220825195312e+01
3.109635162353515625e+01
3.120271110534667969e+01
3.057380485534667969e+01
3.110239028930664062e+01
3.071319198608398438e+01
3.055102157592773438e+01
3.067815971374511719e+01
2.935277938842773438e+01
3.155316352844238281e+01
3.163768005371093750e+01
2.835694122314453125e+01
2.910467147827148438e+01
3.272762298583984375e+01
3.400078201293945312e+01
3.010299301147460938e+01
3.156487846374511719e+01
3.394504165649414062e+01
3.144119071960449219e+01
3.164661026000976562e+01
3.283578109741210938e+01
3.150665283203125000e+01
3.452586746215820312e+01
3.381975936889648438e+01
3.216584014892578125e+01
3.495306015014648438e+01
3.346192169189453125e+01
3.372156524658203125e+01
3.466902160644531250e+01
3.444869613647460938e+01
3.454936218261718750e+01
3.551725769042968750e+01
3.612999343872070312e+01
3.654823684692382812e+01
3.579157257080078125e+01
3.879391479492187500e+01
3.739429092407226562e+01
3.716736221313476562e+01
3.762139892578125000e+01
3.973247146606445312e+01
3.755834197998046875e+01
4.088629913330078125e+01
3.975134277343750000e+01
4.102937316894531250e+01
3.838351440429687500e+01
4.375088882446289062e+01
4.070651626586914062e+01
4.075279998779296875e+01
4.205242156982421875e+01
4.345082092285156250e+01
4.247827911376953125e+01
4.322072601318359375e+01
4.091024780273437500e+01
4.425147628784179688e+01
4.526563262939453125e+01
4.545976638793945312e+01
4.510491943359375000e+01
4.436901473999023438e+01
4.514485931396484375e+01
4.489907836914062500e+01
4.738997268676757812e+01
4.661225891113281250e+01
4.477669143676757812e+01
4.704688262939453125e+01
4.618082427978515625e+01
4.573221588134765625e+01
4.520483016967773438e+01
4.472521209716796875e+01
4.797315597534179688e+01
4.643486022949218750e+01
4.714096450805664062e+01
4.738121795654296875e+01
5.004989624023437500e+01
4.787896347045898438e+01
4.610164642333984375e+01
4.472448348999023438e+01
4.905152511596679688e+01
4.867205429077148438e+01
4.959118652343750000e+01
5.010187149047851562e+01
5.351942443847656250e+01
4.932840728759765625e+01
5.513285446166992188e+01
5.129153060913085938e+01
5.394385910034179688e+01
5.502393722534179688e+01
5.902577972412109375e+01
5.231757736206054688e+01
5.379652404785156250e+01
5.419933319091796875e+01
5.343746948242187500e+01
5.253398895263671875e+01
5.088221740722656250e+01
5.364011764526367188e+01
5.023377227783203125e+01
5.134486007690429688e+01
4.845872497558593750e+01
4.897871780395507812e+01
4.959815597534179688e+01
5.043675613403320312e+01
4.852909469604492188e+01
5.099997711181640625e+01
5.169446563720703125e+01
4.839445495605468750e+01
5.450164794921875000e+01
5.814928817749023438e+01
5.533564758300781250e+01
5.187367630004882812e+01
4.927613449096679688e+01
5.049982833862304688e+01
4.965676498413085938e+01
4.946146011352539062e+01
5.030380249023437500e+01
5.258222579956054688e+01
5.095347595214843750e+01
5.546925735473632812e+01
5.764406967163085938e+01
5.337266540527343750e+01
5.091298294067382812e+01
5.631703186035156250e+01
5.813468933105468750e+01
5.785598373413085938e+01
5.798768234252929688e+01
5.966321182250976562e+01
5.610841369628906250e+01
5.601414489746093750e+01
6.722859191894531250e+01
6.147225952148437500e+01
5.767981338500976562e+01
5.730508422851562500e+01
5.368730545043945312e+01
5.512810516357421875e+01
5.818922424316406250e+01
5.524218750000000000e+01
5.688080978393554688e+01
5.834007644653320312e+01
5.388579559326171875e+01
5.732765960693359375e+01
5.348231506347656250e+01
5.705041503906250000e+01
6.035675048828125000e+01
5.603154754638671875e+01
5.904030990600585938e+01
5.871459197998046875e+01
5.547596740722656250e+01
5.723598098754882812e+01
5.629937362670898438e+01
5.303965759277343750e+01
5.610637664794921875e+01
5.493395996093750000e+01
6.082474136352539062e+01
5.276114654541015625e+01
5.611727142333984375e+01
5.259244537353515625e+01
5.286458587646484375e+01
5.408275604248046875e+01
4.930124282836914062e+01
5.321895217895507812e+01
5.157278060913085938e+01
5.321578216552734375e+01
5.422354507446289062e+01
5.204205703735351562e+01
5.080945968627929688e+01
4.918346023559570312e+01
4.917499160766601562e+01
5.406602859497070312e+01
4.857106781005859375e+01
5.406169891357421875e+01
5.497893905639648438e+01
5.040944671630859375e+01
4.775082778930664062e+01
5.285379409790039062e+01
5.174431991577148438e+01
4.916835021972656250e+01
5.066487503051757812e+01
5.242066574096679688e+01
5.266083145141601562e+01
4.857406997680664062e+01
5.055899429321289062e+01
4.987715148925781250e+01
4.989075088500976562e+01
4.952217102050781250e+01
5.070514678955078125e+01
4.972218704223632812e+01
5.116239166259765625e+01
4.840967559814453125e+01
4.794012451171875000e+01
4.829058456420898438e+01
4.851726531982421875e+01
5.102337265014648438e+01
4.711191177368164062e+01
4.432979583740234375e+01
5.001431274414062500e+01
5.025958251953125000e+01
4.565552139282226562e+01
4.501100921630859375e+01
4.842540359497070312e+01
4.795462417602539062e+01
4.580993652343750000e+01
4.974000549316406250e+01
4.735235977172851562e+01
4.919441986083984375e+01
4.723764038085937500e+01
4.699006271362304688e+01
4.664351654052734375e+01
4.646789932250976562e+01
4.859442901611328125e+01
4.750892257690429688e+01
4.532892608642578125e+01
4.500444412231445312e+01
4.833754348754882812e+01
4.710726547241210938e+01
4.635930252075195312e+01
4.516006088256835938e+01
4.629219436645507812e+01
4.492731094360351562e+01
4.654933547973632812e+01
4.809286880493164062e+01
4.580389404296875000e+01
4.536731719970703125e+01
4.663915634155273438e+01
4.655824279785156250e+01
4.278338241577148438e+01
4.748227310180664062e+01
4.672169494628906250e+01
4.378221130371093750e+01
5.028341293334960938e+01
4.618353271484375000e+01
4.290906906127929688e+01
4.378788375854492188e+01
4.659687805175781250e+01
4.413549041748046875e+01
4.464175415039062500e+01
4.462074661254882812e+01
4.560809707641601562e+01
4.445349121093750000e+01
4.480899810791015625e+01
4.339569091796875000e+01
4.483771896362304688e+01
4.557760238647460938e+01
4.269055557250976562e+01
4.035096740722656250e+01
4.162643814086914062e+01
4.546544647216796875e+01
4.170495223999023438e+01
4.485347366333007812e+01
4.184482192993164062e+01
4.566166305541992188e+01
4.420499038696289062e+01
4.488592910766601562e+01
4.381947326660156250e+01
4.222560882568359375e+01
4.635780334472656250e+01
4.115332794189453125e+01
4.702785110473632812e+01
4.698353958129882812e+01
4.737958526611328125e+01
4.588559341430664062e+01
4.443381118774414062e+01
4.387012863159179688e+01
4.616020202636718750e+01
4.465459823608398438e+01
3.949321746826171875e+01
4.367028045654296875e+01
4.392181015014648438e+01
4.455686187744140625e+01
4.455767822265625000e+01
4.665567779541015625e+01
4.411674118041992188e+01
4.268677902221679688e+01
4.443021011352539062e+01
4.508048248291015625e+01
4.333470535278320312e+01
4.521754074096679688e+01
4.183812332153320312e+01
4.149104690551757812e+01
4.079133605957031250e+01
4.467341613769531250e+01
4.153134918212890625e+01
3.999827957153320312e+01
4.108434295654296875e+01
4.376617050170898438e+01
4.591358184814453125e+01
3.983837509155273438e+01
4.338179779052734375e+01
4.060632705688476562e+01
4.299497604370117188e+01
4.159648513793945312e+01
4.156446075439453125e+01
4.180437469482421875e+01
4.098284149169921875e+01
3.939556503295898438e+01
4.247706222534179688e+01
3.955877685546875000e+01
3.978058624267578125e+01
4.177709579467773438e+01
4.289423751831054688e+01
4.171024322509765625e+01
3.942064666748046875e+01
4.199027252197265625e+01
3.948345947265625000e+01
4.020669555664062500e+01
4.215983581542968750e+01
3.902056121826171875e+01
3.907139968872070312e+01
3.900346374511718750e+01
4.114434432983398438e+01
3.881571197509765625e+01
3.918494415283203125e+01
4.126664733886718750e+01
3.911006164550781250e+01
4.329171371459960938e+01
3.979658508300781250e+01
3.734102249145507812e+01
3.851691055297851562e+01
3.738816452026367188e+01
4.267388153076171875e+01
4.075281143188476562e+01
4.030804443359375000e+01
3.968776702880859375e+01
3.930709838867187500e+01
3.868124771118164062e+01
3.889065551757812500e+01
3.954039001464843750e+01
3.833614349365234375e+01
3.974817657470703125e+01
3.775938034057617188e+01
4.118745040893554688e+01
4.181071853637695312e+01
3.627516555786132812e+01
3.954326629638671875e+01
3.748606109619140625e+01
4.100017929077148438e+01
3.816823577880859375e+01
3.800142669677734375e+01
3.841716384887695312e+01
3.616541290283203125e+01
3.611727523803710938e+01
3.712359619140625000e+01
3.824022674560546875e+01
3.783285903930664062e+01
3.770428085327148438e+01
3.544152450561523438e+01
3.814989852905273438e+01
3.871195983886718750e+01
3.940425872802734375e+01
3.900845336914062500e+01
3.683393478393554688e+01
3.807314682006835938e+01
3.832380294799804688e+01
3.383816528320312500e+01
3.487052154541015625e+01
3.895214843750000000e+01
3.335709381103515625e+01
3.722132873535156250e+01
3.500323104858398438e+01
3.705126953125000000e+01
3.564901733398437500e+01
3.862525558471679688e+01
3.463360595703125000e+01
3.708785629272460938e+01
3.461318206787109375e+01
3.980823516845703125e+01
3.300268936157226562e+01
3.721342086791992188e+01
3.804195022583007812e+01
3.548952865600585938e+01
3.692004013061523438e+01
3.652656936645507812e+01
3.568488311767578125e+01
3.886196899414062500e+01
3.696200180053710938e+01
3.536163330078125000e+01
3.500591278076171875e+01
3.498892974853515625e+01
3.379385757446289062e+01
3.687029647827148438e+01
3.640360260009765625e+01
3.587885284423828125e+01
3.116312217712402344e+01
3.474521255493164062e+01
3.699104309082031250e+01
3.505046081542968750e+01
3.237471008300781250e+01
3.798444747924804688e+01
3.598331069946289062e+01
3.512644577026367188e+01
3.534862518310546875e+01
3.876277160644531250e+01
3.586318588256835938e+01
3.364344787597656250e+01
3.665053939819335938e+01
3.738005828857421875e+01
3.693505096435546875e+01
3.536244201660156250e+01
3.438388442993164062e+01
3.736981201171875000e+01
3.457117080688476562e+01
3.445704650878906250e+01
3.361435317993164062e+01
3.423145675659179688e+01
3.659199523925781250e+01
3.423472213745117188e+01
3.291520309448242188e+01
3.704800796508789062e+01
3.355031585693359375e+01
3.245339965820312500e+01
3.155313682556152344e+01
3.060907745361328125e+01
3.522004318237304688e+01
3.650674819946289062e+01
3.176202201843261719e+01
3.491802978515625000e+01
3.542775726318359375e+01
3.228884124755859375e+01
3.427941131591796875e+01
3.530889129638671875e+01
3.042625045776367188e+01
3.349547195434570312e+01
3.483710861206054688e+01
3.383819961547851562e+01
3.572151565551757812e+01
3.099206161499023438e+01
3.316541290283203125e+01
3.345199203491210938e+01
3.473047256469726562e+01
3.478549194335937500e+01
3.387769317626953125e+01
3.297767639160156250e+01
3.259185028076171875e+01
3.096021652221679688e+01
3.174774551391601562e+01
3.403664016723632812e+01
3.282728195190429688e+01
3.378668594360351562e+01
3.309542846679687500e+01
3.003732299804687500e+01
3.264569473266601562e+01
3.227698898315429688e+01
3.446242523193359375e+01
3.237477874755859375e+01
3.460007858276367188e+01
2.949660873413085938e+01
3.277897262573242188e+01
3.141697692871093750e+01
3.196415328979492188e+01
3.162591361999511719e+01
2.848087501525878906e+01
2.929240608215332031e+01
3.051511001586914062e+01
3.140997123718261719e+01
3.471607208251953125e+01
2.899846839904785156e+01
3.022308349609375000e+01
3.068933677673339844e+01
3.103042221069335938e+01
3.154821968078613281e+01
2.852131271362304688e+01
2.976813888549804688e+01
2.973836898803710938e+01
3.161855506896972656e+01
3.005695724487304688e+01
3.099386787414550781e+01
2.878512191772460938e+01
3.185726356506347656e+01
3.300479507446289062e+01
3.266184997558593750e+01
2.982524681091308594e+01
3.287931823730468750e+01
3.054108238220214844e+01
3.183609962463378906e+01
3.014700508117675781e+01
3.267190551757812500e+01
3.186473846435546875e+01
3.312212371826171875e+01
3.022822570800781250e+01
3.196062850952148438e+01
3.132252693176269531e+01
2.833703994750976562e+01
3.061211776733398438e+01
2.990095710754394531e+01
2.873066139221191406e+01
3.172292518615722656e+01
2.938875389099121094e+01
3.027271270751953125e+01
3.011948204040527344e+01
2.923341369628906250e+01
2.916378211975097656e+01
2.942128181457519531e+01
3.046538162231445312e+01
2.938661575317382812e+01
2.940291404724121094e+01
2.919009017944335938e+01
2.881575775146484375e+01
3.311091232299804688e+01
3.334285736083984375e+01
3.216306304931640625e+01
3.176136016845703125e+01
2.671590995788574219e+01
3.058294486999511719e+01
2.866032791137695312e+01
3.113204956054687500e+01
2.904587173461914062e+01
2.852963256835937500e+01
2.951484298706054688e+01
2.859858512878417969e+01
3.091250419616699219e+01
3.005939865112304688e+01
3.154978179931640625e+01
3.185226821899414062e+01
2.832896041870117188e+01
2.911812591552734375e+01
3.116558265686035156e+01
3.187296485900878906e+01
2.885591888427734375e+01
3.111172294616699219e+01
2.863460159301757812e+01
2.899298858642578125e+01
2.805824851989746094e+01
3.250977325439453125e+01
3.086755561828613281e+01
2.974324607849121094e+01
2.884658050537109375e+01
2.802720642089843750e+01
2.745048332214355469e+01
2.945278358459472656e+01
3.444510269165039062e+01
2.999566841125488281e+01
2.957274246215820312e+01
2.958003234863281250e+01
2.827427291870117188e+01
2.641002082824707031e+01
2.908041572570800781e+01
2.813203811645507812e+01
2.734094619750976562e+01
2.620365715026855469e+01
2.835886001586914062e+01
2.981727409362792969e+01
2.914003944396972656e+01
2.584396171569824219e+01
3.027311325073242188e+01
2.779711341857910156e+01
2.984082603454589844e+01
2.830664443969726562e+01
2.591557312011718750e+01
2.433494949340820312e+01
2.775750350952148438e+01
2.769372367858886719e+01
2.997822570800781250e+01
2.695963859558105469e+01
2.848804664611816406e+01
2.730613708496093750e+01
2.701257705688476562e+01
2.936935424804687500e+01
2.630632019042968750e+01
2.801746368408203125e+01
2.736863327026367188e+01
2.733471298217773438e+01
2.673870086669921875e+01
2.652730941772460938e+01
2.843984031677246094e+01
2.630962753295898438e+01
2.702141189575195312e+01
2.858126640319824219e+01
2.357713699340820312e+01
2.492667198181152344e+01
2.761782836914062500e+01
2.943255615234375000e+01
2.955993843078613281e+01
2.576399421691894531e+01
2.375506210327148438e+01
2.781022071838378906e+01
2.763816261291503906e+01
2.706326484680175781e+01
2.540604782104492188e+01
2.378743743896484375e+01
2.610448074340820312e+01
2.471387481689453125e+01
2.582797622680664062e+01
3.093937492370605469e+01
2.926331138610839844e+01
2.578276252746582031e+01
2.549061775207519531e+01
2.628811264038085938e+01
2.487457466125488281e+01
2.610024642944335938e+01
2.482707023620605469e+01
2.964254379272460938e+01
2.663798522949218750e+01
2.899898529052734375e+01
2.614868354797363281e+01
2.699481010437011719e+01
2.412930107116699219e+01
2.388341140747070312e+01
2.924891281127929688e+01
2.567939376831054688e+01
2.579715156555175781e+01
2.632073020935058594e+01
2.513530921936035156e+01
2.542772483825683594e+01
2.731098365783691406e+01
2.565404701232910156e+01
2.902019691467285156e+01
3.032350540161132812e+01
2.828659820556640625e+01
2.841128540039062500e+01
2.668736648559570312e+01
2.693936538696289062e+01
2.892638778686523438e+01
2.723541259765625000e+01
2.809185791015625000e+01
2.846920394897460938e+01
2.676497268676757812e+01
2.886971092224121094e+01
2.515608978271484375e+01
2.579375076293945312e+01
2.663982582092285156e+01
2.492783164978027344e+01
2.702979278564453125e+01
2.784738349914550781e+01
2.770019912719726562e+01
2.338655471801757812e+01
2.459463310241699219e+01
2.681537437438964844e+01
2.390967369079589844e+01
2.562709236145019531e+01
2.420104217529296875e+01
2.473132705688476562e+01
2.489652252197265625e+01
2.882341957092285156e+01
2.756934165954589844e+01
2.632454490661621094e+01
2.807687950134277344e+01
2.596417999267578125e+01
2.687525749206542969e+01
2.558255386352539062e+01
2.761150169372558594e+01
2.800932884216308594e+01
2.468942642211914062e+01
2.411243057250976562e+01
2.551996803283691406e+01
2.353419685363769531e+01
2.534086418151855469e+01
2.415850830078125000e+01
2.865497970581054688e+01
2.546589851379394531e+01
2.432496833801269531e+01
2.390534973144531250e+01
2.333395004272460938e+01
2.454154014587402344e+01
2.582035636901855469e+01
2.472649383544921875e+01
2.287551689147949219e+01
2.450511360168457031e+01
2.551445007324218750e+01
2.267123031616210938e+01
2.824923133850097656e+01
2.328779792785644531e+01
2.332130432128906250e+01
2.705370712280273438e+01
2.350126266479492188e+01
2.493905067443847656e+01
2.618216514587402344e+01
2.627525520324707031e+01
2.722928237915039062e+01
2.318630981445312500e+01
2.770867729187011719e+01
2.815862083435058594e+01
2.663015937805175781e+01
2.431887626647949219e+01
2.157590103149414062e+01
2.481214714050292969e+01
2.486498832702636719e+01
2.408863258361816406e+01
