0.000000000000000000e+00
0.000000000000000000e+00
0.000000000000000000e+00
0.000000000000000000e+00
0.000000000000000000e+00
0.000000000000000000e+00
0.000000000000000000e+00
0.000000000000000000e+00
0.000000000000000000e+00
0.000000000000000000e+00
0.000000000000000000e+00
0.000000000000000000e+00
8.850473910570144653e-02
2.284890264272689819e-01
9.076135158538818359e-01
1.693004012107849121e+00
2.187812805175781250e+00
2.415244817733764648e+00
2.991520404815673828e+00
3.937044143676757812e+00
4.466924667358398438e+00
7.002020835876464844e+00
7.096498966217041016e+00
7.890488624572753906e+00
7.439510822296142578e+00
1.582041931152343750e+01
2.133339500427246094e+01
2.073387718200683594e+01
1.994009208679199219e+01
1.933869361877441406e+01
1.692432022094726562e+01
1.617553520202636719e+01
1.531840229034423828e+01
1.459526538848876953e+01
1.524514865875244141e+01
1.543970680236816406e+01
1.470205688476562500e+01
1.415547561645507812e+01
1.345752334594726562e+01
1.287108421325683594e+01
1.413832950592041016e+01
1.413011360168457031e+01
1.354545402526855469e+01
1.348579311370849609e+01
1.317074680328369141e+01
1.527355194091796875e+01
1.484501457214355469e+01
1.344081211090087891e+01
1.389566230773925781e+01
1.302133369445800781e+01
1.252881431579589844e+01
1.153893661499023438e+01
1.392965984344482422e+01
1.240475749969482422e+01
1.156545734405517578e+01
1.097830390930175781e+01
1.059058952331542969e+01
1.081422424316406250e+01
1.009998416900634766e+01
9.246148109436035156e+00
8.671018600463867188e+00
8.235509872436523438e+00
7.868637561798095703e+00
7.450191497802734375e+00
6.992810726165771484e+00
6.898056507110595703e+00
6.492213726043701172e+00
6.229513645172119141e+00
6.220064163208007812e+00
5.761944293975830078e+00
5.909124374389648438e+00
5.524844169616699219e+00
5.205569267272949219e+00
5.093732833862304688e+00
5.051908969879150391e+00
4.907199382781982422e+00
4.735639572143554688e+00
4.719907283782958984e+00
4.656744956970214844e+00
4.860138893127441406e+00
4.785912990570068359e+00
4.679754734039306641e+00
4.568962097167968750e+00
4.555810451507568359e+00
4.494077205657958984e+00
4.524485588073730469e+00
4.568927764892578125e+00
5.013584136962890625e+00
5.021406173706054688e+00
4.905782222747802734e+00
5.148676395416259766e+00
5.284751892089843750e+00
5.395908832550048828e+00
5.548371791839599609e+00
5.598590850830078125e+00
5.868505477905273438e+00
6.206702232360839844e+00
5.993726730346679688e+00
6.131350040435791016e+00
5.897784709930419922e+00
5.901481151580810547e+00
5.942245960235595703e+00
5.735296726226806641e+00
5.663583278656005859e+00
6.330668926239013672e+00
6.363501071929931641e+00
6.532654285430908203e+00
6.371096611022949219e+00
6.574370861053466797e+00
6.427408218383789062e+00
6.400434970855712891e+00
6.237199783325195312e+00
6.476788997650146484e+00
6.359948158264160156e+00
6.520680427551269531e+00
6.449129581451416016e+00
6.355800628662109375e+00
6.371128082275390625e+00
6.400395870208740234e+00
6.349840641021728516e+00
6.554532051086425781e+00
6.514249801635742188e+00
6.419592857360839844e+00
6.674390316009521484e+00
6.602741241455078125e+00
6.590799331665039062e+00
6.625583171844482422e+00
6.483964920043945312e+00
6.618822097778320312e+00
6.482240200042724609e+00
6.438845634460449219e+00
6.396643638610839844e+00
7.026409149169921875e+00
6.896289348602294922e+00
6.640625953674316406e+00
6.615178585052490234e+00
6.511638641357421875e+00
6.375302314758300781e+00
6.404587745666503906e+00
6.393927574157714844e+00
6.387166976928710938e+00
6.493118286132812500e+00
6.452279090881347656e+00
6.495411872863769531e+00
6.397876739501953125e+00
6.410984992980957031e+00
6.448173046112060547e+00
6.350401401519775391e+00
6.971824169158935547e+00
6.673264503479003906e+00
6.848291397094726562e+00
7.991337776184082031e+00
1.002894306182861328e+01
1.107135677337646484e+01
1.217120075225830078e+01
1.418643569946289062e+01
1.249164009094238281e+01
1.492221450805664062e+01
1.653428840637207031e+01
1.854726219177246094e+01
1.995696830749511719e+01
1.933427810668945312e+01
1.866399955749511719e+01
1.755780792236328125e+01
1.673372650146484375e+01
1.704961776733398438e+01
1.745601654052734375e+01
1.876257133483886719e+01
1.976961326599121094e+01
2.268649291992187500e+01
2.324905014038085938e+01
2.293236923217773438e+01
2.514932823181152344e+01
2.483986282348632812e+01
2.612743759155273438e+01
2.624271011352539062e+01
2.662417411804199219e+01
2.813238906860351562e+01
2.835258293151855469e+01
3.018364715576171875e+01
3.462583160400390625e+01
3.674918365478515625e+01
4.064907836914062500e+01
4.101534271240234375e+01
4.343100738525390625e+01
4.664939880371093750e+01
4.600995254516601562e+01
4.827491760253906250e+01
4.866141510009765625e+01
4.671111679077148438e+01
4.798998260498046875e+01
4.803987503051757812e+01
4.779165649414062500e+01
4.579606246948242188e+01
4.677621459960937500e+01
4.651563644409179688e+01
4.435903167724609375e+01
4.598073577880859375e+01
4.627177429199218750e+01
4.623983764648437500e+01
4.414432525634765625e+01
4.381854629516601562e+01
4.331112670898437500e+01
4.338000106811523438e+01
4.259379577636718750e+01
4.617124557495117188e+01
4.833617401123046875e+01
4.693589782714843750e+01
4.601302337646484375e+01
4.685235214233398438e+01
4.449440002441406250e+01
4.665625000000000000e+01
4.751166534423828125e+01
4.737350845336914062e+01
4.533118438720703125e+01
4.516931152343750000e+01
4.579430389404296875e+01
4.516234207153320312e+01
4.314304351806640625e+01
4.315090560913085938e+01
4.312287521362304688e+01
4.176061630249023438e+01
4.203941726684570312e+01
4.352471923828125000e+01
4.352305603027343750e+01
4.341179275512695312e+01
4.146855163574218750e+01
4.367448043823242188e+01
4.228839111328125000e+01
4.099958419799804688e+01
4.083316040039062500e+01
4.077600860595703125e+01
3.949326705932617188e+01
4.009351348876953125e+01
3.921907043457031250e+01
3.966556930541992188e+01
3.805629730224609375e+01
3.814902496337890625e+01
3.825841140747070312e+01
3.742616653442382812e+01
3.628179550170898438e+01
3.802461624145507812e+01
3.670980453491210938e+01
3.652260208129882812e+01
3.589557266235351562e+01
3.583119583129882812e+01
3.623344802856445312e+01
3.658047866821289062e+01
3.629246139526367188e+01
3.541616058349609375e+01
3.542100143432617188e+01
3.676185226440429688e+01
3.396545791625976562e+01
3.573506164550781250e+01
3.513880538940429688e+01
3.443034362792968750e+01
3.482589721679687500e+01
3.434540557861328125e+01
3.385760879516601562e+01
3.470609283447265625e+01
3.852256393432617188e+01
3.577016830444335938e+01
3.591317367553710938e+01
3.755667114257812500e+01
3.537868118286132812e+01
3.413714599609375000e+01
3.323310089111328125e+01
3.436592102050781250e+01
3.211582183837890625e+01
3.449951171875000000e+01
3.417546081542968750e+01
3.343447113037109375e+01
3.302553939819335938e+01
3.159927368164062500e+01
3.235241317749023438e+01
3.223849868774414062e+01
3.100329399108886719e+01
3.197499465942382812e+01
2.933874130249023438e+01
3.173886680603027344e+01
3.177313232421875000e+01
2.919243049621582031e+01
3.034826850891113281e+01
3.067080116271972656e+01
2.970572853088378906e+01
2.920659446716308594e+01
3.100415611267089844e+01
2.799430847167968750e+01
2.730334281921386719e+01
2.837084388732910156e+01
2.860234069824218750e+01
2.617179489135742188e+01
2.839460563659667969e+01
2.619735717773437500e+01
2.730703163146972656e+01
2.716540336608886719e+01
2.768568611145019531e+01
2.646358489990234375e+01
2.954852867126464844e+01
2.664021110534667969e+01
3.051344680786132812e+01
2.593144607543945312e+01
2.641531181335449219e+01
2.849361801147460938e+01
2.721371841430664062e+01
3.021782493591308594e+01
2.664735794067382812e+01
2.685896682739257812e+01
2.591020774841308594e+01
2.685232353210449219e+01
2.695322990417480469e+01
2.477511405944824219e+01
2.659997749328613281e+01
2.630803489685058594e+01
2.523264884948730469e+01
2.648785972595214844e+01
2.737828063964843750e+01
2.692338752746582031e+01
2.594251060485839844e+01
2.737264823913574219e+01
2.637919235229492188e+01
2.705233192443847656e+01
2.714504814147949219e+01
2.518708610534667969e+01
2.554831695556640625e+01
2.628985977172851562e+01
2.600526237487792969e+01
2.512154579162597656e+01
2.701689529418945312e+01
2.800226211547851562e+01
2.617016410827636719e+01
2.778360557556152344e+01
2.607156181335449219e+01
2.672743606567382812e+01
2.378824234008789062e+01
2.652676391601562500e+01
2.862046051025390625e+01
2.783724212646484375e+01
2.449958229064941406e+01
2.638937759399414062e+01
2.621236419677734375e+01
2.364410018920898438e+01
2.595154762268066406e+01
2.671735572814941406e+01
2.519943809509277344e+01
2.620573997497558594e+01
2.516375160217285156e+01
2.351235580444335938e+01
2.550208663940429688e+01
2.439226913452148438e+01
2.495231628417968750e+01
2.588871955871582031e+01
2.418169975280761719e+01
2.408911323547363281e+01
2.343104171752929688e+01
2.525463676452636719e+01
2.299450302124023438e+01
2.461491394042968750e+01
2.452227020263671875e+01
2.450548744201660156e+01
2.266636466979980469e+01
2.541693115234375000e+01
2.710035896301269531e+01
2.532671356201171875e+01
2.274102592468261719e+01
2.086025238037109375e+01
2.504738998413085938e+01
2.428685569763183594e+01
2.540007781982421875e+01
2.166563224792480469e+01
2.529991340637207031e+01
2.511983680725097656e+01
2.305162811279296875e+01
2.409693908691406250e+01
2.384072685241699219e+01
2.321652793884277344e+01
2.308770179748535156e+01
2.285540199279785156e+01
2.363248252868652344e+01
2.404863357543945312e+01
2.279501152038574219e+01
2.424554824829101562e+01
2.362639808654785156e+01
2.330544090270996094e+01
2.260165977478027344e+01
2.204468345642089844e+01
2.340143775939941406e+01
2.244808387756347656e+01
2.242827415466308594e+01
2.266083526611328125e+01
2.160122680664062500e+01
2.297030448913574219e+01
2.177172279357910156e+01
2.256825828552246094e+01
2.185901260375976562e+01
2.306339454650878906e+01
2.183533668518066406e+01
2.231765747070312500e+01
2.211652755737304688e+01
2.140743446350097656e+01
2.317525863647460938e+01
2.298991775512695312e+01
2.071860122680664062e+01
2.222242927551269531e+01
2.197599601745605469e+01
2.208444404602050781e+01
2.225005531311035156e+01
2.158422851562500000e+01
2.215558052062988281e+01
2.148902320861816406e+01
2.090705490112304688e+01
2.248863220214843750e+01
2.214644622802734375e+01
2.055148124694824219e+01
2.152167892456054688e+01
2.006955909729003906e+01
2.038997650146484375e+01
2.217205429077148438e+01
2.147941017150878906e+01
2.212063217163085938e+01
2.164447975158691406e+01
2.154999351501464844e+01
2.164140701293945312e+01
2.076231956481933594e+01
2.286178207397460938e+01
2.012421989440917969e+01
2.073367500305175781e+01
2.360537528991699219e+01
2.102603721618652344e+01
2.103101921081542969e+01
2.197403335571289062e+01
2.334973526000976562e+01
2.003792190551757812e+01
2.365430641174316406e+01
2.300130844116210938e+01
2.204988861083984375e+01
1.977065277099609375e+01
2.156666183471679688e+01
1.968281936645507812e+01
2.074560928344726562e+01
2.067284011840820312e+01
2.132359886169433594e+01
2.028922271728515625e+01
2.226041412353515625e+01
2.135394096374511719e+01
2.181681442260742188e+01
2.231534767150878906e+01
2.221560668945312500e+01
2.014432144165039062e+01
2.277614784240722656e+01
2.322476196289062500e+01
2.145576477050781250e+01
2.382456779479980469e+01
2.218250465393066406e+01
2.271024131774902344e+01
2.318777656555175781e+01
2.650234985351562500e+01
2.157664871215820312e+01
2.630421829223632812e+01
2.215303421020507812e+01
2.231597900390625000e+01
2.440244483947753906e+01
2.346445846557617188e+01
2.191934394836425781e+01
2.350366210937500000e+01
2.515367126464843750e+01
2.385319709777832031e+01
2.451711654663085938e+01
2.317444610595703125e+01
2.173388290405273438e+01
2.260094642639160156e+01
2.288287162780761719e+01
2.161034393310546875e+01
2.313732719421386719e+01
2.330918693542480469e+01
2.464336776733398438e+01
2.263228034973144531e+01
2.348784637451171875e+01
2.589990234375000000e+01
2.310866355895996094e+01
2.280068397521972656e+01
2.334158134460449219e+01
2.499649620056152344e+01
2.163947677612304688e+01
2.278546524047851562e+01
2.520435905456542969e+01
2.257312583923339844e+01
2.425632095336914062e+01
2.271971511840820312e+01
2.653051376342773438e+01
2.649952125549316406e+01
2.542807769775390625e+01
2.504738235473632812e+01
2.598857498168945312e+01
2.462017250061035156e+01
2.451906585693359375e+01
2.867333221435546875e+01
2.270111656188964844e+01
2.557755279541015625e+01
2.429294776916503906e+01
2.659658432006835938e+01
2.482061195373535156e+01
2.640138626098632812e+01
2.449121093750000000e+01
2.400096893310546875e+01
2.511798477172851562e+01
2.263788604736328125e+01
2.495667076110839844e+01
2.425310897827148438e+01
2.446117210388183594e+01
2.255869102478027344e+01
3.105448913574218750e+01
2.961038970947265625e+01
2.442247962951660156e+01
2.724847602844238281e+01
2.629591369628906250e+01
2.717724037170410156e+01
2.221267127990722656e+01
2.504663276672363281e+01
2.605457496643066406e+01
2.367169761657714844e+01
2.297879219055175781e+01
2.320993995666503906e+01
2.476919174194335938e+01
2.402836990356445312e+01
2.438367080688476562e+01
2.491276550292968750e+01
2.805359077453613281e+01
2.532020950317382812e+01
2.313715171813964844e+01
2.612584495544433594e+01
2.386750984191894531e+01
2.518625640869140625e+01
2.665776634216308594e+01
2.453362083435058594e+01
2.893895721435546875e+01
2.430398750305175781e+01
2.565393257141113281e+01
2.433090209960937500e+01
2.364279747009277344e+01
2.341456413269042969e+01
2.717573738098144531e+01
2.588470840454101562e+01
3.010491371154785156e+01
2.599811935424804688e+01
3.131765747070312500e+01
2.700718879699707031e+01
3.081231880187988281e+01
2.551350975036621094e+01
2.979560661315917969e+01
2.587812042236328125e+01
2.561644363403320312e+01
2.798803710937500000e+01
2.476293754577636719e+01
2.650547981262207031e+01
2.607414627075195312e+01
3.282521057128906250e+01
2.477402877807617188e+01
2.919608688354492188e+01
2.701226615905761719e+01
2.279781341552734375e+01
2.896109771728515625e+01
2.926933288574218750e+01
3.007628822326660156e+01
2.616665649414062500e+01
2.804111862182617188e+01
2.400179862976074219e+01
2.938505363464355469e+01
2.731860542297363281e+01
2.585810852050781250e+01
2.636084938049316406e+01
2.887144088745117188e+01
2.666926765441894531e+01
2.368576812744140625e+01
2.480460929870605469e+01
2.971292495727539062e+01
2.659947586059570312e+01
3.249369812011718750e+01
2.736650848388671875e+01
3.066177177429199219e+01
2.863401603698730469e+01
2.872547912597656250e+01
2.505088996887207031e+01
2.462658500671386719e+01
2.875878524780273438e+01
2.540349578857421875e+01
2.517701911926269531e+01
2.673746299743652344e+01
2.285509872436523438e+01
2.664870071411132812e+01
2.663626098632812500e+01
2.666427230834960938e+01
2.295260238647460938e+01
2.555581283569335938e+01
2.812251091003417969e+01
2.404278755187988281e+01
2.555290222167968750e+01
3.223073196411132812e+01
2.634602355957031250e+01
2.625395965576171875e+01
2.642980384826660156e+01
2.687892913818359375e+01
2.694812774658203125e+01
2.871938514709472656e+01
2.582865142822265625e+01
2.658184242248535156e+01
2.721934318542480469e+01
2.447152709960937500e+01
3.028828430175781250e+01
3.173241043090820312e+01
2.754422569274902344e+01
3.005757904052734375e+01
2.684797668457031250e+01
2.621631813049316406e+01
2.751546478271484375e+01
2.510953140258789062e+01
2.905135536193847656e+01
2.892498397827148438e+01
2.468227577209472656e+01
2.584873580932617188e+01
2.589836311340332031e+01
2.567895698547363281e+01
2.507218742370605469e+01
2.798565483093261719e+01
2.319175338745117188e+01
2.567800521850585938e+01
2.834941101074218750e+01
2.236741828918457031e+01
2.489233016967773438e+01
2.508011627197265625e+01
2.367772674560546875e+01
2.616066741943359375e+01
2.533172225952148438e+01
2.290955543518066406e+01
2.666200065612792969e+01
2.527252006530761719e+01
2.952467918395996094e+01
2.335272216796875000e+01
2.683720016479492188e+01
2.941237831115722656e+01
2.783592605590820312e+01
2.681205749511718750e+01
2.955560111999511719e+01
2.923488044738769531e+01
2.513133621215820312e+01
2.471517944335937500e+01
2.883813285827636719e+01
2.703599929809570312e+01
2.413813591003417969e+01
2.712169075012207031e+01
2.503809738159179688e+01
2.150085639953613281e+01
2.745580863952636719e+01
2.597840309143066406e+01
2.604843330383300781e+01
2.843906593322753906e+01
2.607133293151855469e+01
2.650279235839843750e+01
2.577535247802734375e+01
2.707488441467285156e+01
2.416037178039550781e+01
2.659505271911621094e+01
2.671658515930175781e+01
2.641089820861816406e+01
2.532988739013671875e+01
2.854085922241210938e+01
2.689210510253906250e+01
2.498705482482910156e+01
2.231761360168457031e+01
2.559345626831054688e+01
2.467923736572265625e+01
2.368731498718261719e+01
2.287390899658203125e+01
2.524724960327148438e+01
2.491316986083984375e+01
2.516534805297851562e+01
2.587014007568359375e+01
2.261767005920410156e+01
2.340599632263183594e+01
2.366910552978515625e+01
2.400550079345703125e+01
2.679289245605468750e+01
2.270458984375000000e+01
2.114556312561035156e+01
2.099196052551269531e+01
2.124644470214843750e+01
2.349319076538085938e+01
2.637747764587402344e+01
2.467521095275878906e+01
2.537500762939453125e+01
2.516474914550781250e+01
2.426805496215820312e+01
2.407182502746582031e+01
2.152828598022460938e+01
2.557593917846679688e+01
2.604916572570800781e+01
2.759412002563476562e+01
2.276064872741699219e+01
2.497515678405761719e+01
2.307292175292968750e+01
2.434487915039062500e+01
2.652169227600097656e+01
2.339097595214843750e+01
2.012385177612304688e+01
2.802588462829589844e+01
2.325804138183593750e+01
2.310770225524902344e+01
2.436640930175781250e+01
2.341428565979003906e+01
2.155091476440429688e+01
2.278107833862304688e+01
2.590322303771972656e+01
2.408101272583007812e+01
2.364434814453125000e+01
2.258346176147460938e+01
2.236734771728515625e+01
2.537153053283691406e+01
2.590966224670410156e+01
2.350503349304199219e+01
2.659128761291503906e+01
2.102200317382812500e+01
2.467892265319824219e+01
2.506147193908691406e+01
2.462876510620117188e+01
2.315648841857910156e+01
2.633130836486816406e+01
2.445256614685058594e+01
2.249532318115234375e+01
2.708252716064453125e+01
2.073810958862304688e+01
2.452695655822753906e+01
2.304099082946777344e+01
2.564491844177246094e+01
2.218288612365722656e+01
2.124557495117187500e+01
2.285984992980957031e+01
2.324066352844238281e+01
2.305742263793945312e+01
2.330063247680664062e+01
2.542158126831054688e+01
2.376851654052734375e+01
2.071937561035156250e+01
2.171794700622558594e+01
2.365496826171875000e+01
2.089193534851074219e+01
2.355764198303222656e+01
2.229403114318847656e+01
2.171230697631835938e+01
2.480452346801757812e+01
2.508701896667480469e+01
2.430552291870117188e+01
2.403487586975097656e+01
2.770493125915527344e+01
2.274839973449707031e+01
2.407454681396484375e+01
2.267037582397460938e+01
2.326746177673339844e+01
2.355887603759765625e+01
2.152296829223632812e+01
2.250640296936035156e+01
2.215469551086425781e+01
2.384981536865234375e+01
2.094402694702148438e+01
1.892138671875000000e+01
2.179816246032714844e+01
2.072578048706054688e+01
2.481921005249023438e+01
2.533673858642578125e+01
2.224118423461914062e+01
2.160880851745605469e+01
2.403990554809570312e+01
2.174437713623046875e+01
2.373257446289062500e+01
2.400704765319824219e+01
2.381988525390625000e+01
2.365223121643066406e+01
2.241016769409179688e+01
2.214398765563964844e+01
2.506023788452148438e+01
2.540087890625000000e+01
2.327014732360839844e+01
2.136249542236328125e+01
2.045867538452148438e+01
2.407749557495117188e+01
2.442342567443847656e+01
2.219530677795410156e+01
2.036974525451660156e+01
2.205453491210937500e+01
2.201215934753417969e+01
2.196271133422851562e+01
2.305998420715332031e+01
2.195529747009277344e+01
2.183032798767089844e+01
2.117577743530273438e+01
2.241301918029785156e+01
2.396968269348144531e+01
2.419304656982421875e+01
2.119259262084960938e+01
2.274468803405761719e+01
1.801994514465332031e+01
2.103578186035156250e+01
2.236136245727539062e+01
2.102918815612792969e+01
1.983335113525390625e+01
2.359165382385253906e+01
1.996204376220703125e+01
1.969349098205566406e+01
2.123705863952636719e+01
2.377802276611328125e+01
1.650398826599121094e+01
2.248869132995605469e+01
2.321276664733886719e+01
2.372017669677734375e+01
2.033019447326660156e+01
2.643760871887207031e+01
2.075774765014648438e+01
2.185267066955566406e+01
2.028441047668457031e+01
2.140464401245117188e+01
1.905399131774902344e+01
2.191313362121582031e+01
2.132841110229492188e+01
2.057696533203125000e+01
1.920763969421386719e+01
2.044726181030273438e+01
2.166727066040039062e+01
1.863273048400878906e+01
2.304363632202148438e+01
2.014035415649414062e+01
2.145503044128417969e+01
2.129489898681640625e+01
2.009995269775390625e+01
2.106670761108398438e+01
2.299906730651855469e+01
2.210372352600097656e+01
2.163870048522949219e+01
1.988731193542480469e+01
2.426433372497558594e+01
2.201847648620605469e+01
2.299049568176269531e+01
2.094577026367187500e+01
2.074852180480957031e+01
2.055801582336425781e+01
1.960218620300292969e+01
2.196019744873046875e+01
2.251675796508789062e+01
2.363809013366699219e+01
2.256636810302734375e+01
1.988902282714843750e+01
1.992497253417968750e+01
1.841285896301269531e+01
1.930359077453613281e+01
2.226079750061035156e+01
1.900094795227050781e+01
2.091276168823242188e+01
2.724278831481933594e+01
1.895321083068847656e+01
2.064009284973144531e+01
2.243737602233886719e+01
2.422680091857910156e+01
1.897181129455566406e+01
2.283789062500000000e+01
2.109917640686035156e+01
1.868538665771484375e+01
1.712254333496093750e+01
2.141551780700683594e+01
1.774166107177734375e+01
2.197257423400878906e+01
2.246557235717773438e+01
2.056501388549804688e+01
1.985050010681152344e+01
2.066811752319335938e+01
2.190959548950195312e+01
2.091962814331054688e+01
2.006602287292480469e+01
2.006898117065429688e+01
2.115883636474609375e+01
2.185473823547363281e+01
2.116745758056640625e+01
1.865214729309082031e+01
1.952529335021972656e+01
2.119805526733398438e+01
2.012838935852050781e+01
2.244142913818359375e+01
1.860493278503417969e+01
2.098747444152832031e+01
1.890847969055175781e+01
1.768251419067382812e+01
1.936129760742187500e+01
2.270122718811035156e+01
2.147050285339355469e+01
1.991844940185546875e+01
1.910838317871093750e+01
2.147207069396972656e+01
2.034123992919921875e+01
2.108250427246093750e+01
2.148208999633789062e+01
2.216530418395996094e+01
1.872934150695800781e+01
2.032460212707519531e+01
1.867809104919433594e+01
1.895114517211914062e+01
2.241423988342285156e+01
2.086106109619140625e+01
1.924123573303222656e+01
2.122868537902832031e+01
2.214057731628417969e+01
2.122764015197753906e+01
2.043808174133300781e+01
2.231704711914062500e+01
2.259321784973144531e+01
1.722645759582519531e+01
2.169124221801757812e+01
2.074736022949218750e+01
1.936363410949707031e+01
2.003768730163574219e+01
2.105449295043945312e+01
2.073112106323242188e+01
2.098624992370605469e+01
2.119263267517089844e+01
1.985727119445800781e+01
2.125973129272460938e+01
1.942962837219238281e+01
2.119376182556152344e+01
2.173080825805664062e+01
2.233756828308105469e+01
1.807802581787109375e+01
1.873676109313964844e+01
1.790178871154785156e+01
1.911407852172851562e+01
2.191169548034667969e+01
2.150662040710449219e+01
1.902419090270996094e+01
2.265706634521484375e+01
2.204182815551757812e+01
1.909512138366699219e+01
1.922027015686035156e+01
2.015563201904296875e+01
2.154801559448242188e+01
2.020106124877929688e+01
1.955187797546386719e+01
2.173002433776855469e+01
2.137851524353027344e+01
1.749081420898437500e+01
2.181121444702148438e+01
2.060394859313964844e+01
2.034324264526367188e+01
2.079622077941894531e+01
1.961962699890136719e+01
1.917974090576171875e+01
1.929117012023925781e+01
2.079943656921386719e+01
2.234092521667480469e+01
2.046303749084472656e+01
2.286004066467285156e+01
2.221082687377929688e+01
2.174092292785644531e+01
2.005050277709960938e+01
1.827541160583496094e+01
1.701938438415527344e+01
1.723588562011718750e+01
1.895774841308593750e+01
2.074177932739257812e+01
1.954827308654785156e+01
2.137471008300781250e+01
1.885317611694335938e+01
2.435654830932617188e+01
2.024904823303222656e+01
1.913668060302734375e+01
2.277714538574218750e+01
2.151962280273437500e+01
1.907093429565429688e+01
2.102051544189453125e+01
2.075357437133789062e+01
1.876488304138183594e+01
1.953896141052246094e+01
1.904575347900390625e+01
2.027125549316406250e+01
2.036973190307617188e+01
1.798289871215820312e+01
1.920562553405761719e+01
1.955781555175781250e+01
1.816326713562011719e+01
1.920942497253417969e+01
1.985734748840332031e+01
1.695752143859863281e+01
2.124513053894042969e+01
1.951806831359863281e+01
2.079208564758300781e+01
1.743547058105468750e+01
2.259354972839355469e+01
2.554785537719726562e+01
1.952847480773925781e+01
2.372837257385253906e+01
1.932420730590820312e+01
1.744421958923339844e+01
1.930755805969238281e+01
2.082347297668457031e+01
1.817814636230468750e+01
2.009163284301757812e+01
