2.764366044223243613e+00
3.123935752557969625e+00
8.735394592265035385e+01
2.720837468998898885e+02
4.059292571883619303e+02
3.753881431800778614e+02
8.619409053964527345e+01
3.152676893603949111e+02
3.873572238204825453e+02
3.367585443433582100e+02
3.705827558928933172e+02
4.114546865002781715e+02
3.445512453212904802e+02
2.895200304949281644e+02
3.622778239793055945e+02
4.472287100705061675e+02
3.979791782740315966e+02
2.703971615339671644e+02
3.428480667305621523e+02
3.998964768399449099e+02
3.617679571771069504e+02
4.710601543115373602e+02
4.361744212465594615e+02
5.348222453590109353e+02
5.479110602149660281e+02
6.397435442715145655e+02
6.212082387607740657e+02
5.271906757969643422e+02
6.099832765871923357e+02
5.048298537243031205e+02
5.114221409242687741e+02
4.854317371602455751e+02
6.550549540021272605e+02
5.922561778068651392e+02
5.878418785839445491e+02
8.412586872915122740e+02
1.992611855911690554e+03
4.153899929031729812e+02
8.997458095088055643e+02
1.024333738392834675e+03
1.055579353043046012e+03
1.966577577152382673e+03
2.333574874852302855e+03
2.076984214759700990e+03
1.116973205181043568e+03
1.059650885951246892e+03
1.162573543232033899e+03
2.517702862527131401e+03
1.494841520192305097e+03
9.336788624662012808e+02
9.760426908224824274e+02
9.585366599005913031e+02
8.888590424621086186e+02
1.004555430133751770e+03
9.616677018996073230e+02
1.039813817661649864e+03
1.162797014234682592e+03
1.773341648701476061e+03
1.874288321455828509e+03
2.343060816689684998e+03
1.555402059865380124e+03
1.656859174289537350e+03
1.965848621306686709e+03
1.657134690264011851e+03
2.037190909499421878e+03
2.081644357332311301e+03
1.737334558317163101e+03
1.786881468408299497e+03
1.606227380300337472e+03
2.954059242126780191e+03
2.792377213064726220e+03
1.973613922684343606e+03
1.214895750139816982e+03
2.414133323505818225e+03
1.586029230443414463e+03
2.425126129234695782e+03
3.107860444216298674e+03
3.144340625606745562e+03
2.888297908572078995e+03
2.084547505423745861e+03
2.097008845053068399e+03
2.818819722425575947e+03
2.770976740770176548e+03
2.969718614072440687e+03
3.153134874179818326e+03
3.245488779316762702e+03
2.791512975475361600e+03
2.726326019172603083e+03
2.312156129179937125e+03
3.269664229030043316e+03
2.583417919025653646e+03
3.262227109453012417e+03
3.018715681279994442e+03
2.887668059145442840e+03
3.041377740918387644e+03
3.213920353146197158e+03
3.204103900841799714e+03
3.083272403885424410e+03
3.306109954455323987e+03
3.294045745845431611e+03
3.328898540605285234e+03
