4.774393351872340929e+00
6.817645866596836868e+01
4.548638834588244890e+02
3.983421567867518434e+02
4.075641603883052539e+02
4.112794302102894903e+02
4.698184525778768830e+02
3.571845141694080894e+02
3.929711465443496081e+02
4.004349389525673359e+02
3.669696996589231048e+02
3.602961682679374462e+02
3.759048459902133459e+02
5.661300717811990353e+02
1.209138492781077275e+03
9.095746406256967020e+02
1.710651127066016443e+03
2.604098681412921906e+03
1.948639408671769615e+03
1.813965576560501404e+03
2.483808805901810956e+03
1.499782013407125078e+03
1.752398021106259648e+03
2.096448008202772144e+03
1.794470337384655068e+03
1.609687108238438213e+03
1.656526677659225243e+03
6.463157313390368017e+02
1.569401808378531996e+03
2.166320279769851368e+03
1.701062980813878312e+03
2.256159120871490359e+03
2.653400521574466438e+03
2.411243117331322537e+03
2.731806985635913406e+03
2.185396833837842678e+03
2.593896981191742725e+03
2.771246005381816758e+03
1.668961562792343557e+03
2.153917157880338891e+03
2.331080050844028392e+03
2.129914602456577086e+03
2.514774930000340646e+03
2.618594634174692601e+03
2.882397441065355906e+03
2.413599392616539262e+03
2.952381016650295805e+03
2.954485411428097905e+03
2.035462605506319505e+03
2.199605921056578609e+03
2.706414275914089558e+03
2.557356060037345742e+03
2.064769075339300798e+03
2.618525385204030954e+03
2.971951113601410725e+03
2.708127306573417627e+03
2.523827867658025298e+03
2.993818019164714769e+03
3.244918250312621694e+03
3.156034373710640011e+03
3.220554437411709841e+03
3.226367992684266028e+03
3.299161765860156265e+03
2.932578130679633432e+03
3.334453542373036271e+03
2.724403049293047843e+03
3.361663748171217776e+03
3.322827109922974159e+03
3.180678785337436238e+03
3.333949063041583031e+03
3.393518305830012196e+03
3.390957602859310100e+03
3.290476483300376458e+03
3.072025970893568683e+03
2.803181719616832652e+03
3.334099299754388085e+03
2.583702639445008572e+03
3.345581469050756368e+03
2.561525810074040237e+03
2.625623314679044597e+03
3.203630113882366004e+03
2.858711661525471754e+03
2.888762383251231768e+03
2.888746645252374947e+03
2.604520769572715380e+03
2.320850075219932023e+03
2.688102035573063404e+03
2.747887795136437489e+03
1.315268505781304384e+03
2.556927761662348530e+03
3.000605364909193213e+03
1.886786106554978232e+03
2.064780488913059344e+03
2.354071512343462928e+03
2.285801760746403488e+03
2.853073712173594686e+03
3.135911123944289102e+03
3.478338274464103051e+03
2.681350125104090239e+03
2.263698800562233373e+03
1.947938514521381421e+03
