9.232496314916606162e-01
1.897075557377296917e+01
7.190338569485916764e+01
2.141689756927863186e+02
2.523348941428151306e+02
3.148804539916957879e+02
6.155096577656910313e+02
3.635943089950915805e+02
4.111998493506206387e+02
4.207799840206732256e+02
5.097419178658904571e+02
5.510728018622132822e+02
5.941466459698123117e+02
1.164695054673405593e+03
1.742597538491877003e+03
1.553479350460539990e+03
2.253768798176949531e+03
1.313290303978515567e+03
7.996761459691246046e+02
2.030328068631392625e+03
1.312827409771683278e+03
1.056990455549721219e+03
1.280775654227902351e+03
1.116291202783704648e+03
1.435029887645096778e+03
1.414107830066567885e+03
1.506840346827632402e+03
1.473139817213716469e+03
1.383569285360817503e+03
1.710096603856430647e+03
1.599313301749179573e+03
1.295460634426866363e+03
1.912309996194449923e+03
1.479727588766062127e+03
1.827200188774324033e+03
1.781361688321981319e+03
2.334326292389898299e+03
2.816394810698216133e+03
2.907337016897762624e+03
2.107587309394082240e+03
2.652454745300869490e+03
2.847372822721286411e+03
2.810872901856403132e+03
2.865372461508016386e+03
2.859634037820334015e+03
3.131982417791101852e+03
2.121074140266411177e+03
3.015830938220701682e+03
1.743706934836926621e+03
2.992345054372970026e+03
1.822991811163599778e+03
1.803164508729040335e+03
1.912444875608515304e+03
1.693001104335432728e+03
1.541589329298102484e+03
1.705880309091305435e+03
2.335658174203900671e+03
2.323996345815668519e+03
1.984912317215582107e+03
1.482905700075081995e+03
2.326533809525672950e+03
1.950485373071231152e+03
2.852268836795251445e+03
2.373434362051817061e+03
2.352724807125963707e+03
2.556855908842226199e+03
2.325613778276817357e+03
1.897233358926935807e+03
1.800029998946962678e+03
2.280161109873539772e+03
2.663969022325874903e+03
1.767725702624161613e+03
1.619107462206025502e+03
1.988706682282082738e+03
2.548833522036874456e+03
2.466409726540263819e+03
2.694132974289361755e+03
2.506734620295270361e+03
2.294577927274815465e+03
2.251370957480062771e+03
2.628678438928484411e+03
2.534395873673965070e+03
2.606382421287374200e+03
3.227406741983292704e+03
3.244090708623332375e+03
3.280679170499071915e+03
2.523653135268925325e+03
2.240938109867454841e+03
2.833929877612109976e+03
2.099989307080469644e+03
2.004769862820647631e+03
1.999556877722806121e+03
2.862910330535697994e+03
2.491716261571041741e+03
2.615124595762170884e+03
2.010677408950311928e+03
2.635496366869798749e+03
2.093636553756338344e+03
1.963601760373792331e+03
2.685788458855588942e+03
2.889886800546490122e+03
