5.766515243356637122e+00
1.472374159840651053e+01
1.039513965024582802e+02
1.033492381181948076e+03
1.022125199404146088e+03
1.011449091555024324e+03
2.305056013198388030e+02
3.042713173131263602e+02
6.510720191578618596e+02
5.639077830597145748e+02
1.105400623889503322e+03
9.921272932428579452e+02
1.230728877092969924e+03
8.966746552527141603e+02
4.673362814071085154e+02
3.249615667802466987e+02
3.363433892961537595e+02
5.745506077768210389e+02
3.854423898667374146e+02
3.038008173927485132e+02
2.786660409279796795e+02
4.455279979901952174e+02
3.225248104086705894e+02
1.482315131722446324e+02
2.949036116369019283e+02
4.700971746538053821e+02
3.106339017470032786e+02
5.480291382262737443e+02
2.596049342367643362e+02
2.591023685609781069e+02
2.876494969025159776e+02
4.189013279982272024e+02
1.088263563717913257e+03
4.051454856395659476e+02
1.211347543896704792e+03
3.864863000061794196e+02
5.516674371237401147e+02
5.693693257356605955e+02
2.962274411417632081e+01
4.645479138617769195e+02
5.712143576842728407e+02
4.935059875869561665e+02
1.128562204489856185e+03
1.681425942178134164e+03
8.538848062066632565e+02
1.064944886862017484e+03
1.283618401290700604e+03
1.760496259424895925e+03
2.705576644585260965e+03
2.051452635472702696e+03
2.282500168726333868e+03
2.733505040059874773e+03
2.474118090715580365e+03
2.527094993248644641e+03
2.687853359565144274e+03
2.530842161774569831e+03
2.587377366264018747e+03
2.609581481858213920e+03
2.406919572333347332e+03
2.648161790800382278e+03
2.214440859077568803e+03
2.472840652046369087e+03
2.721211570971009678e+03
2.503892032111966728e+03
2.575259115661252508e+03
2.669663599581001108e+03
2.854759763007256879e+03
2.804951351586023520e+03
2.775589646804176937e+03
2.963395107022720367e+03
3.005584207807839903e+03
2.799105005419102326e+03
3.094566385953104600e+03
2.947223822427476080e+03
2.612758150639443556e+03
1.947464308794653334e+03
2.216344157173756230e+03
2.605653125935692515e+03
1.567062757007883647e+03
2.401611945586581896e+03
2.590096044147986959e+03
2.750116904168484325e+03
2.572497081287768196e+03
2.897169307561790447e+03
2.741627779110851407e+03
3.004406246131372427e+03
2.905901786133386395e+03
2.991638376934721691e+03
2.887806655822379980e+03
2.790156272374341825e+03
2.988352824951732600e+03
2.943390797319992089e+03
2.881983472915887432e+03
2.908002130136973392e+03
1.573528130316518400e+03
2.752539226788919677e+03
2.966192148463921512e+03
2.504121334408674556e+03
2.518248956163968160e+03
3.052237923157486421e+03
2.917170406117726543e+03
