1.982704157436395676e+01
1.887040775121420921e+01
9.368900625175891150e+01
2.365914998281555768e+02
2.557062194773326098e+02
2.294327493028188201e+02
2.291243904435001184e+02
2.514989709905509585e+02
2.960557256582507648e+02
2.876338401982906134e+02
3.247891548853329482e+02
3.442583300076936439e+02
3.592327585377275341e+02
3.412126212092240394e+02
3.914274722208037360e+02
3.222200979041157325e+02
4.066841696619570143e+02
7.889672866311900634e+02
2.552962465619791033e+02
8.878194843829885485e+02
9.079215680097282757e+02
1.002907292567513309e+03
8.949128129676898880e+02
9.795004922582063500e+02
1.111066175460289969e+03
1.564455944317827289e+03
2.675291082173847371e+03
1.883454035266856636e+03
1.330263906039944004e+03
2.289399180057831927e+03
1.465395097961581087e+03
2.090998301474307482e+03
2.000921304968671393e+03
1.118426800237005409e+03
1.031175725830249121e+03
1.901749758520727028e+03
2.433878257746356212e+03
2.099204823458658666e+03
2.012707733151372395e+03
2.783006896329482970e+03
3.296744257876508527e+03
3.287483862830501494e+03
3.106940884023182207e+03
2.860131697597589664e+03
3.161488344516845700e+03
3.225937704925864637e+03
2.931509854535494924e+03
2.809819984469835163e+03
3.283393740657412764e+03
2.258089509061973331e+03
2.453578835685068498e+03
1.443662880868881984e+03
2.505181588866282254e+03
2.558374755994504994e+03
2.659326440306018867e+03
3.018565724528023111e+03
3.489720553437825401e+03
3.431673287735487975e+03
3.360370768830503039e+03
3.500335847555750661e+03
3.502329619941357578e+03
3.513823922883834257e+03
3.463627138031623872e+03
3.488766853894942415e+03
3.107893308395567146e+03
3.468414120707725488e+03
3.422476820764785316e+03
3.226535472814291097e+03
3.234362655882289801e+03
3.331969231345667595e+03
3.225241385186493972e+03
3.470643178082062605e+03
3.427107980483468509e+03
3.320250851831206091e+03
3.473503569245462131e+03
3.431084482364608448e+03
2.824030500382517857e+03
2.702333192185138614e+03
2.986840245435148518e+03
3.095153586674731287e+03
3.488968408451985852e+03
3.477824472898604199e+03
3.134992582117210986e+03
3.286979076518380225e+03
3.300432219256299049e+03
3.005857574726827806e+03
3.324316534084183331e+03
3.515429741981100051e+03
3.495345599284586115e+03
3.489893320451080399e+03
3.435234822571880613e+03
2.875040160093352370e+03
3.312157218272709088e+03
3.472036600443781936e+03
3.395773020845456813e+03
3.519888159153066226e+03
3.336026875985033257e+03
2.600073070178688340e+03
2.535296489698891037e+03
2.152493859481161962e+03
2.712074009924594975e+03
